Title: B. mixtus workers (2022) 
BT10 
BTMS0104 
BTMS0057 
BTMS0086 
BTMS0066 
BTMS0062 
BTMS0136 
BTERN01 
BTMS0126 
BTMS0059 
BL13 
BTMS0083 
B126 
Pop 
E_ED10_20A_01, 134140 266266 126130 274277 137146 243243 174186 111113 167179 350350 170174 276276 145147 
E_ED10_21A_08, 142144 266266 124130 274274 137140 251259 172176 109113 167169 350350 166176 276278 145147 
E_ED10_29_06, 134144 266266 122124 274274 146182 241255 182184 111000 169171 350350 168172 280296 147149 
E_ED1_20_01, 128132 266266 124128 274277 146149 241241 166178 111111 171171 350354 170170 268270 147147 
E_ED1_32_01, 134134 266268 124128 274277 134146 237257 168168 111111 169177 350350 170176 276300 145147 
E_ED2_16_01, 134144 266266 122126 274274 140146 247253 182186 107113 173179 350350 170176 270282 145147 
E_ED2_28_03, 132144 266268 116126 277277 140146 241255 162176 113113 179181 350350 168180 276282 147147 
E_ED3_01_03, 136140 266268 126126 277277 140143 247261 176178 111113 175179 350354 172172 278282 147147 
E_ED3_06_01, 132132 266266 126128 274274 140146 243243 176188 107109 167169 350350 168172 278290 145147 
E_ED3_20A_04, 134144 266268 124126 277277 137146 239255 162166 111113 169173 350350 172174 270278 147147 
E_ED3_21A_01, 134140 266266 124128 274274 140146 243251 186186 111115 171173 350350 172190 280000 147147 
E_ED3_25B_02, 134140 266268 124128 274274 146146 229257 172174 109111 167177 350350 170176 280296 145147 
E_ED3_27_01, 134134 266266 130130 274274 140140 243251 176180 111111 167189 350354 168174 280280 109145 
E_ED3_27_02, 138160 266266 124128 274277 140146 235243 168180 111115 167169 350350 172178 278280 145147 
E_ED3_27_05, 132150 266268 124126 277277 134134 241243 174176 111111 167167 350350 170176 278286 147147 
E_ED3_28_01, 128134 266268 122124 274277 143149 235241 170182 109109 167169 350350 164178 276278 145147 
E_ED3_31_02, 138140 266266 124130 274277 140140 235241 176178 109111 189189 350350 172172 276294 145145 
E_ED4_10_02, 132138 266266 126128 274274 143146 241247 170186 111000 169171 350354 168170 270300 145145 
E_ED4_10_04, 134142 266266 124130 274274 146146 231235 170186 113119 173189 350350 168172 276278 145145 
E_ED4_10_05, 130134 266266 128130 277277 140146 241247 170184 107115 167167 350350 170170 280284 145149 
E_ED4_10_06, 132136 266266 130130 274277 146146 235243 168172 113115 167173 350354 170172 276280 147147 
E_ED4_10_08, 140160 266266 126128 274277 146146 247255 180186 115115 169175 350350 170172 276284 147147 
E_ED4_13_03, 130132 266266 122128 274277 140146 241257 168180 111111 169169 350354 170170 268274 147147 
E_ED4_17_01, 134144 266266 122128 274277 146146 241241 180194 107109 167181 350350 168168 268274 145147 
E_ED5_06_01, 138144 266266 124124 274277 143146 243255 166180 109113 169175 350350 172000 276280 147147 
E_ED5_07_01, 132144 266266 124132 274277 140143 243251 174174 109115 167167 350350 170170 270276 145145 
E_ED5_09_01, 138144 266266 122128 274277 140155 241255 172178 105113 169169 350350 168176 272284 145147 
E_ED5_10_01, 132142 266266 128130 274277 140146 235241 174188 111111 167169 350350 168172 280280 145147 
E_ED5_10_03, 136142 268268 122130 274274 146149 243253 182190 109111 171181 350354 168170 276298 147147 
E_ED5_10_04, 130138 266266 126126 274277 134140 247255 162182 111111 169171 350354 168172 276282 147147 
E_ED5_10_06, 136138 266266 122124 277277 146146 249255 180184 111111 167169 350350 168170 276292 145147 
E_ED5_11_01, 128134 266266 126130 274274 140146 243243 168172 109109 163173 350354 168172 278292 145147 
E_ED5_12_01, 134138 266266 122130 274274 140149 235269 168178 111111 169171 350350 168174 268270 145151 
E_ED5_13_02, 128150 266266 126130 274277 140146 241243 168176 111115 167169 350350 172172 278280 145145 
E_ED5_13_03, 136144 266266 126128 274277 134146 243259 174178 000000 169169 354354 168174 280294 147147 
E_ED5_14_02, 134136 266266 126128 274277 134146 235241 166180 111113 169169 350350 168172 276276 145147 
E_ED5_15_02, 132132 266266 126132 277277 143146 231251 172174 109113 169185 350350 168172 268282 147147 
E_ED5_15_03, 140144 266266 128130 274277 143152 243253 172182 113113 167169 350350 170176 270280 145147 
E_ED5_25A_01, 132140 266268 122128 274274 119146 241243 172186 115115 167169 350350 174180 278292 145147 
E_ED5_25A_02, 132138 266266 126130 274277 140143 251253 178180 109113 173193 350354 170170 268276 145145 
E_ED5_25A_03, 132134 266266 124126 274274 146146 243255 176178 107113 169195 350350 170000 278280 147147 
E_ED5_25A_04, 134142 266266 116130 274277 119140 241257 160178 113113 169171 350350 170172 272276 147151 
E_ED6_02_02, 138138 266268 124124 274274 119134 239259 170174 113113 169187 350350 168170 268268 145149 
E_ED6_06_02, 128134 266266 126130 277277 140140 241261 172184 111111 169171 350350 170170 270270 145145 
E_ED6_06_03, 136138 266266 124126 274277 146146 229229 178180 109111 169169 350354 170170 280288 147147 
E_ED6_07_02, 128134 266266 124130 274274 146146 255255 178184 109113 167181 350350 168176 270298 147147 
E_ED6_09_04, 128128 266268 128128 274277 134140 251257 164170 111113 167169 350350 170170 276298 145147 
E_ED6_10_01, 138144 266266 126128 274274 134140 235251 178188 111111 175187 350354 170172 276280 147147 
E_ED6_13_03, 140160 266266 128130 274274 134146 239241 164168 109111 167177 350350 172172 268284 145147 
E_ED6_13_07, 132132 266268 128130 274277 119140 241247 184188 113113 167173 350350 170178 268282 145147 
E_ED6_13_12, 134144 266268 122126 274274 140146 235243 176188 111113 173175 350354 172180 270270 145147 
E_ED6_13_13, 130134 266268 126128 274277 146146 231269 166174 105111 167175 350350 170176 276280 147147 
E_ED6_13_17, 132144 266266 124126 274274 140146 241257 174184 105111 167173 350350 174176 276280 147147 
E_ED6_13_24, 134138 266268 122122 274277 134146 231243 166176 105113 169175 350350 168172 272276 147147 
E_ED6_14_01, 136144 266266 126126 274277 143146 243247 170172 111115 165169 350350 172188 276292 145147 
E_ED6_14_02, 134152 266266 124126 274277 140149 239249 174178 111111 167173 350354 170190 270276 145147 
E_ED6_22A_01, 132146 266268 124124 274274 146149 237257 168174 109111 167167 350350 176176 276290 147147 
E_ED6_22A_03, 134134 266268 124128 274277 140146 235247 180182 111000 165171 350354 170174 268276 147147 
E_ED6_22A_04, 132138 266268 124130 274277 119143 235245 168176 111111 167169 350350 172174 270276 145147 
E_ED6_22A_05, 134134 266268 122124 274277 140146 243255 172180 111113 169177 350350 172000 268290 147149 
E_ED6_22A_06, 136150 266266 128128 274274 146152 239257 182182 107109 169171 350350 170176 268272 145147 
E_ED6_22B_02, 134134 266266 128130 274277 146149 241243 172178 109109 167169 350354 168170 276280 147147 
E_ED6_26A_01, 136142 266268 126126 274274 143146 251269 176184 109109 169185 350350 166170 276276 145147 
E_ED6_27A_04, 128138 266268 126126 274274 134143 243271 172178 111115 167169 350350 168172 280280 145147 
E_ED6_27A_05, 132134 266266 122128 274274 143146 231243 178182 111113 167173 350350 176178 276280 145147 
E_ED6_28A_02, 128134 266268 124128 277277 146146 241241 168172 111113 169171 350350 170176 280298 145145 
E_ED6_28A_05, 134136 266266 126126 274277 143152 243267 168178 111111 169177 350350 168174 278280 147149 
E_ED6_28A_07, 132168 266268 122128 274277 140146 235243 172174 111113 169169 350350 168170 268268 147147 
E_ED7_02_01, 130134 266266 126130 274277 140143 241243 176184 111111 187187 000000 166170 276276 145147 
E_ED7_06_02, 136136 266268 124128 274277 137137 235241 178178 111111 167175 350350 168172 278280 145147 
E_ED7_06_03, 128134 266268 124130 274274 146161 243251 162174 109113 169169 350350 168168 276282 145147 
E_ED7_06_05, 134142 266268 126130 274277 140146 243243 170176 107111 175179 350350 172176 276280 145147 
E_ED7_09_01, 132138 266266 124126 274277 140146 253259 172174 111111 169187 000000 170174 276298 145147 
E_ED7_10_01, 138144 266268 124126 274274 146146 243271 166188 115000 169177 350350 172192 268294 147147 
E_ED7_19A_14, 134146 266266 126132 274274 140158 241249 162188 109113 175189 350350 172178 276280 145147 
E_ED7_20A_01, 132140 266268 122126 274277 146152 241257 174182 113113 169171 350350 168174 280280 145147 
E_ED7_20A_04, 132134 266266 122124 274277 137143 243247 170186 109109 167175 350350 170174 268280 145149 
E_ED7_21A_02, 132144 266266 126130 274277 140146 239239 180190 111113 173187 350350 172174 274280 147147 
E_ED7_22B_03, 138138 266266 130130 274274 119143 241255 174184 000000 171187 350350 158182 280296 147147 
E_ED7_24A_02, 134144 266266 124126 274277 137140 243243 174178 113113 171173 350350 168172 268280 145147 
E_ED8_06_02, 138156 266266 128130 277277 131140 235241 178192 107113 171187 350350 176188 268268 145149 
E_ED8_06_03, 140142 266268 124132 274277 134140 231253 166176 111113 167169 350350 172178 268276 147147 
E_ED8_06_04, 140140 266266 122128 274274 140146 241245 166168 109000 169173 350350 168172 278280 145147 
E_ED8_15_01, 134134 266266 124126 274277 146146 243243 168170 111111 171173 350350 168172 288298 145149 
E_ED8_22B_03, 138148 266266 130130 274277 143146 243251 172174 111113 167187 350354 170174 274276 145147 
E_ED8_25A_02, 132134 266266 122124 274274 140140 247259 170178 107111 167171 350354 170188 272278 147147 
E_ED8_25A_03, 132132 266266 124124 274277 143146 241241 170190 107111 167169 350350 176180 276280 145147 
E_ED9_17_01, 132138 266266 122124 274274 143146 239251 176190 113113 171173 350350 170190 278288 147151 
E_ED9_19A_01, 128136 266266 122122 274274 140152 243259 176186 107111 169169 350350 168176 276276 147147 
E_ED9_20A_02, 134138 266266 126128 274277 140146 243247 180182 111111 175179 350354 168170 270276 145147 
E_ED9_20A_06, 134138 266266 124132 274277 140146 243255 170172 109111 171177 350354 168000 278280 147147 
E_ED9_21A_08, 132140 266268 122130 274274 134149 241253 174188 111113 169169 350350 172176 270302 147147 
E_ED9_29_01, 134138 266266 126128 277277 146146 235269 184186 111111 169169 350350 168174 268280 147147 
Pop 
W_W10_05_02, 134138 266266 124128 274277 146149 245249 172194 107111 169179 350350 170174 276288 145147 
W_W10_05_03, 140146 266266 122124 274277 143143 235241 168182 109109 169173 350350 170170 268276 147147 
W_W10_05_05, 134146 266266 128128 274277 134146 243255 182184 111000 167173 350350 170170 268278 147147 
W_W10_10_02, 132134 266268 128132 274274 119146 243255 176178 111111 167181 350354 172172 276280 145145 
W_W10_11_01, 132134 266266 128128 274274 146146 259273 178180 107109 167171 350350 172172 280296 145149 
W_W10_13_01, 134144 266268 122126 274277 143152 251255 166176 109115 169187 350350 168172 268276 147147 
W_W10_15_01, 144144 266266 124132 277277 143146 241249 178184 109113 167169 350350 172172 278280 145147 
W_W10_16_03, 134136 266266 124128 274277 134134 241243 178178 105111 165167 350350 170172 268280 145147 
W_W10_18_01, 134142 266266 122124 277277 143146 241259 174182 109111 167167 350350 172172 276280 147147 
W_W10_18_02, 138142 266268 124128 277277 134146 241241 168170 113113 171175 350350 170170 268276 147147 
W_W10_23A_01, 134138 266266 122124 274277 146146 243247 172176 107111 169171 350350 172174 278284 145147 
W_W10_25_01, 144146 266266 116124 274277 143146 241243 166174 111000 167171 350350 168172 278278 145145 
W_W10_30_02, 134138 266266 116126 274277 143143 241247 174188 107111 169169 350350 168170 274284 147147 
W_W1_05_02, 144144 266266 126128 274274 146152 235251 180186 111111 167175 350350 170176 276294 147147 
W_W1_11_01, 132138 266266 130132 274277 143155 241249 176192 109111 167169 350350 168184 276276 147147 
W_W1_15A_01, 134144 266266 126126 274274 134140 241243 174184 111113 167193 350350 170172 280284 145147 
W_W1_19_01, 132134 266266 128130 277277 137140 241251 180186 109109 177187 350350 168176 278280 145147 
W_W1_29_01, 134142 266266 124126 265274 146155 235241 174178 113113 169171 350350 168174 276280 145147 
W_W1_30_01, 138144 266266 126128 274277 143146 241241 188188 107113 167169 350350 170174 274280 145147 
W_W2_13_01, 136144 266266 126136 274274 143146 243245 176190 107111 169177 350350 170172 268272 147149 
W_W2_13_02, 132146 266266 122132 274274 134140 243259 154174 109000 169169 350350 168168 272276 147147 
W_W2_19_01, 132140 266266 128130 274274 143155 241241 166176 111113 169171 350350 174176 274280 145147 
W_W2_26_02, 138138 266266 132132 274274 146146 235235 174174 111111 167167 350350 172172 276276 145145 
W_W2_28_01, 132132 266266 124124 274274 152152 241241 166166 113113 169169 350350 180180 276276 147147 
W_W2_28_02, 134144 266266 126128 274277 140146 251255 168178 111000 169171 350350 166174 280294 145147 
W_W2_28_03, 140140 266266 130130 277277 146146 263263 182182 107107 171171 350350 170170 280280 145145 
W_W2_33_01, 134152 266266 122124 274274 146182 239241 176176 109111 169171 350354 170172 268268 147147 
W_W3_05_01, 130138 266266 124126 274274 134146 241267 174180 111113 167171 350350 170172 268276 145147 
W_W3_05_04, 132134 266268 124126 274274 140152 241253 170174 109113 169169 350350 176176 268276 147147 
W_W3_05_05, 128144 266266 124128 274277 143143 243243 170180 111111 169181 350354 172178 276280 145147 
W_W3_05_06, 132142 266266 122126 274274 140155 231239 174182 111111 163169 350350 174176 268284 145145 
W_W3_05_08, 130136 266268 124128 274274 140146 241255 170178 109111 167169 350350 172176 276278 145147 
W_W3_09_01, 132138 266266 124130 274274 134146 241241 170184 107111 167167 350350 172172 276286 147151 
W_W3_09_02, 134134 266268 126126 274277 140146 243255 180182 111000 167169 350350 168172 270280 145147 
W_W3_18_07, 134136 266266 126128 274277 143143 241243 176180 111113 171185 350350 168170 276294 145145 
W_W3_22_05, 128138 266266 122130 277277 140146 235247 154168 107000 169187 350354 168176 276280 147147 
W_W3_25_01, 134136 266266 122128 274277 134146 243247 168170 111111 167171 350354 168172 280298 147147 
W_W3_26_01, 134142 266268 124124 274277 143146 233235 166186 113113 167169 350350 172178 270294 145147 
W_W3_35_02, 132144 266266 128132 274274 146146 249255 170182 113113 165169 350350 172174 276280 147147 
W_W3_35_04, 134138 266266 122130 277277 134140 245259 172192 113113 167177 350350 168176 268276 147147 
W_W3_36_01, 132132 266266 128132 274277 146167 255259 174186 111111 167167 350350 172190 276278 145147 
W_W4_11_01, 140144 266268 126130 274274 143146 243257 168192 111111 167167 350350 168174 272276 145147 
W_W4_18A_15, 134142 266268 126130 274277 146146 249269 172176 105111 167171 350354 168172 280280 147147 
W_W4_24_02, 132144 266266 124128 274277 146149 243255 186186 107107 169173 350350 170174 294298 147147 
W_W4_25_02, 130136 266268 124132 274274 134140 235243 170178 000000 169173 350350 168172 272280 145147 
W_W4_26_01, 140142 266266 126128 274274 146149 243243 180192 113113 167169 350350 168170 276280 147147 
W_W4_26_02, 132134 266266 128128 274277 119143 241259 182184 111111 169179 346350 172176 276286 147147 
W_W4_26_03, 132144 266268 128130 274277 134146 249261 170186 107109 169171 350350 170176 276276 145147 
W_W4_30_03, 134146 266266 122128 274274 131140 243253 168182 111113 169173 350350 170170 276284 145147 
W_W4_30_04, 134136 266266 124126 274277 134134 241243 176180 109109 167169 350350 174000 282302 147147 
W_W4_31_01, 138144 266266 128128 274274 140146 241243 180188 111111 165167 350350 168172 276276 147147 
W_W4_32_01, 136150 266268 122124 274277 143155 241257 182184 109111 169169 350350 172176 276280 147147 
W_W4_36_02, 128134 266268 124124 274277 143146 239241 180180 113113 169171 350350 176176 274276 145147 
W_W4_36_07, 138140 266266 124124 274277 113170 235249 174180 111111 167167 350354 170174 276282 145147 
W_W4_40_02, 132132 266266 126128 274274 146155 241243 170180 111111 167187 350350 170170 276278 145147 
W_W4_40_03, 132140 266266 124126 274277 143146 241259 174182 111111 177187 350350 170172 278284 145149 
W_W5_09_01, 128138 266268 122124 274274 146146 241247 170186 109109 169173 350350 172176 280292 145147 
W_W5_12_02, 132134 266266 124132 274274 146146 243247 174174 113113 167177 350350 178214 268280 145147 
W_W5_13_01, 134140 266266 122126 274277 143158 251255 176190 105109 169169 350350 172176 276280 147147 
W_W5_13_02, 136144 266268 126130 274277 146146 235241 176188 111111 169171 350350 172174 280280 147147 
W_W5_18_02, 132134 266266 126132 274277 140146 235241 168182 109111 163169 350350 166174 268280 147147 
W_W5_23A_01, 132142 266266 130130 277277 146146 249255 168178 111113 167173 350350 170174 274280 147147 
W_W5_26_01, 132140 266266 124128 274277 140146 235243 176178 109113 171173 350350 170174 268280 145147 
W_W5_29_01, 132134 266268 126126 277277 146155 243255 170174 111113 167167 350350 170172 278294 147147 
W_W5_29_03, 132134 266266 126130 274277 140146 241241 162182 111111 169177 350350 168170 280302 145147 
W_W5_40_01, 134134 266266 124126 274274 146146 241261 168180 109111 169169 350350 170172 276280 145145 
W_W6_05_01, 138144 266266 130132 274277 146146 241243 174174 111111 167167 350350 168172 280286 147147 
W_W6_08_02, 132142 266266 124128 277277 146146 235235 174174 109111 169169 350350 168178 278280 145147 
W_W6_11_01, 134138 266266 130130 274277 140146 239245 168178 111111 167173 350354 168170 268282 145147 
W_W6_11_02, 132160 266266 122128 274277 119146 235255 172178 111113 171179 350350 172182 274276 145147 
W_W6_11_03, 128132 266266 122124 274277 140140 255257 170178 111111 167169 350350 172176 276276 147147 
W_W6_13_03, 136152 266268 122124 274277 143146 243247 174176 107111 169175 350350 172174 276276 147147 
W_W6_13_04, 134140 266268 124124 274277 134140 241243 178186 107111 167169 350354 172192 280294 147147 
W_W6_17_02, 136136 266266 124130 274274 140146 231251 180182 111111 165167 350350 174192 272280 145147 
W_W6_18_02, 132140 266266 126130 274277 125140 235241 176178 109109 167171 350354 172174 278280 145145 
W_W6_18_03, 140144 266266 124128 274274 146149 235255 182182 111113 167171 350350 170172 268276 147147 
W_W6_18_05, 132136 266268 122124 274274 146146 243257 176182 111113 169179 350350 168174 276278 145147 
W_W6_22A_01, 134136 266268 122126 274274 143149 251253 166178 111111 167169 342350 174176 278280 145147 
W_W6_24_01, 144144 266266 126128 274277 134146 243243 176180 109113 169187 350350 170170 276280 145145 
W_W6_36_07, 140142 266266 124126 274277 146155 243257 172178 111000 175175 350354 170174 276276 145145 
W_W6_40_02, 132134 266266 126128 274274 143161 241255 168184 109117 171171 350350 172172 268280 147149 
W_W7_02_01, 134136 266266 124126 274274 146146 243243 172186 111111 171173 350350 174176 268276 147147 
W_W7_02_02, 132146 266268 124128 274277 152158 243251 166184 111113 175187 350350 170172 276276 147147 
W_W7_02_03, 138142 266266 126132 274274 146158 241253 168186 109113 167169 350354 172178 278280 147149 
W_W7_02_04, 132142 266266 122126 274274 134146 241253 170178 109111 167173 350354 168168 276276 147147 
W_W7_02_05, 132138 266268 126128 274274 137146 000000 164168 113113 171175 350354 172172 268270 147147 
W_W7_08_01, 142144 266266 124128 274274 137143 241241 170176 109109 167169 350350 170000 270276 147147 
W_W7_09_01, 132134 266266 128130 274274 113143 241255 176182 107111 169169 350354 168170 276278 145147 
W_W7_16_03, 134134 266266 126128 274274 146161 241243 182188 111111 167185 350354 170172 280280 145147 
W_W7_16_04, 134142 266268 126132 274277 137140 247257 180182 111111 189189 350350 174214 268280 147147 
W_W7_18_03, 132134 266268 124126 274274 143146 235239 174184 105113 167171 350350 172176 280302 147147 
W_W7_18_06, 132132 266266 122124 274274 125146 243251 174178 109000 167167 350350 170178 268272 147147 
W_W7_24_04, 134134 266266 126126 274277 140146 247247 184192 109113 171171 350350 170172 282290 145147 
W_W7_25_02, 132144 266266 124124 274277 146149 241257 170188 111113 169185 350350 170172 268276 145147 
W_W7_35_01, 138138 266266 126128 274274 140140 241253 172182 105111 169177 350350 174176 276296 145147 
W_W8_01_01, 138142 266268 128130 277277 140146 235243 180180 113113 169177 350350 168168 280290 145147 
W_W8_09_01, 132144 266268 124126 277277 119134 243245 170172 109000 167169 346350 170176 276280 147147 
W_W8_10_01, 132142 266266 126128 274277 134176 241243 180182 111113 169175 350354 170172 268294 147147 
W_W8_10_02, 132138 266268 124128 274274 119152 241255 178180 111111 169179 350350 168176 276276 145147 
W_W8_12_01, 132140 266268 128132 274274 140143 241259 176180 111111 169175 350350 172180 276276 147147 
W_W8_17_02, 132142 266268 124124 277277 146146 247247 176182 109109 173179 350350 170170 276280 145147 
W_W8_18_02, 128134 266268 122124 274274 143155 243259 172174 115000 169177 350362 168168 276280 145145 
W_W8_18_03, 134144 266266 128136 274277 140140 243257 172176 000000 173173 350350 170172 276280 145147 
W_W8_18_05, 132140 266266 122122 274277 140158 235241 180184 111111 165167 350350 176176 278290 147147 
W_W8_18_06, 134134 266268 126130 274277 146146 257259 172176 111111 173173 350350 170176 274280 147147 
W_W8_18_07, 132132 266268 126130 274277 134146 235251 172190 109109 177177 350350 168170 276276 147147 
W_W8_18_09, 134138 266266 124130 277277 140149 247249 162184 111117 167167 350350 176176 268276 147147 
W_W8_18_10, 134134 266268 126130 274277 134140 241259 168178 105109 171173 350350 172174 280280 145147 
W_W8_24_04, 132134 266266 126126 274277 134149 241243 180192 111111 167181 350350 168170 270274 145145 
W_W8_25_01, 132134 266268 126128 277277 143155 243247 170182 109111 167169 350350 172176 280294 145147 
W_W9_10_01, 134138 266266 126132 274274 137140 247251 172176 115115 167175 350350 180214 270280 147147 
W_W9_10_02, 132140 266266 126130 274274 134146 247249 172174 109113 171171 350350 170172 276276 147149 
W_W9_10_03, 134138 266266 126132 274274 149155 241241 170196 111113 167167 350350 170172 276276 147147 
W_W9_11_01, 128134 266268 124124 274274 146155 243249 176186 113113 167177 350350 158180 276282 145147 
W_W9_11_02, 144146 266266 124132 274274 134146 229241 168188 109111 171187 350350 178178 270288 145147 
W_W9_12_02, 134140 266268 124132 277277 137140 251251 174184 105115 169169 350350 170178 276276 145147 
W_W9_17_01, 132138 266266 124128 274277 140146 241251 172178 111115 167167 350350 168176 286288 145147 
W_W9_17_03, 134140 266268 122128 274274 134140 241259 170178 111115 167177 350350 170170 276284 145147 
W_W9_18_02, 134134 266266 124124 274274 146149 235247 182190 109109 169173 350350 166172 276280 147147 
W_W9_18_05, 134134 266266 128132 274274 125143 241251 178184 111113 167167 350354 168178 272278 147147 
W_W9_18_06, 142142 266266 126126 274274 143149 249257 180192 109111 169175 350350 172172 276294 145145 
W_W9_19_01, 138140 266268 124132 274274 140152 243257 168180 111111 171173 350350 180180 276280 145145 
W_W9_20_01, 132142 266268 128128 274274 143146 235247 176182 113115 169169 350354 176176 268280 147147 
W_W9_20_02, 132136 266266 122126 277277 134146 241255 180184 111000 167171 350354 170172 276280 147147 
W_W9_21_01, 132134 266266 126130 274274 137140 235257 168170 111111 171171 350350 168174 276276 145145 
W_W9_21_02, 132134 266266 126126 274274 143146 249255 176186 111111 169171 350350 172176 278280 145147 
W_W9_22A_02, 136144 266268 122124 274274 143146 241251 168180 111111 177187 350354 168170 276276 147147 
W_W9_22A_03, 132134 266266 126128 274277 134146 241251 174180 109109 169177 350354 170170 268278 147147 
W_W9_23A_01, 128138 266266 126130 274274 140146 243243 166174 113113 171171 350350 172176 268270 147147 
W_W9_23A_03, 132134 266266 124130 274274 146155 235255 170174 111113 167173 350350 170172 278280 145147 
W_W9_23A_05, 132134 266266 124128 274274 134146 235253 170182 111113 169171 350350 172178 276302 145147 
W_W9_25_03, 134138 266268 128130 274274 143146 251269 174182 111111 167193 350350 172176 288300 147147 
W_W9_30_01, 134142 266266 124126 274274 146158 241241 174190 111113 171193 350350 166176 268282 145147 
Pop 
S_SD10_08_01, 144144 266266 126126 274274 140146 255255 176178 113113 167171 350350 172182 278302 147147 
S_SD10_09_01, 132142 266266 124124 274274 140155 243251 154174 111111 169171 350350 170176 276280 145145 
S_SD10_09_02, 132134 266268 122130 274274 134146 243247 162172 107115 169171 350354 170174 268280 145147 
S_SD10_18A_01, 134142 266268 128128 274274 146149 241269 170172 109111 171173 350350 168172 278296 145147 
S_SD10_24_02, 134140 266266 126130 274274 134146 241245 184186 107111 165169 350350 170170 274276 147149 
S_SD10_39_02, 132138 266266 128130 277277 134140 235239 180182 111113 167169 350350 170170 272280 145147 
S_SD10_40_01, 134136 266266 126128 274274 146164 243247 172182 113115 167181 350354 168170 268282 145147 
S_SD10_40_02, 134134 266266 128130 274274 140146 255255 168174 111113 173173 350350 170170 276276 147147 
S_SD2_01_01, 144144 266266 124130 274274 134146 241255 168174 111111 167175 350350 176000 274282 145147 
S_SD2_13_01, 134134 266266 124124 274274 146146 241241 178178 109109 171171 350350 198198 280280 147147 
S_SD2_31_01, 132160 266266 124130 277277 146149 239243 174180 111113 187197 350350 170172 274276 147149 
S_SD2_39_02, 144144 268268 132132 277277 146146 263263 176176 111111 167167 350350 170170 298298 145145 
S_SD2_40_01, 132144 266266 126126 274277 146161 241253 174180 109113 163191 350350 170170 276280 145145 
S_SD2_40_04, 134136 266266 126130 274274 137143 243255 168168 111111 171175 354354 168172 276276 145145 
S_SD2_40_08, 138142 266266 122130 274277 140146 243257 176182 111111 173185 350354 172174 270278 145147 
S_SD3_04_01, 134150 266268 126128 274274 134146 241255 160184 107109 169173 350350 170176 276292 145147 
S_SD3_26_01, 130148 266266 122128 274277 146152 247255 172176 111113 167177 350350 170170 268280 147147 
S_SD3_26_04, 142160 266266 124126 274274 146161 241243 168188 111111 169169 350350 174000 268280 147147 
S_SD3_26_05, 132136 266266 124130 274277 140146 235243 176184 103111 171175 350350 172176 276280 147147 
S_SD3_26_06, 138140 266266 126128 274277 125146 243247 168190 111111 169177 350350 166172 276296 147147 
S_SD3_30_01, 132136 266268 124126 274277 140140 243259 184192 111113 165177 350350 170178 268276 147147 
S_SD3_30_02, 136138 266266 116122 274277 140146 243273 178190 115115 171179 350350 168176 290292 147149 
S_SD3_36_02, 134144 266266 122128 274277 137140 243245 178180 109115 169169 350350 168170 276280 145147 
S_SD3_36_03, 136150 266268 130130 274274 134140 247249 176178 111111 169171 350350 182182 276278 145147 
S_SD3_39_01, 134136 266268 126130 274274 146149 247249 172174 000000 169171 350350 172178 280284 147147 
S_SD3_39_02, 132140 266266 122128 274274 146146 247269 176178 109111 167167 350350 176190 288294 145147 
S_SD3_39_05, 134142 266266 126126 274277 146146 243257 174192 111113 165169 350350 172172 280290 145147 
S_SD3_39_19, 142144 266268 126130 274277 140146 243247 162172 000000 169169 350350 168170 276280 145145 
S_SD3_39_34, 134134 266266 116130 274274 158167 243255 178182 113113 169169 350350 170176 268280 147147 
S_SD3_39_37, 128138 266266 124130 274274 119155 241241 166176 109109 169173 350350 172182 280280 109147 
S_SD3_40_02, 134136 268268 128130 274274 140146 241269 172190 109111 169171 350350 170172 270284 145145 
S_SD3_40_04, 132140 266266 124130 274274 143146 247255 164174 107111 165173 350354 170172 274298 145145 
S_SD3_40_12, 132142 266266 122124 274274 146161 241241 176180 109115 163173 350350 176190 276278 147147 
S_SD4_25_01, 132140 268268 122122 274277 134146 243247 174180 111113 167167 350350 174180 274280 147147 
S_SD4_25_03, 132142 266266 126132 274274 146146 239247 182182 111115 167171 350354 168178 278284 145147 
S_SD4_26_01, 144146 266268 126130 274274 134149 243251 176180 111113 171175 350354 172172 280280 145147 
S_SD4_27_01, 132138 266266 126130 274277 137137 241251 174184 111115 169169 350350 170174 272278 145145 
S_SD4_27_02, 136140 266266 124126 274274 146146 243243 182182 105113 167177 350350 170170 280280 145149 
S_SD4_27_03, 132138 266266 122130 274277 137146 235255 172180 113113 181181 350350 168170 274280 145147 
S_SD4_27_04, 138144 266266 128132 274274 134146 241243 184184 109113 167169 350350 168188 268282 145147 
S_SD4_27_05, 138138 266266 122130 274277 140146 241251 166180 107113 175187 350350 170170 268280 145149 
S_SD4_40_05, 128148 266266 124128 274277 143146 241247 168178 111111 169173 350350 172176 276280 145147 
S_SD5_19_01, 134138 266268 126132 274274 146146 243243 172188 111111 169171 350350 174214 268276 147147 
S_SD6_06_01, 138144 266266 128128 277277 146149 247259 176180 107117 169179 350350 170176 278278 145147 
S_SD6_15_01, 132134 266268 122126 274274 140146 247271 180182 111113 169171 350350 170172 280282 145147 
S_SD6_24_04, 132140 266266 124126 274274 137152 239251 180192 111111 163169 350350 168172 280280 145147 
S_SD6_26_01, 136144 266266 124130 274274 146146 247247 170182 113115 173175 350350 170172 278278 145147 
S_SD6_26_03, 132134 266266 126128 274277 119137 247251 174178 111113 171183 350350 170176 268280 145147 
S_SD6_26_11, 134142 266266 122130 274274 140146 243251 178182 109113 177177 350350 168170 278280 145147 
S_SD6_26_13, 138142 266266 126126 274274 140140 251273 170176 111111 167179 350350 170174 270276 145151 
S_SD6_26_16, 132140 266268 126128 274274 134134 231247 174182 109111 169175 350350 172174 280284 147149 
S_SD6_26_19, 136164 266266 126128 274277 146155 243255 174176 109111 167171 350350 170170 280280 147147 
S_SD6_27_01, 136140 266268 122128 274277 146146 241251 166182 107111 171185 350350 168172 268270 145145 
S_SD6_28_01, 140148 266266 124130 274277 146146 243249 178182 111111 175177 350350 170172 268276 147147 
S_SD6_36_01, 134134 266266 130130 274274 134143 231243 168184 109111 175177 350350 172172 276280 145147 
S_SD6_36_07, 134138 266266 126128 274277 134146 241249 170178 111113 167169 350350 168172 268268 145147 
S_SD6_36_08, 144146 266268 126128 265277 146146 243251 174182 111115 167187 350350 168170 270282 145147 
S_SD6_36_13, 132132 266268 122122 274274 143167 257279 174184 109113 171171 350350 170172 270278 147147 
S_SD6_36_17, 144168 266266 132132 274277 140146 241255 170184 109115 169175 350350 176178 276278 147147 
S_SD6_36_18, 134134 266268 126128 274277 149155 243249 178190 109111 165167 350350 168168 276284 147149 
S_SD6_37_08, 132136 268268 124124 274274 146146 245251 182188 111113 167171 350358 170186 268280 147147 
S_SD6_39_01, 132138 266268 124126 274274 140143 245261 174182 111111 171173 350354 170174 276280 147147 
S_SD6_39_03, 140146 266266 124126 274274 146158 235243 162172 107109 169175 350350 172178 276280 145145 
S_SD6_39_05, 134140 266266 126130 274274 134137 235265 180182 107113 175187 350350 168168 280298 147147 
S_SD6_40_03, 134134 266268 126130 274277 146152 253267 176184 111113 169189 350350 170176 270278 147147 
S_SD7_09_02, 140140 266266 124124 274277 143143 239241 184188 111111 167171 350350 172172 268276 145147 
S_SD7_26_01, 140140 266268 126130 274274 140143 241247 170176 109113 173179 350350 170176 276284 145147 
S_SD7_26_02, 134140 266266 126128 274274 140146 239255 170176 111111 177177 350350 172172 274294 145147 
S_SD7_26_03, 140140 266268 122124 274277 146146 239255 174176 111113 169173 350350 178190 268280 145145 
S_SD7_27_01, 134140 266266 126132 274274 143146 241243 172184 109109 169177 350350 172176 268280 145147 
S_SD7_28_05, 138138 266266 122126 274274 146146 241241 168180 107111 169175 350350 168170 278296 145147 
S_SD7_28_08, 134134 266266 124130 274277 146158 241259 176180 115115 169171 350350 168170 268276 145147 
S_SD7_39_01, 134142 266266 126126 274277 134143 243259 176178 113113 181193 350350 168176 268280 145147 
S_SD7_39_04, 134134 268268 126128 274274 140149 243251 176186 115115 169173 350350 172174 276296 147147 
S_SD7_39_07, 130134 266266 126128 274277 140143 247249 166172 111111 171175 350350 174190 276296 147147 
S_SD7_39_10, 132168 266266 126126 274274 134191 249257 172176 111111 169175 350350 168170 272278 145147 
S_SD7_39_12, 132146 266266 124128 274277 137140 235267 172180 109111 169169 350350 170172 280280 145147 
S_SD7_39_14, 134140 266266 126128 274277 134140 241247 174178 111113 167171 350354 170170 276276 147147 
S_SD7_39_16, 132136 266266 122132 277277 146146 235239 170174 109111 167171 350350 168170 276278 147147 
S_SD7_40_01, 138148 266266 126128 274277 149167 247255 172178 109000 169179 350354 168176 280280 145145 
S_SD7_40_06, 132138 266268 124126 274277 140146 235243 166182 111115 171185 350350 170170 268276 145147 
S_SD8_09_02, 134140 266268 126128 274277 140143 241241 174184 107115 165169 350350 170174 280298 147149 
S_SD8_09_03, 132136 266266 126128 274277 140146 239247 188188 111111 175177 350350 168178 278280 147147 
S_SD8_18A_03, 130136 266266 124130 274277 119140 241249 180188 109115 169171 350350 170180 268270 147147 
S_SD8_24_01, 132134 266268 126132 274274 140140 255263 168172 000000 167173 350350 168170 268276 147147 
S_SD8_24_03, 132144 266266 128130 274277 140146 243247 182186 111113 171179 000000 168174 270294 145147 
S_SD8_24_07, 132140 266266 124128 274274 140140 247255 174174 107113 169173 350350 172172 276276 145145 
S_SD8_25_01, 130142 266268 120130 274274 143146 241251 180180 105111 167175 350350 168168 276282 145147 
S_SD8_25_02, 136140 266266 122128 274274 140146 235241 178184 107113 167171 350350 168170 276296 149149 
S_SD8_29_06, 134134 266268 124130 274274 134146 247259 180190 107113 167169 350354 170172 270280 145147 
S_SD8_31A_01, 132138 266266 126130 274274 134146 241259 166184 111000 169171 350350 168172 270302 145147 
S_SD8_36_05, 134138 266268 124128 274277 122140 247251 176178 109113 167173 350350 176192 278278 145145 
S_SD8_36_06, 132144 266266 122122 277277 137146 231235 174186 107107 169169 350350 168178 270302 147147 
S_SD8_36_10, 128132 266266 126130 277277 122140 239247 172180 111111 169171 350350 168000 276280 147147 
S_SD8_36_15, 138138 266266 128130 274274 143155 241243 178178 111113 173173 350350 170174 272280 147147 
S_SD8_36_17, 130134 266266 122132 274277 134146 247271 176180 113000 169169 350350 174176 276302 147147 
S_SD8_36_19, 132138 266266 120126 277277 143146 247257 176190 109113 167167 350350 168168 270276 145147 
S_SD8_36_21, 134134 266266 124126 274277 143146 241255 178182 105111 167173 350358 170186 270280 145149 
S_SD8_36_25, 134136 266266 124126 274274 137155 241259 172184 109111 167173 350350 172000 274280 145147 
S_SD8_39_05, 134138 266266 124126 277277 143146 239249 168176 111113 167167 350350 170186 268276 145147 
S_SD8_39_06, 134134 266268 124124 274274 137146 235243 174174 107109 167187 350350 168172 268276 145147 
S_SD8_39_09, 138138 266266 122130 274277 143146 255259 168182 107111 175175 350350 172176 276276 147147 
S_SD8_40_03, 132138 266268 126132 274277 146149 243249 168180 113113 165169 350350 168168 270280 145147 
S_SD8_40_05, 132140 266266 124130 274274 143146 247251 180186 109111 171177 350354 170188 278280 145145 
S_SD9_03_01, 134134 266266 124126 274277 146155 235235 176178 111111 167169 350350 172174 276278 147147 
S_SD9_03_03, 132146 266266 126130 274274 140152 241243 174178 111111 167167 350350 172172 272276 147149 
S_SD9_03_04, 140142 266266 124130 274274 143155 239241 176182 111111 175189 350350 178186 270286 145147 
S_SD9_08_02, 134144 266266 124126 274277 140146 000000 166172 111111 167173 350350 172176 276280 145147 
S_SD9_09_06, 134144 266266 124126 274274 143146 235243 172186 111113 165169 350350 174190 276292 147147 
S_SD9_09_07, 132144 266268 128130 274274 140146 241259 178192 111111 167187 350350 170170 276280 147147 
S_SD9_09_08, 132140 266266 126128 277277 146146 235241 178188 111111 167167 350350 168168 276280 147147 
S_SD9_18A_01, 132132 266266 126126 277277 146155 235257 166180 115115 169171 350350 170180 292294 147147 
S_SD9_18A_02, 142142 266266 126130 274274 146152 241249 170186 113000 169179 350350 168168 276276 145147 
S_SD9_18A_03, 130134 266266 122124 274277 140155 243255 168168 113115 167167 350350 168170 276278 145147 
S_SD9_18A_04, 134138 266266 124128 274277 134149 241241 168180 109113 169173 350350 168168 276276 147147 
S_SD9_18A_05, 134140 268268 122128 274277 137146 243251 170178 113113 169173 350350 170170 280284 145147 
S_SD9_22_01, 130132 266268 128132 274274 137146 241267 172176 109111 169175 350350 176182 276280 145149 
S_SD9_28_02, 132140 266266 126128 274277 146149 241259 180180 111111 167169 350354 172176 276280 145145 
S_SD9_28_04, 140160 266268 124126 274277 143152 235243 176178 111111 169169 350354 174174 268282 145147 
S_SD9_36_03, 134140 266266 116124 274277 146149 235241 174188 111000 167171 350354 172174 276276 145145 
S_SD9_36_06, 136144 266268 122124 274274 143146 235251 174184 107111 169177 350354 176178 280296 147149 
S_SD9_36_08, 134138 266266 126130 274277 140146 241255 184188 111111 167169 350350 168168 268284 145147 
S_SD9_36_09, 132144 266266 126130 274274 140143 235243 182190 111111 167175 350350 172176 274276 145147 
S_SD9_39_01, 140142 266268 130130 274274 140143 241255 174180 111111 167169 350350 172176 268280 145147 
S_SD9_39_02, 136140 266266 122128 274277 146146 235255 160182 111111 167171 350350 170170 268268 147147 
S_SD9_39_03, 134134 266266 126128 274277 146182 243247 176182 109113 167171 350350 170180 268276 147147 
S_SD9_39_04, 134142 266268 124128 277277 146155 245269 180182 111111 167177 350350 172178 272276 145149 
S_SD9_40_03, 140144 266266 122132 274277 143146 229251 184186 111111 169171 350350 168174 276276 145147 
S_SD9_40_04, 134134 266266 124126 274274 146146 235247 174184 113000 167169 350350 176000 268296 145145 
S_SD9_40_05, 132132 266266 124126 274277 146146 241255 178178 109113 169171 350350 172182 270280 145147 
S_SD9_40_06, 134134 266266 122124 274277 143146 239243 168184 109109 165167 350350 172186 268276 145147 
Pop 
N_NR1_22_01, 132152 266268 122126 274274 140143 241247 176178 111113 167179 350350 168172 268276 147147 
N_NR1_43_01, 132132 266266 128132 274277 137146 235261 170186 111113 167171 350354 166168 268284 147147 
N_NR1_43_05, 132144 266268 122130 277277 134149 235267 174176 105115 165169 350350 168176 268268 147147 
N_NR1_43_07, 140144 266268 122126 274274 119146 241265 168172 111113 169171 350354 172172 280280 145145 
N_NR1_43_09, 140142 266268 126128 274277 143143 245261 172176 113000 169171 350354 166170 280284 145147 
N_NR1_43_12, 134138 266268 130132 274277 143149 241243 180182 000000 171171 350350 168170 276280 147147 
N_NR1_43_16, 132134 266268 124130 274274 134146 239255 170174 111111 169175 350350 172176 274276 145147 
N_NR1_43_18, 132146 266266 128130 274274 119143 241267 168170 105109 169173 350350 172194 276282 147147 
N_NR2_01_02, 132138 266266 126126 274274 146146 243243 176184 111111 167175 350350 174176 274276 147147 
N_NR2_06A_01, 144144 266266 126126 274277 146149 247249 168180 111113 169169 350350 174174 282282 147147 
N_NR2_12_01, 132136 266266 124130 274277 134143 243247 172178 109113 171177 350354 168172 276294 145147 
N_NR2_43_04, 140144 266268 124130 274277 140140 243245 176178 111111 167177 350354 168170 276282 145151 
N_NR3_01_01, 140142 266268 122128 277277 146161 243259 186190 107111 167183 350350 170176 268270 145147 
N_NR3_01_11, 132140 266266 124126 274277 134134 241245 174178 111111 169177 350350 168168 270302 145147 
N_NR3_02_03, 140140 266266 122124 274277 140146 247249 172184 111115 173173 350350 172172 284286 147147 
N_NR3_03_02, 132136 266266 128130 274277 137143 000000 176184 111113 169179 350350 166182 274276 147147 
N_NR3_14B_04, 132132 266268 122128 274274 146146 245247 176176 111111 173193 350354 170176 280280 147147 
N_NR3_16_08, 134168 266266 116126 277277 143143 235245 174174 111111 171175 350350 176182 278280 147147 
N_NR3_20_01, 142142 266266 122126 274277 143146 235243 174178 111111 167171 350350 168178 270276 145147 
N_NR3_24_01, 134138 266266 126130 274274 140143 239251 180182 109111 169171 350350 168174 268278 145147 
N_NR3_28_03, 130138 266266 122130 274274 146146 235243 168184 107111 169169 350354 168168 276280 145147 
N_NR3_29_02, 134144 266266 126130 000000 167191 235235 180188 109109 000000 000000 168182 000000 147147 
N_NR3_29_04, 136152 266266 126128 274277 134143 243243 178188 111115 167171 350354 168172 276280 145147 
N_NR3_29_06, 132134 266268 126130 274277 140146 245253 172184 111111 171187 350350 172172 268268 145149 
N_NR3_29_07, 132134 266266 122128 274274 146152 235241 182182 113113 169171 350350 168172 276278 145147 
N_NR3_32_02, 140140 266266 126130 274277 134146 241251 174174 113113 169171 350350 168168 268282 147147 
N_NR3_43_02, 134144 266266 122124 274274 140146 247249 170176 109111 171175 350354 170190 276282 145145 
N_NR3_43_05, 136138 266266 122126 274274 143146 241243 162176 111111 171171 346354 168176 276280 147151 
N_NR3_43_07, 128132 266266 124126 274274 140146 241247 178178 109109 167167 350354 168168 278282 145147 
N_NR3_43_08, 140140 266266 126128 274274 134140 247257 170174 113000 167169 350354 176176 268270 145149 
N_NR4_27_01, 138142 266268 126132 274274 140146 235257 178180 000000 167179 350350 172178 278280 145149 
N_NR4_43_05, 138140 266266 128128 274274 143161 253261 176180 109113 169181 350350 166174 292298 145147 
N_NR5_04A_01, 134140 266268 124124 274277 146149 241241 178180 111115 169171 350350 164178 270280 147147 
N_NR5_07A_03, 134134 266268 124130 274274 137146 235255 168172 109111 169171 350350 170174 274278 145147 
N_NR5_17B_03, 136140 266266 122128 274277 134146 241241 172186 111111 171179 350350 166180 268278 145147 
N_NR6_08A_01, 132144 266266 122126 274277 140143 241241 172176 113113 167169 350350 166172 272276 145147 
N_NR6_08A_02, 132144 266266 128130 274277 146149 243259 178190 107113 167185 350350 170174 278280 145149 
N_NR6_16_04, 144144 266268 124132 274274 158161 241241 176190 107113 169169 350350 168176 270280 147149 
N_NR7_09_05, 132134 266266 126130 274274 134146 235255 172180 111113 169171 350350 172178 268280 145147 
N_NR7_16_02, 134166 266266 124130 274274 113146 245273 174176 109111 173193 350350 166172 276278 147147 
N_NR7_22_02, 138138 266268 126126 277277 155161 241243 170174 109113 173175 000000 170176 278282 145147 
N_NR7_22_03, 132134 266266 124126 274277 134155 243255 168174 111111 169169 350354 168174 276280 147147 
N_NR7_24_02, 134140 266268 122126 274274 146146 247255 176184 111111 167169 350350 170174 268274 145147 
N_NR7_27_06, 132142 266268 126130 274274 146191 249255 162180 111111 167175 350350 174000 268280 147147 
N_NR8_24_01, 132138 266268 126126 274274 140146 243257 168170 109115 167171 350354 168180 276278 147147 
N_NR9_22_01, 138144 266268 122128 277277 134161 243261 168178 111115 165165 350350 170174 276282 147147 
N_NR9_24_04, 134140 266266 126128 274277 140146 245259 174186 107111 173173 350350 172194 280284 145145 
Pop 
P_PM1_04A_01, 132138 266266 124126 274274 137143 235241 170170 111111 167169 350350 170176 268276 147147 
P_PM1_07_01, 132134 266266 128130 274274 137146 247251 176176 109111 169171 350350 172182 276288 145147 
P_PM1_13A_01, 134140 266266 124124 274277 140146 235241 174182 111115 167173 350350 168174 276284 145147 
P_PM1_15_01, 132136 266266 126130 274274 140146 247251 166176 113113 169171 350350 170178 270276 147147 
P_PM1_15_02, 132142 266266 124126 274277 146146 243257 176176 111115 171173 350350 170176 276296 147147 
P_PM1_15_04, 136140 266266 124128 274277 143146 241251 168176 111111 167175 350350 170172 276276 145147 
P_PM1_16_01, 132134 266266 124130 274274 140167 241261 180182 109109 171193 350350 166172 270280 147147 
P_PM1_16_02, 134168 266266 124134 274277 149149 241243 166168 111113 173173 350350 172174 282292 145149 
P_PM1_16_08, 134146 266266 128130 274274 146146 241241 168172 107000 167169 350350 170170 278288 147149 
P_PM1_16_09, 134134 266266 126130 277277 134146 241247 172188 107111 169169 350350 172186 280284 147147 
P_PM1_16_10, 134138 266266 124124 274274 146158 251269 176186 111111 167179 350350 172176 272288 149149 
P_PM1_19_01, 132136 266266 124128 274277 134143 241255 182184 111000 167169 350350 174176 274276 145147 
P_PM1_19_03, 134134 266268 124126 274277 134146 239241 176182 111000 169177 350354 170172 276280 147147 
P_PM1_19_04, 132134 266266 130130 274277 143146 241243 170178 109113 169173 350354 170172 270276 147149 
P_PM1_19_05, 134138 266266 124126 274274 140146 239247 176186 111111 177195 350350 166172 268270 145147 
P_PM1_22_02, 134140 266266 124126 277277 143146 235245 174180 113113 169169 350350 170176 276280 147147 
P_PM1_27_02, 138144 266266 122126 274274 140140 247265 170180 107115 173177 350000 170172 280286 145147 
P_PM1_31_01, 140140 266266 126126 274274 140155 243251 166176 111113 167167 350350 172176 268302 147147 
P_PM2_40_03, 134136 266266 128132 274274 146155 247255 168182 111111 171187 350350 168168 276278 145145 
P_PM2_43_02, 132134 266268 122124 274277 146164 235239 168176 109113 169169 350350 176180 276280 147147 
P_PM2_48_02, 134142 266266 122128 274274 140149 241245 184188 113115 167181 350350 168172 276278 145147 
P_PM2_49_02, 128144 266266 122128 274274 146146 241257 180188 111111 171171 350354 168170 276282 145147 
P_PM2_49_04, 136140 266266 126126 274274 137146 231247 176178 111115 167169 350354 170174 276296 147147 
P_PM2_51_01, 130136 266266 124126 277277 134146 235247 170188 111111 167169 350350 172172 276282 145147 
P_PM2_51_02, 132142 266266 122128 274277 134143 235247 174180 113115 177189 000000 170176 276286 147147 
P_PM2_51_03, 134146 266266 126126 274277 146152 245249 178190 109113 165191 350350 172176 268276 145145 
P_PM2_51_06, 132136 266266 124130 274274 134146 243255 166186 111111 169171 350350 170000 276284 145147 
P_PM2_51_07, 134142 266266 122124 274274 146146 247259 180182 113113 167167 350350 172174 276278 147147 
P_PM2_51_08, 132134 266266 126126 274274 137146 251253 154168 107113 169169 350350 176180 280284 147147 
P_PM2_51_09, 132140 266266 130130 274274 143143 241241 168178 111111 169181 350350 170174 276284 145145 
P_PM2_51_10, 132134 266266 128128 274274 143167 235243 178186 109000 165167 350350 170170 268270 147149 
P_PM2_51_12, 132134 266266 122128 274277 134149 255257 172184 109109 171193 350354 170176 276276 147151 
P_PM2_51_13, 136140 266266 126128 274274 137167 241241 172174 111111 167169 350350 170172 268280 147147 
P_PM2_51_15, 132142 266266 126128 274277 146146 241241 166176 113000 175177 350350 172174 272280 145145 
P_PM2_51_16, 134146 266266 124132 274277 143146 231267 174188 111113 173175 350350 168172 276276 147147 
P_PM2_51_17, 128134 266266 124124 265274 146146 259261 174176 103109 171193 350350 170176 280282 145149 
P_PM2_52_01, 138144 268268 124126 274274 137146 241243 172172 111111 167169 350350 172182 268286 145147 
P_PM2_52_02, 132140 266268 124124 274277 143146 241241 174178 109111 169187 350350 174174 270276 147147 
P_PM2_52_03, 134138 266266 122128 274274 140143 231239 172176 111113 167177 350350 168174 268280 147147 
P_PM2_52_09, 134144 266268 124126 274277 146176 241249 178182 109113 169177 350350 170190 270294 145147 
P_PM2_52_10, 136144 266268 124128 274277 140143 243261 164176 109113 173175 350350 168170 276278 145145 
P_PM2_52_12, 132132 266266 128128 277277 134143 235241 168182 109109 167185 350354 170172 270282 145147 
P_PM2_52_13, 140144 266266 130130 274277 119140 261261 172178 111111 169169 350350 172176 280288 147147 
P_PM2_52_14, 134146 266266 128128 274277 143155 243263 172178 113113 169177 350350 170176 276296 145145 
P_PM2_52_15, 132144 266266 124130 274274 119140 235255 168168 107111 169169 350350 172176 274298 147149 
P_PM2_52_16, 132134 268268 126130 274274 134146 241273 162174 111113 169173 350350 168170 276276 145147 
P_PM2_52_19, 132134 266266 128128 274274 134146 235245 170178 109109 167171 350350 170176 280290 145145 
P_PM2_53_04, 130150 266266 124126 274277 140143 241243 166174 109111 169195 350354 168174 272276 145147 
P_PM2_53_06, 132132 266268 124124 274274 140164 235241 176190 000000 169175 350354 168176 276276 145145 
P_PM2_53_07, 132140 266266 128130 274277 119167 241243 172184 109109 167179 350354 170172 272274 147147 
P_PM2_54_01, 128140 266268 128130 274274 143146 251253 168174 109111 171173 350354 174188 276282 147147 
P_PM2_54_02, 134138 266266 122128 274277 140143 259273 168184 111113 173185 350350 170170 268268 145147 
P_PM2_54_04, 132138 266266 124128 274277 140143 243243 168176 113113 167169 350350 168170 268280 147147 
P_PM2_54_07, 134136 266266 128128 274277 140140 241259 178186 111111 169169 350350 168170 276276 145147 
P_PM2_56_01, 132136 266268 126128 274277 140161 243251 174176 113115 169169 350350 170176 268276 145145 
P_PM2_56_02, 134140 266266 122126 274277 146146 241247 170186 111000 169171 350350 170172 270284 145147 
P_PM2_60_01, 136144 268268 126128 274277 140146 253261 178182 107111 167171 350350 174176 276290 145145 
P_PM2_61_01, 134140 266268 128128 274277 119176 243257 174184 107115 169175 350350 166170 268298 145147 
P_PM2_61_02, 132140 266266 130132 274274 134140 241247 176186 111111 167171 350350 170172 270276 145145 
P_PM2_65_02, 134134 266268 124126 274277 134146 241269 176180 113115 171171 350350 168170 268268 147149 
P_PM2_65_04, 128138 266266 126130 274277 146158 243255 168182 111111 167175 350350 168170 276298 145147 
P_PM2_65_05, 132144 266266 130130 274274 140140 231239 174182 107111 167187 350350 166174 280298 147149 
P_PM2_65_06, 138144 266268 122128 274274 134143 235257 170172 111115 173177 350350 172174 276276 145147 
P_PM2_65_07, 134140 266266 124132 274274 146152 243243 172182 109109 167169 350350 174180 278280 145147 
P_PM2_65_08, 136140 266268 124130 274277 134143 247247 174180 111113 169171 350350 172172 000000 147147 
P_PM2_65_09, 132134 266266 122128 274277 137140 241241 174182 109111 173175 350350 170178 270280 147147 
P_PM2_70_02, 128144 266266 128130 274274 146155 243245 168168 111111 169171 350350 172174 268276 147147 
P_PM3_48_01, 134136 266266 128128 274274 146167 247261 170174 109111 167167 350350 172172 270278 147147 
P_PM3_48_02, 136140 266266 128128 274277 146149 229235 162180 109109 167169 350350 168170 268290 145147 
P_PM3_49_02, 134140 266268 122126 274274 128152 249251 174182 109109 167179 350350 168172 276292 145147 
P_PM3_49_03, 132142 266266 122124 274274 140146 241253 168178 109111 167171 350350 168170 276298 147147 
P_PM3_49_04, 128140 266266 126132 274277 146146 247251 182186 111115 167169 350350 172174 276276 145147 
P_PM3_49_06, 134140 266268 126130 274277 143146 241245 166176 113113 167179 350350 168172 276276 145147 
P_PM3_51_01, 134138 266266 128130 274277 140155 235263 170172 111111 167173 350350 168172 270278 145145 
P_PM3_51_02, 140142 266266 126132 274274 140146 235241 168178 111111 167175 350354 168172 276280 147147 
P_PM3_51_03, 140140 266268 126128 277277 134143 247249 178184 111111 169177 350350 170170 278296 147147 
P_PM3_51_05, 134140 266266 124126 274274 146146 235241 174180 107111 169171 350350 170000 282302 145147 
P_PM3_51_07, 132132 266266 122124 277277 134146 241259 170172 111111 169179 350350 166168 268278 145147 
P_PM3_51_08, 134136 266266 122132 274277 146155 241241 160172 113113 175177 350350 168172 276282 145147 
P_PM3_52_01, 140144 266266 122126 000000 146155 239247 176176 111111 169177 350350 170170 276280 147151 
P_PM3_52_03, 130132 266266 126126 274274 146152 241269 178180 113113 177181 350350 170170 268270 145147 
P_PM3_52_04, 144152 266268 124130 274274 143146 241261 170178 107109 169169 350350 170176 280284 145145 
P_PM3_52_05, 134138 266268 128132 274277 146146 241243 174184 109113 171177 350350 170170 280280 147147 
P_PM3_53_01, 140144 266268 124124 274277 149152 241241 168178 111111 167171 350350 174190 274276 145147 
P_PM3_53_02, 128138 266266 124130 274274 146149 241241 166168 113113 169185 350350 172178 276280 147147 
P_PM3_53_03, 132132 266266 122126 277277 140140 241269 164186 111111 173185 350350 168168 280298 145145 
P_PM3_53_04, 134140 268268 126128 274277 137164 255261 182186 109111 173173 350350 174176 276276 147147 
P_PM3_53_06, 128134 266266 122126 274274 143155 243247 168176 107113 169171 350350 172172 276280 147149 
P_PM3_54_04, 140140 266266 124130 274277 140146 247257 172180 107115 167173 350350 172176 268276 145145 
P_PM3_54_05, 132132 266268 122132 274277 113140 241277 170182 111113 169193 350354 168168 276276 145147 
P_PM3_54_06, 140144 266266 122126 277277 143161 241259 166176 109111 167185 350350 170174 268278 147147 
P_PM3_67_01, 128142 266266 122124 274274 113143 239259 180182 111111 167167 350350 170174 270276 145145 
P_PM3_70_01, 134134 266268 126126 274274 137140 235241 170186 107113 167173 350354 172176 268274 147147 
P_PM4_40_02, 134144 266266 124128 274274 146155 239245 162170 107111 171173 350350 170174 270276 147147 
P_PM4_47_01, 132136 266266 132132 274274 140146 243259 176180 107109 167177 350350 168174 270276 147149 
P_PM4_49_01, 128140 266266 124126 274277 143146 247247 176180 109111 167173 350354 170170 270280 145147 
P_PM4_49_02, 134140 266266 124126 274277 137146 247255 176178 111113 167169 350350 172000 276276 145147 
P_PM4_50_01, 132138 266266 128130 277277 134146 259273 164180 111111 173173 350350 168174 268278 147147 
P_PM4_52_01, 134140 266266 122128 274274 140146 241241 174182 107113 167169 350350 172172 278280 147147 
P_PM4_53_01, 138146 266266 124124 274277 143146 243259 172184 111115 167193 350350 172000 276280 145145 
P_PM4_54A_02, 132138 266266 126128 274274 143143 241247 172174 113000 169187 350350 170188 278284 145145 
P_PM4_54A_03, 142142 266266 124128 277277 134137 245251 160180 107111 167169 350350 176176 276280 147147 
P_PM4_60_01, 132140 266266 122128 274277 143149 231249 168188 111113 169173 350350 168168 276276 147147 
P_PM4_62_01, 128144 266266 126128 274277 113146 241259 174178 107111 173193 350350 170170 276284 147147 
P_PM4_62_02, 140142 266266 122132 274274 146161 243261 170180 109113 167169 350350 170174 268282 145147 
P_PM4_65_01, 132138 266266 124128 274277 137146 243255 176184 111113 165169 350350 172000 276276 145145 
P_PM4_65_02, 134138 266266 128130 274274 137146 231243 168184 109113 169171 350350 172176 270280 145145 
P_PM4_71_01, 132132 268268 126126 274274 140146 241251 172180 107115 173185 350350 170170 282282 147147 
P_PM5_41_01, 140140 266266 122124 274277 137143 235253 178190 111111 173187 350350 172194 270280 145147 
P_PM5_42_01, 128134 266266 124128 274274 134137 241243 162166 113113 171173 350350 168172 276278 145145 
P_PM5_43_03, 134136 266268 128132 274277 146146 243243 172178 113113 167171 350354 168168 270278 147147 
P_PM5_47_01, 134138 266266 126130 274274 146146 241259 174174 107113 169169 350350 168172 280280 145147 
P_PM5_49_01, 132134 266266 126128 277277 146176 241243 170190 109111 169169 350350 170174 276278 145149 
P_PM5_55_01, 128134 266268 122126 274274 146149 241243 168168 107111 169177 350350 168174 276282 147149 
P_PM5_65_03, 136144 266266 128134 274277 140149 243247 170174 111115 169169 350350 172172 270270 147147 
P_PM5_65_04, 138144 266266 124130 274274 146146 243247 168178 109111 171181 350350 170178 276276 145145 
P_PM5_65_05, 144144 266268 124128 274274 143146 243243 172180 111113 167171 350350 172174 270290 147147 
P_PM5_65_06, 138150 266266 126128 274277 134140 235259 174186 107115 167173 350350 168168 286296 145147 
P_PM5_69_02, 132134 266266 122128 274277 113146 241251 170172 109111 175177 350350 170174 270276 145147 
P_PM5_70_01, 132136 266266 128130 274277 146170 243257 170178 109111 167175 350350 168170 270276 145147 
P_PM5_70_02, 136140 266266 126128 274277 134143 245259 176182 107111 169171 350354 170178 268278 147147 
P_PM5_70_03, 128138 266266 126128 274277 146146 241247 170178 111115 167177 350350 170170 276278 147147 
P_PM5_70_05, 132136 266266 124128 274274 146146 243245 182184 107109 169173 350350 170178 270274 145147 
P_PM5_70_06, 132152 266266 124128 274277 140152 235247 176182 109113 169187 350350 168170 270284 147147 
P_PM5_70_07, 132134 266266 126132 274277 143146 243255 180180 109113 171173 350350 170170 268280 147147 
P_PM6_44_01, 136140 268268 124130 274274 143146 231241 168170 107113 169187 350354 178180 268280 147147 
P_PM6_47_02, 140142 266266 124128 274277 134143 255267 170170 109111 169171 350350 174000 272276 147147 
P_PM6_49_01, 138140 266266 126126 277277 137137 249253 174178 113113 165187 350350 170174 268276 147147 
P_PM6_61_02, 134134 266266 124126 274277 140146 235243 166172 111111 177179 350350 172182 268276 145145 
P_PM6_65_01, 130142 266268 124126 274277 137146 241273 168178 109111 167169 350354 170172 268276 145145 
P_PM6_65_02, 128132 266266 122124 274274 134137 243243 182184 111111 167169 350350 172174 276280 145147 
P_PM6_65_03, 132138 266268 124130 274277 140143 241241 178194 109113 167177 350350 168170 268282 145147 
P_PM6_65_05, 138146 266268 124130 277277 146146 247249 180180 109111 173175 350350 168172 276278 147147 
P_PM6_70_02, 134136 266266 124126 274274 143146 235249 182182 111111 171179 350350 168172 274278 147147 
P_PM6_70_04, 136160 266266 124124 277277 140146 245247 174174 111113 169173 000000 164172 270276 145147 
P_PM6_70_05, 138140 266266 124128 274277 137149 241247 178186 111113 167185 350350 172188 276276 147147 
P_PM6_70_06, 140140 266268 116128 274274 137137 241253 172180 109109 167181 350350 170170 268298 147147 
P_PM6_70_07, 138138 266266 128128 274274 143164 241243 180182 000000 177187 350350 168172 270276 147147 
P_PM6_70_08, 134144 266266 126128 274274 134170 241245 170170 107111 171173 350354 168170 272280 147147 
P_PM6_70_10, 134144 266266 126128 274274 146155 241241 174184 111111 169169 000000 000000 270276 145147 
P_PM6_70_11, 134140 266268 124130 274277 143167 247259 176180 111000 167169 350350 170172 268276 145147 
P_PM6_70_12, 132138 266266 124126 274274 140146 243247 176180 111115 167169 350350 170178 268292 145147 
P_PM6_72A_01, 138150 266266 122126 274274 137146 241243 172182 113113 167167 350354 168168 270280 145147 
P_PM6_72A_02, 132144 266268 126128 274274 143146 241247 176182 111111 167169 350350 168174 280280 145145 
P_PM6_72A_03, 136138 266266 126130 274274 137149 241273 170176 109111 167187 350350 172176 276284 145147 
P_PM7_62_02, 132134 266266 124130 277277 149164 243251 174176 111000 167169 350350 170172 272274 147147 
P_PM7_63_01, 132132 266266 124126 274277 140146 241247 176194 111111 171173 350350 170172 280302 147147 
P_PM7_65_01, 136138 266266 128128 274274 140143 241245 180188 109113 165167 350350 168168 272280 145147 
P_PM7_70_01, 128160 266266 122126 274277 122137 241241 178186 109111 169177 350354 168174 280282 147149 
P_PM7_72A_03, 132138 266266 126128 274274 140140 243251 170180 111113 165187 350354 168170 276276 145145 
P_PM7_72A_04, 132134 266266 124128 274274 134146 229241 180186 109111 167169 350350 170172 280280 147147 
P_PM8_49_01, 136138 266266 126130 274277 146155 243247 168174 111111 169169 350350 170176 276278 145147 
P_PM8_49_02, 134144 266266 124128 274277 146149 235241 174180 111113 171187 350350 170176 268280 147147 
P_PM9_44_01, 134140 266268 124130 274274 134140 241251 178180 111111 167167 350350 172176 268276 145145 
P_PM9_62_02, 144150 266268 124130 274277 146146 243247 168172 109111 167169 350354 168176 276288 147147 
Pop 
H_HR10_07A_05, 128134 266266 124126 274277 140146 239243 172178 113113 171177 350350 168176 270280 147147 
H_HR10_28_09, 136136 266268 124128 274274 146146 245247 182182 107109 167175 350350 168168 278278 145147 
H_HR10_36_01, 138142 266268 126126 274274 146146 247257 172174 111111 165167 350350 168168 280280 147147 
H_HR10_36_04, 134136 266266 126126 274277 146146 249255 182192 111111 169187 350350 170174 276282 145147 
H_HR1_03_01, 132134 266268 126128 274277 137155 241241 178188 111111 167171 350350 174176 276282 145147 
H_HR1_12A_01, 134138 266266 124126 274277 143149 241265 182182 113115 167173 350350 170174 268280 145147 
H_HR1_13_01, 134146 266266 122130 274274 134146 241259 176178 111000 167179 350350 168168 270276 147149 
H_HR1_14A_02, 142150 266266 122128 274277 146161 243255 174182 113113 169169 350354 170174 280282 147147 
H_HR1_14A_03, 132134 266266 126130 274277 146155 241241 166168 109109 167171 350350 170176 276278 145147 
H_HR1_16_01, 132132 266266 126132 274277 146146 247255 168178 109115 171177 350350 174178 268268 147147 
H_HR1_16_03, 134134 266266 122130 274274 137146 235255 160172 111111 167169 350350 170174 276282 145147 
H_HR1_16_04, 134142 266268 124130 274274 146146 241243 178182 111113 169181 350354 168168 280282 147147 
H_HR1_18_01, 128144 266268 126130 274277 140143 247251 176178 109111 169173 350350 168176 280280 147147 
H_HR1_22_01, 134144 266266 124126 277277 140146 243251 170174 111111 173173 350350 172174 280282 147147 
H_HR1_23_01, 134134 266268 128128 274274 140140 249249 178178 113113 167167 350350 170170 302302 147147 
H_HR1_23_03, 134134 266266 124130 274274 134140 239241 154178 111111 169173 350350 168172 276280 145147 
H_HR1_29_01, 132158 266266 124128 274274 146146 247247 178182 111111 167169 350354 170172 276278 147147 
H_HR1_29_02, 134140 266266 130130 274274 119134 243251 168180 109115 169173 350354 170170 280280 145147 
H_HR1_34_01, 138142 266266 126126 274277 140146 241243 154174 111113 173177 350350 170172 272280 145147 
H_HR1_36_01, 134138 266266 122128 277277 140143 243251 172180 113113 169169 000000 174178 270270 147147 
H_HR1_36_02, 132134 266266 126130 274274 143146 241251 170188 111000 169173 350350 170172 276298 147147 
H_HR2_03_01, 138140 266268 128130 274274 143146 241249 174184 113113 167167 350350 172174 276280 145147 
H_HR2_06_03, 132140 266266 116130 274277 140146 241255 178180 111113 169179 350354 170174 276276 147147 
H_HR2_06_04, 128140 266266 130130 274277 146146 239247 174178 109109 169171 350350 168176 276280 147149 
H_HR2_06_05, 134136 266266 124126 274277 140146 241247 172178 109111 167171 350350 172174 270282 147147 
H_HR2_16_04, 134140 266266 128132 274277 140149 243257 176186 109111 167169 350350 170176 276276 145145 
H_HR2_16_06, 128134 266266 130132 274274 143146 239241 170176 111111 173177 350350 170170 280284 147147 
H_HR2_18_02, 136140 266266 126132 274274 137140 239249 180190 111113 171173 350350 172178 268268 147147 
H_HR2_18_03, 132132 266266 126128 274274 143146 239243 174178 109115 169169 350350 172174 280284 143149 
H_HR2_18_04, 130140 266268 126136 274277 119134 241243 184184 111111 167167 350350 170172 276282 147147 
H_HR2_19A_04, 128166 266266 124128 274277 140146 241241 170176 111113 171177 350350 170190 280282 147147 
H_HR2_19A_06, 138140 266266 124128 274277 146182 243247 180182 103113 169169 350350 170172 280280 145149 
H_HR2_21_01, 134134 266268 124126 274274 134137 241253 172180 111111 165169 350354 172174 280292 147147 
H_HR2_21_02, 128136 266266 124126 277277 143146 243253 172174 113115 169171 350350 170172 276276 147147 
H_HR2_21_03, 134136 266266 122126 274274 137146 235235 176188 109113 167189 350350 172172 276280 147149 
H_HR2_22_02, 140140 266266 128128 277277 146146 251251 168168 113113 193193 350350 170170 276276 145145 
H_HR2_24_02, 132134 266266 126130 274274 134140 241259 188190 115115 169175 350350 168168 278280 145147 
H_HR2_24_03, 128136 266268 124126 274277 137167 243243 168184 109113 167169 350350 172000 274292 147147 
H_HR2_25_03, 132134 266266 124126 274274 134146 243255 168172 113113 165175 350350 170170 280282 145147 
H_HR2_28_02, 132140 266266 126130 274274 146149 243269 172174 109111 171175 350354 168168 276280 145147 
H_HR2_28_03, 134142 266266 128130 274274 146146 243247 172180 000000 171171 350350 170172 276276 145149 
H_HR2_29_01, 134134 266268 130136 274277 146146 243261 176188 111113 167173 350350 166172 280282 147147 
H_HR2_34_03, 140142 266266 128128 277277 143149 235241 160178 111111 169169 350354 168170 268280 145147 
H_HR2_36_02, 136136 266266 128128 277277 134134 243243 182182 115115 169169 350350 170170 268268 147147 
H_HR2_36_04, 132132 266268 128128 277277 143143 253253 174174 113113 175175 350350 170170 268268 145145 
H_HR3_03_06, 134136 266266 126128 274277 137137 247255 172176 113113 167171 350350 170172 280280 145147 
H_HR3_04_01, 134134 266268 126126 274277 140143 241269 180180 109113 165169 350354 170172 274278 147147 
H_HR3_05A_04, 136142 266268 128130 274277 134146 241259 172180 111113 167171 350350 170170 276282 145147 
H_HR3_05A_05, 134146 266266 128128 277277 146146 241247 188190 111113 167179 350350 168168 276280 145145 
H_HR3_05A_07, 128140 266266 124126 274277 146146 251255 166168 111113 167167 350350 170174 270298 147147 
H_HR3_05A_08, 134134 266266 122124 274274 134143 237243 170188 113113 169173 350350 176176 272298 147147 
H_HR3_06_04, 134138 266268 124126 274277 119143 247251 174178 107000 165173 350350 172174 268298 147147 
H_HR3_07_01, 140142 266266 128130 274274 143146 249261 172182 109111 167167 350350 172176 276284 147147 
H_HR3_07_02, 128144 266266 124126 274274 134137 249253 172178 113000 171173 350350 170176 274276 147147 
H_HR3_07_04, 132134 266266 126130 274274 140146 253255 178178 107113 167177 350354 170172 268270 145147 
H_HR3_07_05, 134144 266268 126128 274274 140146 243243 168192 105105 173173 350350 170176 272280 145147 
H_HR3_07_08, 132142 266268 124126 274277 119140 241273 172186 107109 167179 350350 168170 268294 145147 
H_HR3_07_10, 132134 266266 128130 274274 146149 231239 172178 000000 177179 350350 170172 276280 147147 
H_HR3_07_11, 136136 266266 122130 274274 113149 241243 172176 111111 167169 350350 170176 282284 147147 
H_HR3_11_03, 130152 266266 128130 274277 146158 231239 168168 107115 169175 350350 172182 278280 145147 
H_HR3_12_08, 132140 268268 128128 274274 140143 239249 168170 111111 173173 350350 170172 274288 147147 
H_HR3_12_09, 138148 266266 126132 277277 146146 251251 168176 107111 167173 350350 172172 280298 145145 
H_HR3_14_02, 128136 266266 126126 274277 137143 235241 176178 111113 169177 350354 168172 286290 145147 
H_HR3_18_01, 134134 266266 122130 274277 146146 241241 174182 107111 169177 350350 168172 268276 145147 
H_HR3_19A_10, 138140 266266 126128 274277 146149 235251 180180 111111 167167 350350 172174 268276 147147 
H_HR3_19A_11, 144144 266266 128130 274274 146146 247259 170176 113113 173177 350354 170172 270276 145147 
H_HR3_19A_12, 130134 266266 122128 274277 137146 241259 168168 111000 169179 350350 168168 280280 147147 
H_HR3_19A_13, 140144 266268 126130 274277 140146 235245 174178 111115 167171 350350 170172 268296 145147 
H_HR3_19A_14, 134134 268268 130130 274274 140140 247247 174174 113113 169169 350350 168168 280280 147147 
H_HR3_19A_16, 134134 266266 122122 274274 146149 237251 168184 113115 169185 350354 168168 268278 145147 
H_HR3_19A_17, 132138 268268 122130 274274 140140 241267 166176 111113 167169 000000 170176 276280 145147 
H_HR3_19A_18, 144144 266266 128130 274274 140146 241251 176190 109113 169169 350350 170170 276288 145147 
H_HR3_19A_25, 134142 266266 126130 277277 146146 243245 166180 105113 169177 350350 168168 280280 145147 
H_HR3_19A_28, 132136 266268 122124 277277 146146 241255 174180 111113 169173 350354 170174 280280 145147 
H_HR3_19A_37, 134138 266266 130130 274274 134140 253257 178184 107113 167189 350350 170170 276282 145147 
H_HR3_19A_40, 134138 266266 116122 274277 143146 241241 176184 109113 165169 350350 170172 270280 145145 
H_HR3_21A_03, 140148 266266 124124 274274 143146 245263 172178 109113 169171 350350 168168 274280 147147 
H_HR3_21_01, 134134 266266 126130 274274 146146 235243 166172 113113 171177 350350 168168 266278 147147 
H_HR3_23_03, 140142 266266 124128 274274 113146 241255 184188 111111 169181 350350 168170 276278 147147 
H_HR3_23_04, 134134 266266 126130 274274 146146 235243 166172 111115 171177 350350 168168 268280 147147 
H_HR3_26_01, 132134 266266 126128 274274 146146 235249 176184 109113 169171 350350 168168 270280 145145 
H_HR3_32_04, 128132 266268 124126 274277 140146 235241 188190 107109 169169 350350 172174 268272 145147 
H_HR3_32_05, 132140 266266 124128 274277 113140 241243 174178 115117 169175 000000 170174 268278 147147 
H_HR3_32_11, 140146 266266 126130 274274 140143 241269 176176 111113 177187 350350 172182 268278 147147 
H_HR3_32_13, 138140 266266 122124 274274 140146 241243 174182 000000 167173 350350 170170 280284 145147 
H_HR3_32_17, 142144 266266 128134 274274 134146 241243 180190 109111 173175 350350 168172 268290 147147 
H_HR3_32_18, 134142 266266 128132 274277 143146 247253 172182 111000 167169 350350 168170 268280 145147 
H_HR3_32_20, 132134 266266 128130 274274 134140 243255 174176 109115 171173 350350 170176 270276 145147 
H_HR3_32_21, 134140 266266 130130 274274 134146 243251 178186 111000 167175 350350 182182 270280 147147 
H_HR3_32_23, 138140 266266 124128 274277 140167 241245 168176 111111 167187 350350 168172 276276 147149 
H_HR3_32_24, 140142 266266 124126 274277 140140 243257 170190 107109 175197 350350 172174 280282 145147 
H_HR3_32_25, 134138 266268 124126 274277 143146 243243 170180 111111 169193 350350 168170 276276 145147 
H_HR3_36_01, 140142 266266 126128 274277 149152 239241 168182 109113 169169 350354 172202 272276 145147 
H_HR3_36_02, 134134 266266 122124 274274 134146 239243 178182 109111 167167 350350 170174 276276 145145 
H_HR4_05A_04, 132144 266266 124124 274274 134146 229241 174174 113113 169169 350350 168174 280280 145147 
H_HR4_07_01, 134144 266268 124126 274277 140146 241247 178180 103111 169177 350354 170176 270276 145147 
H_HR4_07_02, 132138 266266 124130 274274 140149 237239 170178 109111 173179 350350 174176 276280 147147 
H_HR4_07_04, 132144 266266 126128 274274 146146 231243 180188 109109 169177 350350 170174 268280 145145 
H_HR4_07_05, 132134 266266 126128 277277 119143 243251 174176 111111 167173 350350 170176 280280 147147 
H_HR4_07_06, 132138 266266 128128 274277 134140 243267 182184 111111 171177 350354 172174 276292 147147 
H_HR4_07_07, 132138 266266 122128 274274 140146 237255 170174 113115 171179 350350 174174 272276 147147 
H_HR4_07_08, 142144 266268 116124 274274 140140 241255 168176 111111 169185 350350 170176 270278 147147 
H_HR4_10_03, 134144 266266 122128 274277 137146 243243 178188 111111 169173 350354 170170 278284 145145 
H_HR4_19A_25, 134134 266266 124128 274274 137140 255289 166174 111115 169171 350350 170174 268278 147147 
H_HR4_19A_34, 134140 266266 124126 274277 134146 241243 178186 107111 169171 350350 170176 282292 147149 
H_HR4_27_01, 136142 266268 124124 274274 140143 239241 172174 111113 169177 350350 172000 276276 147147 
H_HR4_27_02, 136138 266266 128128 274274 140161 247257 176180 111111 165185 350350 168170 272284 147147 
H_HR5_07A_02, 132144 266268 122126 274274 143146 241269 182190 107113 167169 350350 168174 278302 147147 
H_HR5_10_01, 134134 266268 124128 277277 143000 241243 172178 111113 167169 350350 170172 268268 147149 
H_HR5_11_01, 130140 266268 122124 274277 140146 243253 154180 105113 169169 350350 172188 276282 147149 
H_HR5_19A_04, 140146 266268 124126 274277 143146 235247 178184 111113 177181 000000 172182 276280 145149 
H_HR5_23_01, 132140 266266 122130 277277 134146 239241 174190 109113 165169 350354 170176 276280 145147 
H_HR5_24_02, 134152 266266 124130 274277 143146 235257 178182 111111 169187 350350 174174 268276 147149 
H_HR5_32_02, 134138 266268 122126 274274 137161 235243 174182 111111 167179 350350 168180 272280 145145 
H_HR5_32_03, 132142 266266 116130 274277 140143 239243 168178 111113 169169 350350 170176 268288 145147 
H_HR6_12C_04, 136140 266266 126128 274277 146146 231247 154168 107000 169177 350350 170174 268276 147147 
H_HR6_19A_03, 134136 266268 126126 274274 143146 243243 180186 115115 171175 350350 170174 284284 145147 
H_HR6_19A_04, 132140 266266 122124 274277 146161 243245 168170 113113 171175 350350 176182 276298 145147 
H_HR6_26_01, 134138 266266 128132 274277 119143 253253 178184 111111 169173 350350 172174 276282 147147 
H_HR7_04_05, 132132 266268 124126 274274 140146 241243 172180 111113 171175 350350 172174 276280 147147 
H_HR7_07A_03, 140144 266266 124128 274274 146146 235241 176184 107113 169173 350350 170172 282290 147147 
H_HR7_10_06, 132134 266266 126128 274274 140146 243255 176188 111000 169169 350350 170174 270284 147147 
H_HR7_12C_07, 132134 266268 126130 274277 140146 241247 176178 107111 167169 000000 172174 274294 145145 
H_HR7_27_03, 134144 266266 130132 274274 146146 243257 176178 113113 171183 350354 172176 280284 145147 
H_HR8_24_02, 130138 266266 124128 274277 140146 243245 170186 107113 165169 350350 178000 274278 145147 
H_HR8_25_02, 134140 266268 124126 274277 134146 241255 170188 111113 169171 350350 172174 272280 145147 
H_HR8_27_05, 134134 266266 126130 274277 143149 239249 168190 111111 173175 350350 168172 276282 147147       