impatiens_pp0.8 ! C, Dataset name, Length<51
impatiens_pp0.8 ! C, Main output file name, Length<21
1000 ! I, Number of offspring in the sample
12 ! I, Number of loci
123 ! I, Seed for random number generator
0 ! B, 0/1=Not updating/updating allele frequency
2 ! 2/1=Dioecious/Monoecious
0 ! 0/1=No inbreeding/inbreeding
1 ! B, 0/1=Diploid species/HaploDiploid species
1 1 ! B, 0/1=Polygamy/Monogamy for males & females
0 ! 0/1=No clone inference/clone inference
0 ! 0/1=No scaling/sibship size scaling
0 0 0 ! B, R, R : Use sibship prior, Y/N=1/0. If Yes, give mean paternal, maternal sibship size
0 ! B, 0/1=Unknown/Known population allele frequency

1 ! I, Number of runs
3 ! I, Length of Run (1, 2, 3) = (Short, Medium, Long)
1 ! B, 0/1=Monitor method by Iterate#/Time in second
60 ! I, Monitor interval in Iterate#/Seconds
0 ! B, 0/1=Other platform/Windows execution
1 ! 1/0=Full-likelihood/pairwise-likelihood score method
3 ! 1/2/3=low/medium/high precision


BT10 B96 BTMS0059 BTMS0081 BTMS0062 B126 BTERN01 B124 BTMS0057 BT30 B10 BTMS0083 !Marker IDs
0 0 0 0 0 0 0 0 0 0 0 0 !Marker types, 0/1=Codominant/Dominant
0 0 0 0 0 0 0 0 0 0 0 0 !Marker-specific allelic dropout rate
0 0 0 0 0 0 0 0 0 0 0 0 !Other marker-specific typing-error rate


Ind1 NA 153 NA 242 NA 359 NA 312 NA 286 NA 168 NA 137 NA 281 NA 118 200 191 NA 208 298 294 !Offspring ID and genotypes
Ind2 NA 143 NA 252 NA 355 NA 312 278 278 NA 166 135 137 NA 273 NA 120 NA 191 NA 238 NA 290 
Ind3 NA 157 NA 242 NA 355 NA 312 NA 278 NA 178 143 137 NA 303 NA 120 NA 191 NA 210 NA 282 
Ind4 NA 157 NA 242 NA 355 NA 312 NA 278 NA 178 143 137 NA 303 NA 124 NA 191 NA 210 NA 298 
Ind5 NA 173 NA 242 NA 355 312 312 NA 294 NA 170 NA 135 NA 267 NA 112 NA 191 NA 206 NA 306 
Ind6 165 169 NA 246 NA 355 NA 312 NA 258 NA 166 135 141 NA 271 NA 120 191 191 NA 206 298 308 
Ind7 NA 167 NA 240 NA 355 NA 308 NA 252 NA 166 139 141 NA 271 120 118 NA 191 NA 198 292 290 
Ind8 NA 167 NA 248 NA 355 NA 308 NA 286 NA 166 139 137 NA 271 120 124 NA 188 NA 214 292 306 
Ind9 NA 157 NA 246 355 359 NA 312 NA 278 NA 176 NA 135 NA 267 130 124 188 191 NA 208 NA 298 
Ind10 NA 177 242 248 NA 355 NA 312 NA 276 NA 168 NA 135 NA 265 NA 122 NA 191 NA 214 NA 286 
Ind11 NA 169 NA 254 NA 355 312 312 NA 286 NA 168 NA 137 NA 265 NA 130 NA 191 NA 206 NA 280 
Ind12 153 153 NA 240 NA 359 NA 312 NA 288 NA 170 NA 139 NA 261 NA 124 NA 188 206 214 NA 290 
Ind13 NA 157 NA 240 NA 355 NA 312 NA 292 172 170 NA 137 NA 263 NA 122 NA 191 NA 206 NA 284 
Ind14 NA 153 NA 242 NA 355 NA 312 NA 266 178 170 NA 143 269 267 NA 118 NA 188 NA 196 NA 308 
Ind15 NA 169 NA 246 355 355 NA 308 NA 278 170 170 NA 137 NA 275 NA 116 NA 185 NA 210 NA 290 
Ind16 NA 157 NA 240 355 355 NA 308 NA 278 170 170 NA 135 NA 275 NA 124 NA 185 NA 206 NA 290 
Ind17 NA 161 NA 240 NA 359 NA 312 NA 278 NA 170 NA 137 NA 267 118 120 NA 191 NA 206 NA 294 
Ind18 NA 161 NA 240 NA 355 NA 312 NA 278 NA 170 NA 137 NA 267 118 116 NA 191 NA 210 NA 304 
Ind19 NA 161 NA 240 NA 355 NA 308 NA 298 NA 170 NA 137 NA 259 118 120 NA 191 NA 210 NA 304 
Ind20 159 173 242 242 NA 355 NA 308 NA 266 NA 178 NA 135 NA 267 NA 126 NA 191 NA 206 NA 286 
Ind21 NA 165 NA 240 NA 359 NA 308 NA 278 NA 172 NA 143 265 271 124 112 NA 191 NA 190 282 282 
Ind22 NA 165 NA 248 NA 359 NA 308 NA 278 NA 172 NA 143 265 271 124 120 NA 188 NA 190 282 292 
Ind23 NA 153 NA 248 NA 355 312 312 NA 278 172 178 135 137 NA 271 NA 118 NA 191 NA 208 NA 298 
Ind24 NA 177 NA 264 NA 355 312 312 NA 278 172 178 135 137 NA 271 NA 118 NA 191 NA 208 NA 298 
Ind25 153 181 252 246 NA 355 312 308 NA 278 NA 178 NA 135 265 259 NA 118 NA 191 NA 210 NA 298 
Ind26 NA 171 278 240 NA 355 NA 312 NA 286 174 164 NA 135 NA 269 NA 118 191 191 NA 206 NA 284 
Ind27 NA 157 NA 240 355 363 308 308 298 298 NA 176 NA 133 NA 259 NA 124 NA 191 NA 206 282 294 
Ind28 NA 157 NA 240 355 363 308 312 298 272 NA 170 NA 133 NA 265 NA 124 NA 191 NA 206 282 294 
Ind29 NA 169 NA 240 355 363 308 308 298 298 NA 176 NA 133 NA 259 NA 120 NA 191 NA 206 282 294 
Ind30 NA 153 NA 242 355 355 NA 312 NA 278 184 182 NA 135 263 265 NA 124 191 200 206 206 282 290 
Ind31 NA 181 240 244 NA 339 NA 308 296 286 NA 182 137 137 NA 267 NA 124 NA 188 NA 214 NA 278 
Ind32 NA 157 242 248 363 355 304 312 NA 248 NA 178 NA 143 NA 271 NA 116 NA 191 NA 206 NA 278 
Ind33 NA 165 NA 242 NA 355 NA 312 NA 278 NA 170 NA 135 NA 259 NA 120 NA 191 NA 206 NA 294 
Ind34 NA 181 NA 242 NA 355 NA 312 NA 278 NA 170 NA 135 NA 259 NA 118 NA 191 NA 206 NA 288 
Ind35 NA 165 NA 242 NA 355 NA 312 NA 248 NA 170 NA 135 NA 259 NA 120 NA 191 NA 206 NA 294 
Ind36 NA 165 NA 242 NA 355 NA 312 NA 278 NA 170 NA 135 NA 259 NA 120 NA 191 NA 206 NA 288 
Ind37 NA 157 NA 242 NA 355 NA 312 NA 252 NA 172 NA 141 NA 265 126 124 NA 191 206 206 NA 294 
Ind38 NA 157 NA 242 NA 363 NA 312 NA 298 NA 172 NA 143 NA 261 126 124 NA 188 206 206 NA 294 
Ind39 NA 159 NA 242 NA 355 NA 312 NA 278 NA 176 NA 135 NA 275 124 120 NA 191 NA 190 290 294 
Ind40 NA 159 NA 238 355 355 NA 312 NA 278 NA 172 NA 135 263 265 118 130 NA 191 NA 210 290 318 
Ind41 NA 157 240 242 355 359 NA 308 NA 278 168 176 NA 137 NA 275 NA 120 NA 191 NA 206 NA 294 
Ind42 NA 163 242 242 339 339 NA 312 NA 252 NA 176 NA 137 NA 269 NA 130 NA 191 NA 198 NA 294 
Ind43 NA 163 242 242 339 339 NA 312 NA 288 NA 176 NA 137 NA 259 NA 112 NA 188 NA 238 NA 290 
Ind44 NA 157 NA 248 NA 339 NA 312 NA 248 NA 164 NA 133 NA 271 NA 118 NA 191 NA 204 NA 278 
Ind45 NA 159 NA 252 NA 359 NA 312 NA 252 170 174 NA 135 NA 275 NA 124 NA 191 NA 196 NA 290 
Ind46 NA 159 NA 240 NA 359 NA 312 NA 252 170 174 NA 135 NA 275 NA 118 NA 191 NA 196 NA 290 
Ind47 NA 159 NA 252 NA 355 NA 312 NA 252 170 168 NA 135 NA 275 NA 124 NA 191 NA 190 NA 290 
Ind48 143 157 NA 238 NA 355 NA 308 NA 288 NA 176 NA 135 NA 271 NA 126 NA 191 NA 208 NA 300 
Ind49 NA 173 NA 242 NA 355 NA 308 NA 278 NA 176 NA 135 NA 267 NA 130 188 191 NA 206 NA 318 
Ind50 NA 177 NA 254 NA 359 NA 308 NA 288 NA 170 NA 141 NA 269 NA 116 NA 191 NA 206 NA 300 
Ind51 NA 165 NA 254 NA 355 NA 312 NA 278 NA 166 NA 135 NA 267 NA 116 NA 188 NA 204 NA 298 
Ind52 NA 157 NA 242 NA 363 NA 312 NA 278 NA 172 NA 141 269 267 NA 116 191 191 NA 206 290 280 
Ind53 NA 157 NA 250 359 355 NA 312 NA 248 NA 170 NA 137 269 265 NA 124 NA 191 NA 206 NA 298 
Ind54 NA 159 242 246 NA 339 NA 312 NA 272 NA 176 NA 133 NA 259 NA 126 188 188 NA 206 NA 282 
Ind55 NA 161 NA 242 NA 359 NA 308 268 296 NA 172 NA 135 NA 269 NA 120 NA 191 NA 206 306 294 
Ind56 165 165 240 242 355 339 NA 312 NA 296 NA 182 NA 137 NA 265 NA 118 NA 191 NA 198 306 290 
Ind57 NA 157 NA 240 359 355 NA 312 288 278 NA 178 NA 137 NA 265 NA 130 NA 191 NA 208 306 282 
Ind58 NA 143 NA 250 NA 355 308 308 NA 278 NA 170 NA 143 NA 275 NA 124 NA 191 206 214 NA 294 
Ind59 171 157 NA 242 339 339 312 308 286 258 NA 170 NA 135 263 259 NA 124 NA 188 206 206 NA 294 
Ind60 NA 165 NA 240 NA 359 NA 308 NA 248 NA 168 NA 137 NA 271 NA 126 191 191 NA 198 NA 288 
Ind61 NA 157 NA 264 NA 359 NA 308 NA 288 NA 168 NA 137 NA 271 NA 126 191 191 NA 198 NA 294 
Ind62 NA 153 240 242 NA 359 NA 312 NA 272 NA 170 NA 137 259 267 NA 126 NA 188 NA 208 NA 294 
Ind63 165 165 NA 254 NA 355 NA 312 NA 278 NA 170 NA 135 NA 303 NA 124 NA 191 NA 198 NA 284 
Ind64 NA 157 NA 246 NA 363 NA 308 278 272 NA 166 137 135 NA 263 NA 124 NA 191 206 198 NA 282 
Ind65 NA 165 NA 246 NA 359 312 312 NA 252 NA 178 NA 135 257 265 NA 112 NA 191 NA 206 NA 294 
Ind66 NA 169 NA 254 NA 359 312 312 NA 252 NA 178 NA 135 257 257 NA 112 NA 191 NA 206 NA 300 
Ind67 NA 165 NA 246 NA 359 NA 312 NA 278 NA 178 135 135 NA 275 NA 124 NA 191 NA 204 NA 304 
Ind68 NA 157 NA 242 NA 355 308 312 NA 298 NA 164 NA 137 NA 267 NA 120 NA 188 NA 198 NA 292 
Ind69 NA 177 NA 242 NA 339 NA 312 268 298 NA 172 NA 135 NA 267 NA 120 NA 191 NA 214 NA 278 
Ind70 157 173 NA 278 355 363 NA 312 NA 286 NA 176 143 135 267 267 118 118 NA 188 NA 206 NA 318 
Ind71 NA 165 NA 242 NA 355 NA 312 NA 248 NA 170 NA 137 NA 267 124 118 NA 191 NA 206 NA 294 
Ind72 NA 183 NA 238 NA 359 NA 308 NA 252 170 176 NA 143 NA 259 NA 122 NA 191 NA 190 NA 318 
Ind73 NA 183 NA 246 NA 363 NA 308 NA 252 170 170 NA 143 NA 259 NA 124 NA 191 NA 214 NA 318 
Ind74 169 167 NA 246 NA 339 NA 308 NA 288 NA 170 NA 135 NA 275 NA 124 NA 191 NA 214 288 292 
Ind75 NA 171 NA 246 NA 339 NA 312 NA 278 NA 168 NA 133 NA 263 124 130 NA 191 198 206 NA 294 
Ind76 NA 153 252 240 NA 359 NA 308 NA 298 NA 170 NA 137 NA 281 NA 118 NA 185 206 206 NA 318 
Ind77 NA 157 NA 242 NA 359 NA 312 NA 250 NA 170 143 135 NA 275 NA 120 NA 191 NA 198 292 282 
Ind78 169 143 252 240 NA 363 NA 312 286 248 NA 178 NA 135 NA 267 NA 118 NA 191 198 208 NA 294 
Ind79 NA 165 NA 242 NA 363 NA 312 NA 272 NA 170 NA 135 NA 263 116 124 NA 191 NA 208 278 282 
Ind80 NA 171 NA 240 NA 339 NA 308 272 278 NA 170 NA 135 NA 263 NA 120 191 191 210 204 308 284 
Ind81 NA 155 NA 262 355 339 NA 312 NA 296 NA 168 NA 137 NA 265 116 118 NA 200 206 206 NA 306 
Ind82 NA 159 NA 278 NA 359 308 312 NA 278 168 176 NA 135 NA 267 NA 124 NA 191 NA 190 NA 286 
Ind83 NA 173 NA 240 NA 339 NA 312 NA 278 NA 182 NA 137 NA 265 NA 120 NA 200 NA 212 NA 282 
Ind84 NA 165 NA 240 355 355 NA 308 NA 266 NA 172 147 141 NA 269 NA 120 NA 194 NA 206 NA 292 
Ind85 165 161 NA 242 NA 355 312 312 NA 278 NA 164 NA 135 NA 267 NA 126 NA 191 NA 206 NA 294 
Ind86 165 161 NA 278 NA 355 312 308 NA 278 NA 176 NA 135 NA 267 NA 126 NA 191 NA 206 NA 302 
Ind87 165 171 NA 242 NA 355 312 312 NA 278 NA 176 NA 135 NA 267 NA 126 NA 191 NA 206 NA 302 
Ind88 NA 173 NA 242 NA 339 NA 312 NA 248 NA 178 NA 141 NA 263 NA 120 NA 188 NA 238 294 300 
Ind89 NA 157 NA 240 NA 339 NA 312 NA 248 NA 178 NA 141 NA 263 NA 120 NA 188 NA 198 294 286 
Ind90 NA 165 NA 242 NA 355 NA 308 NA 252 NA 168 NA 133 NA 267 NA 124 NA 191 NA 198 NA 278 
Ind91 NA 165 NA 246 NA 355 NA 312 NA 278 NA 164 NA 135 NA 267 NA 126 NA 191 NA 214 NA 282 
Ind92 NA 153 240 242 NA 355 NA 308 NA 286 NA 168 NA 135 NA 275 NA 112 NA 200 NA 214 NA 288 
Ind93 NA 171 NA 244 339 359 NA 312 272 286 NA 168 NA 137 267 269 120 120 NA 191 NA 190 NA 280 
Ind94 NA 171 NA 244 339 359 NA 308 272 252 NA 168 NA 139 267 271 120 120 NA 191 NA 190 NA 290 
Ind95 NA 155 NA 254 NA 359 NA 312 NA 252 NA 172 NA 135 NA 265 NA 124 NA 188 NA 198 NA 278 
Ind96 NA 157 242 254 NA 359 NA 308 NA 276 176 170 NA 141 NA 267 124 118 NA 191 NA 206 NA 284 
Ind97 NA 171 242 250 NA 359 NA 308 NA 278 176 170 NA 137 NA 267 124 118 NA 191 NA 206 NA 286 
Ind98 NA 143 NA 242 NA 339 312 312 272 286 NA 170 NA 139 NA 267 NA 120 NA 191 NA 208 NA 282 
Ind99 153 157 NA 246 339 355 308 308 278 288 166 168 NA 135 NA 265 NA 120 NA 188 NA 238 NA 284 
Ind100 177 153 NA 240 339 355 NA 312 276 268 NA 170 NA 141 NA 265 NA 124 NA 191 NA 206 NA 286 
Ind101 177 159 NA 240 339 355 NA 312 276 268 NA 164 NA 141 NA 265 NA 124 NA 191 NA 206 NA 318 
Ind102 177 159 NA 240 339 355 NA 312 276 268 NA 170 NA 141 NA 265 NA 124 NA 191 NA 206 NA 286 
Ind103 NA 163 254 254 NA 339 308 308 278 286 NA 168 NA 137 NA 267 NA 116 NA 191 NA 206 NA 290 
Ind104 NA 175 NA 242 355 359 NA 312 NA 296 NA 176 NA 137 NA 271 NA 118 NA 194 206 198 NA 288 
Ind105 NA 175 NA 242 355 339 NA 312 NA 276 NA 176 NA 143 NA 267 NA 118 NA 194 206 198 NA 298 
Ind106 NA 171 NA 242 NA 355 NA 312 NA 292 176 168 135 135 NA 267 NA 120 NA 191 NA 206 294 280 
Ind107 159 159 NA 242 NA 339 NA 308 NA 278 172 172 NA 135 NA 263 NA 130 NA 188 NA 212 NA 294 
Ind108 NA 165 NA 242 NA 339 NA 312 NA 294 NA 168 NA 143 NA 265 NA 124 191 188 NA 206 NA 294 
Ind109 NA 177 NA 242 NA 355 NA 312 NA 248 170 164 NA 135 269 281 NA 124 191 191 210 206 292 306 
Ind110 NA 153 NA 246 NA 355 312 312 NA 276 174 164 NA 133 NA 271 NA 124 NA 188 NA 198 NA 294 
Ind111 NA 165 NA 248 NA 355 312 312 268 278 NA 166 NA 133 NA 269 NA 116 NA 191 NA 214 NA 290 
Ind112 NA 165 NA 246 NA 355 312 312 268 292 NA 166 NA 135 NA 269 NA 116 NA 191 NA 214 NA 300 
Ind113 NA 167 NA 246 NA 355 312 312 268 292 NA 178 NA 133 NA 269 NA 116 NA 191 NA 214 NA 290 
Ind114 NA 155 NA 240 NA 355 NA 308 NA 278 NA 176 NA 135 NA 265 124 112 NA 191 NA 206 NA 300 
Ind115 NA 181 NA 254 355 355 NA 308 NA 296 NA 178 NA 135 NA 267 NA 124 NA 191 206 216 NA 292 
Ind116 NA 167 NA 246 NA 355 NA 308 NA 252 NA 178 NA 135 NA 265 NA 120 NA 191 NA 202 NA 290 
Ind117 NA 153 NA 240 NA 355 NA 308 NA 278 NA 176 NA 139 259 271 130 124 191 191 NA 204 NA 294 
Ind118 NA 155 NA 242 339 339 312 312 NA 278 168 168 137 137 NA 265 NA 112 NA 188 210 190 NA 284 
Ind119 NA 179 NA 242 NA 355 308 308 NA 266 NA 182 NA 135 NA 267 118 116 NA 191 NA 206 NA 282 
Ind120 NA 173 NA 242 NA 355 308 312 NA 278 NA 170 NA 135 NA 273 NA 124 191 191 NA 238 290 284 
Ind121 NA 169 NA 246 355 355 NA 312 288 288 NA 170 NA 141 NA 299 NA 124 191 191 NA 214 NA 286 
Ind122 NA 165 NA 242 NA 339 NA 304 NA 278 NA 178 NA 137 265 259 NA 112 NA 191 NA 206 NA 300 
Ind123 NA 161 246 254 NA 355 NA 308 NA 278 NA 178 NA 141 275 267 120 120 NA 191 NA 206 NA 290 
Ind124 NA 173 NA 252 NA 355 NA 308 278 286 172 178 NA 135 NA 263 NA 130 NA 191 NA 214 NA 292 
Ind125 NA 169 NA 254 NA 355 NA 304 298 298 NA 170 NA 135 NA 267 NA 114 NA 191 198 206 NA 306 
Ind126 NA 173 246 240 339 355 NA 312 NA 272 176 176 NA 139 NA 265 NA 112 NA 191 190 206 NA 282 
Ind127 NA 153 NA 242 355 355 NA 308 NA 278 NA 164 141 135 NA 265 120 112 NA 191 NA 206 NA 294 
Ind128 NA 157 NA 262 355 355 NA 308 NA 278 NA 170 141 135 NA 275 120 124 NA 191 NA 206 NA 286 
Ind129 NA 157 NA 242 355 355 NA 308 NA 288 NA 170 141 135 NA 265 120 124 NA 191 NA 198 NA 286 
Ind130 NA 175 246 240 NA 355 308 312 NA 278 NA 170 NA 135 NA 259 NA 112 NA 191 NA 206 NA 308 
Ind131 NA 153 246 240 NA 359 308 312 NA 278 NA 176 NA 143 NA 259 NA 118 NA 191 NA 206 NA 308 
Ind132 NA 157 NA 256 NA 355 NA 312 278 272 NA 170 NA 141 NA 267 NA 118 NA 191 NA 206 NA 294 
Ind133 NA 161 NA 240 NA 355 NA 308 NA 278 NA 178 NA 135 NA 267 NA 130 191 188 206 206 294 294 
Ind134 163 153 NA 240 NA 355 NA 312 NA 278 170 172 NA 135 NA 275 NA 118 NA 191 NA 198 NA 298 
Ind135 NA 155 NA 242 NA 359 NA 312 NA 266 176 172 135 137 NA 275 120 122 191 188 NA 210 NA 286 
Ind136 NA 153 NA 238 NA 359 308 308 NA 286 NA 172 NA 135 NA 265 NA 124 NA 188 NA 210 NA 292 
Ind137 NA 153 NA 238 NA 359 308 308 NA 286 NA 172 NA 135 NA 265 NA 126 NA 188 NA 210 NA 306 
Ind138 NA 169 246 238 NA 339 NA 312 NA 292 NA 168 NA 143 259 271 NA 118 NA 194 NA 200 290 290 
Ind139 NA 157 NA 254 NA 355 NA 312 NA 248 NA 164 NA 135 NA 261 NA 124 NA 188 NA 212 NA 294 
Ind140 NA 157 NA 254 NA 355 NA 308 NA 248 NA 164 NA 135 NA 261 NA 124 NA 188 NA 212 NA 294 
Ind141 NA 157 NA 238 NA 355 NA 312 NA 272 NA 168 NA 143 NA 265 NA 120 NA 191 NA 206 NA 284 
Ind142 165 171 NA 246 NA 339 NA 312 NA 296 NA 176 133 135 NA 275 NA 116 NA 191 NA 198 NA 282 
Ind143 NA 161 NA 240 NA 359 NA 304 NA 296 NA 170 NA 137 NA 259 NA 124 NA 191 NA 206 NA 294 
Ind144 NA 159 NA 242 NA 339 NA 308 NA 278 NA 170 NA 139 NA 265 NA 124 NA 191 NA 206 NA 308 
Ind145 NA 171 NA 242 NA 359 NA 308 NA 278 NA 170 NA 139 NA 265 NA 126 NA 191 NA 198 NA 308 
Ind146 NA 187 248 254 NA 355 NA 308 286 298 NA 166 NA 143 NA 267 NA 124 NA 191 NA 210 290 298 
Ind147 NA 187 248 254 NA 359 NA 308 286 298 NA 168 NA 143 NA 267 NA 124 NA 191 NA 210 290 298 
Ind148 NA 143 NA 240 NA 355 NA 312 NA 272 NA 178 NA 135 NA 267 NA 120 NA 191 NA 214 NA 308 
Ind149 NA 143 NA 240 NA 355 NA 308 NA 272 NA 178 NA 135 NA 271 NA 120 NA 191 NA 214 NA 308 
Ind150 NA 157 246 242 NA 359 NA 312 NA 248 NA 170 NA 137 NA 265 NA 120 188 188 NA 210 278 318 
Ind151 NA 155 NA 238 NA 355 NA 312 NA 278 NA 176 NA 135 NA 259 NA 120 NA 188 NA 204 300 318 
Ind152 NA 171 NA 242 355 355 308 312 NA 276 NA 178 NA 141 NA 263 120 118 191 191 NA 210 NA 294 
Ind153 NA 157 NA 240 NA 359 NA 308 NA 306 NA 170 135 135 267 267 NA 120 NA 185 198 206 NA 306 
Ind154 NA 165 NA 240 NA 359 NA 308 NA 266 NA 170 135 135 267 265 NA 120 NA 191 198 206 NA 318 
Ind155 NA 173 NA 238 NA 363 NA 308 NA 292 NA 170 143 135 NA 269 116 120 NA 191 NA 206 NA 290 
Ind156 NA 173 NA 238 NA 363 NA 308 NA 294 NA 170 143 141 NA 269 116 120 NA 191 NA 206 NA 290 
Ind157 NA 181 NA 254 NA 359 NA 312 NA 252 NA 170 NA 135 NA 267 NA 124 NA 191 NA 214 NA 318 
Ind158 NA 155 NA 246 NA 355 NA 312 NA 252 NA 170 NA 135 NA 267 NA 124 NA 188 NA 214 NA 318 
Ind159 NA 175 NA 246 355 359 NA 308 NA 278 170 170 NA 135 NA 267 NA 120 NA 191 NA 198 NA 318 
Ind160 175 157 NA 240 NA 355 NA 308 268 298 NA 170 NA 143 NA 265 126 124 191 191 NA 198 NA 280 
Ind161 NA 143 240 238 NA 359 NA 312 NA 278 NA 176 NA 135 NA 269 124 116 NA 191 NA 206 NA 294 
Ind162 NA 143 240 238 NA 359 NA 312 NA 290 NA 176 NA 135 NA 269 124 118 NA 191 NA 206 NA 294 
Ind163 NA 153 NA 242 NA 355 NA 312 NA 288 NA 174 NA 143 NA 259 NA 124 188 191 210 198 NA 294 
Ind164 NA 153 NA 242 NA 355 NA 308 NA 288 NA 174 NA 137 NA 259 NA 124 188 191 210 198 NA 294 
Ind165 NA 173 240 240 NA 339 NA 312 NA 292 170 170 NA 135 NA 267 NA 120 NA 185 NA 198 NA 286 
Ind166 NA 175 242 246 NA 359 NA 312 NA 268 NA 176 NA 135 NA 271 NA 120 NA 191 NA 206 NA 294 
Ind167 NA 159 NA 242 NA 359 NA 308 278 278 170 176 NA 137 NA 265 NA 124 NA 191 NA 206 NA 284 
Ind168 NA 171 252 240 NA 355 NA 312 NA 276 NA 178 NA 137 NA 259 NA 124 NA 191 NA 196 NA 318 
Ind169 173 177 NA 242 NA 355 NA 308 NA 266 NA 166 NA 137 NA 261 NA 120 NA 191 NA 206 NA 294 
Ind170 NA 161 NA 246 NA 355 NA 312 NA 294 NA 172 NA 135 NA 267 NA 124 NA 191 NA 206 NA 284 
Ind171 173 169 NA 242 NA 355 NA 308 NA 278 NA 168 NA 137 NA 267 NA 112 NA 191 NA 214 NA 290 
Ind172 173 169 NA 242 NA 355 NA 312 NA 252 NA 168 NA 137 NA 267 NA 120 NA 191 NA 206 NA 284 
Ind173 169 179 NA 242 NA 355 NA 312 NA 252 NA 174 NA 137 NA 259 NA 120 188 191 NA 210 NA 290 
Ind174 169 179 NA 240 NA 355 NA 312 NA 252 NA 174 NA 137 NA 259 NA 120 188 188 NA 210 NA 318 
Ind175 NA 153 NA 242 NA 339 312 312 NA 266 NA 170 139 135 NA 265 NA 116 NA 191 NA 198 NA 294 
Ind176 NA 171 NA 242 355 359 NA 308 NA 272 NA 182 NA 135 NA 263 NA 130 191 191 NA 206 NA 290 
Ind177 NA 171 NA 242 NA 355 NA 312 NA 286 178 176 NA 137 NA 259 NA 120 NA 200 NA 198 NA 294 
Ind178 NA 157 NA 242 NA 355 NA 312 NA 252 178 176 NA 137 NA 267 NA 120 NA 188 NA 198 NA 294 
Ind179 NA 169 242 242 NA 363 NA 308 NA 278 NA 176 NA 143 271 265 NA 118 NA 200 NA 206 282 282 
Ind180 NA 167 NA 244 NA 359 NA 312 NA 272 170 168 NA 135 NA 263 NA 118 191 191 NA 214 NA 294 
Ind181 NA 167 NA 254 NA 355 NA 312 NA 298 170 170 133 139 NA 263 NA 120 NA 191 196 206 NA 294 
Ind182 NA 173 NA 254 NA 355 NA 312 NA 298 170 168 133 139 NA 269 NA 120 NA 191 196 206 NA 288 
Ind183 NA 167 NA 242 NA 339 NA 308 NA 266 NA 174 NA 135 NA 271 NA 116 191 188 NA 198 NA 286 
Ind184 NA 167 NA 242 NA 355 NA 308 NA 248 NA 174 NA 135 NA 271 NA 124 191 188 NA 198 NA 286 
Ind185 NA 157 NA 246 NA 355 NA 312 248 278 170 170 NA 135 NA 299 124 120 NA 188 NA 206 NA 294 
Ind186 NA 161 NA 246 NA 363 NA 308 NA 278 NA 182 NA 143 NA 259 NA 118 NA 191 NA 198 NA 288 
Ind187 NA 155 NA 246 NA 355 NA 312 NA 298 NA 170 NA 135 NA 257 NA 126 NA 191 198 206 NA 282 
Ind188 NA 171 NA 242 NA 355 NA 308 NA 268 NA 170 NA 135 259 267 NA 126 NA 188 198 206 NA 318 
Ind189 NA 175 240 242 355 355 NA 308 NA 272 NA 170 NA 137 NA 265 NA 124 NA 188 206 208 NA 306 
Ind190 NA 157 240 246 355 355 NA 308 NA 288 NA 170 NA 137 NA 271 NA 124 NA 188 206 208 NA 306 
Ind191 NA 175 240 242 355 355 NA 308 NA 288 NA 164 NA 137 NA 265 NA 124 NA 188 206 208 NA 306 
Ind192 NA 157 NA 250 NA 355 NA 308 NA 272 NA 168 NA 137 NA 267 118 116 NA 191 206 206 NA 306 
Ind193 NA 159 NA 252 359 363 NA 312 NA 248 NA 176 NA 135 NA 273 116 130 NA 185 NA 206 NA 294 
Ind194 NA 165 240 240 NA 355 NA 312 NA 268 170 170 137 141 257 267 NA 124 191 188 NA 210 NA 282 
Ind195 NA 159 NA 262 NA 355 NA 312 NA 252 NA 174 NA 137 NA 275 NA 130 NA 188 NA 206 NA 288 
Ind196 NA 159 NA 242 NA 359 NA 308 NA 252 NA 170 137 135 NA 269 120 124 191 191 198 206 300 298 
Ind197 NA 159 NA 240 NA 359 NA 312 NA 252 NA 170 137 135 NA 269 120 124 191 191 198 206 300 308 
Ind198 143 171 242 240 NA 355 NA 308 NA 278 NA 170 NA 137 267 267 NA 116 NA 200 NA 204 NA 304 
Ind199 NA 157 NA 240 355 363 NA 312 NA 278 NA 168 NA 135 NA 271 NA 116 NA 191 NA 206 NA 286 
Ind200 NA 163 NA 240 NA 355 304 308 272 292 NA 170 135 143 NA 275 NA 130 NA 191 NA 198 NA 292 
Ind201 NA 157 242 238 NA 355 NA 308 278 306 NA 172 NA 137 NA 257 124 112 NA 188 198 214 288 278 
Ind202 NA 157 NA 240 NA 355 312 312 NA 248 NA 178 137 135 NA 267 NA 116 NA 191 NA 206 NA 318 
Ind203 157 171 NA 246 NA 359 NA 312 NA 272 NA 170 NA 135 NA 265 NA 124 NA 191 198 198 NA 278 
Ind204 NA 157 NA 242 NA 359 NA 308 NA 254 NA 170 NA 143 269 265 NA 116 NA 191 198 206 NA 282 
Ind205 157 157 NA 242 NA 355 312 304 NA 250 168 170 NA 135 NA 275 120 124 NA 191 NA 206 288 284 
Ind206 NA 157 NA 242 NA 355 NA 312 NA 278 NA 170 NA 137 NA 259 NA 124 NA 191 NA 190 NA 300 
Ind207 NA 157 NA 254 363 355 NA 308 NA 266 NA 170 135 135 NA 265 NA 124 NA 191 NA 206 NA 282 
Ind208 NA 175 NA 254 355 355 NA 312 NA 290 NA 170 NA 135 265 265 NA 124 191 188 NA 190 NA 286 
Ind209 NA 143 NA 242 NA 355 NA 308 292 248 NA 168 NA 135 NA 263 NA 118 NA 191 NA 198 NA 282 
Ind210 NA 153 NA 242 355 355 NA 308 NA 276 NA 170 NA 139 NA 275 NA 124 NA 191 NA 198 294 300 
Ind211 NA 163 NA 242 NA 363 308 312 NA 258 NA 170 135 133 NA 271 NA 124 NA 191 NA 206 318 286 
Ind212 187 153 254 242 NA 363 NA 312 248 268 NA 170 NA 143 NA 263 NA 120 NA 191 NA 206 NA 304 
Ind213 NA 157 240 254 NA 355 NA 312 NA 252 166 170 137 137 NA 263 112 122 NA 191 NA 206 NA 306 
Ind214 NA 171 NA 238 NA 339 NA 308 NA 252 NA 180 NA 135 NA 271 NA 112 NA 191 NA 206 NA 294 
Ind215 NA 171 NA 242 NA 359 312 308 NA 268 182 172 141 135 NA 269 120 124 NA 185 NA 198 NA 300 
Ind216 NA 177 NA 240 NA 355 NA 308 NA 278 NA 178 NA 143 269 269 NA 112 NA 191 NA 214 NA 290 
Ind217 NA 165 NA 238 NA 359 NA 312 NA 278 NA 168 NA 133 NA 267 NA 130 NA 191 NA 198 NA 318 
Ind218 NA 157 NA 246 NA 359 NA 312 328 278 NA 170 NA 137 NA 265 NA 120 NA 191 NA 210 NA 294 
Ind219 NA 157 NA 246 355 355 NA 312 NA 278 NA 170 137 143 NA 263 112 120 NA 191 NA 206 NA 318 
Ind220 153 151 NA 246 NA 359 NA 312 NA 288 168 170 NA 135 NA 275 120 118 NA 191 NA 190 NA 290 
Ind221 153 173 NA 240 NA 359 NA 312 NA 288 168 170 NA 141 NA 269 120 118 NA 191 NA 190 NA 290 
Ind222 NA 177 NA 240 NA 355 NA 312 NA 278 NA 170 NA 143 NA 257 NA 124 NA 191 NA 204 NA 286 
Ind223 NA 155 242 242 NA 359 NA 308 272 272 NA 170 NA 139 265 257 NA 112 NA 191 198 210 NA 294 
Ind224 NA 155 242 242 NA 359 NA 308 272 292 NA 170 NA 139 265 257 NA 112 NA 191 198 210 NA 294 
Ind225 NA 167 NA 242 NA 355 NA 312 NA 304 NA 168 NA 143 269 267 NA 124 NA 191 NA 206 NA 278 
Ind226 NA 157 NA 240 NA 355 NA 308 NA 272 NA 170 135 141 NA 267 NA 116 NA 191 206 200 318 288 
Ind227 NA 173 NA 246 NA 355 NA 312 278 298 NA 170 NA 135 NA 261 NA 116 NA 191 NA 214 NA 294 
Ind228 NA 173 NA 246 NA 355 NA 312 278 298 NA 170 NA 135 NA 261 NA 116 NA 191 NA 212 NA 294 
Ind229 NA 161 NA 246 355 355 NA 308 NA 278 NA 164 NA 137 NA 275 NA 120 NA 191 NA 214 NA 318 
Ind230 NA 153 NA 246 NA 359 NA 312 NA 248 NA 172 135 133 263 271 NA 124 NA 188 NA 210 NA 288 
Ind231 157 167 240 244 NA 359 NA 312 NA 272 NA 170 NA 135 NA 275 NA 118 NA 191 NA 206 NA 294 
Ind232 NA 161 NA 242 NA 355 NA 312 NA 286 NA 178 NA 135 NA 265 NA 120 NA 188 NA 206 NA 288 
Ind233 NA 161 NA 242 NA 355 NA 312 NA 286 NA 168 NA 135 NA 261 NA 112 NA 188 NA 206 NA 288 
Ind234 NA 153 NA 254 NA 339 NA 308 NA 288 NA 178 NA 143 267 271 128 124 NA 191 NA 204 318 290 
Ind235 NA 165 NA 246 NA 339 NA 312 NA 288 NA 178 NA 139 NA 275 NA 120 NA 191 NA 196 NA 294 
Ind236 161 151 254 242 NA 355 NA 312 NA 266 NA 178 NA 137 NA 271 NA 124 NA 191 NA 206 NA 288 
Ind237 161 157 NA 240 355 355 NA 312 278 278 176 172 NA 143 NA 263 NA 124 NA 191 206 198 290 284 
Ind238 NA 155 240 242 NA 355 NA 308 NA 298 NA 164 NA 135 275 269 128 116 NA 191 NA 206 NA 282 
Ind239 157 159 246 250 355 359 NA 312 NA 278 NA 172 NA 135 NA 285 NA 120 NA 191 NA 206 NA 306 
Ind240 157 167 NA 240 NA 355 NA 312 278 292 NA 178 NA 133 267 265 NA 120 NA 200 NA 214 NA 292 
Ind241 NA 153 244 242 355 355 NA 312 NA 252 NA 168 NA 141 NA 259 NA 120 NA 191 NA 206 NA 286 
Ind242 NA 169 NA 242 NA 359 NA 308 NA 298 NA 170 NA 139 265 269 NA 118 191 191 NA 200 NA 288 
Ind243 NA 179 NA 242 NA 339 NA 312 NA 248 NA 176 135 135 NA 269 NA 124 NA 191 NA 200 NA 282 
Ind244 NA 163 NA 242 NA 359 NA 308 278 306 NA 176 NA 135 NA 265 NA 130 191 191 NA 206 NA 280 
Ind245 NA 165 NA 240 NA 355 NA 308 328 278 NA 170 NA 135 NA 267 NA 120 191 194 NA 238 284 288 
Ind246 NA 173 NA 248 359 355 312 312 NA 278 NA 178 NA 133 267 265 112 120 NA 191 198 206 NA 284 
Ind247 NA 169 NA 242 355 355 NA 312 NA 252 172 176 NA 141 NA 265 NA 120 NA 191 NA 206 NA 294 
Ind248 NA 157 NA 242 355 355 NA 308 NA 252 172 176 NA 141 NA 265 NA 120 NA 191 NA 206 NA 306 
Ind249 159 159 NA 254 NA 355 NA 308 288 276 NA 172 NA 137 NA 269 NA 130 191 191 206 206 306 294 
Ind250 NA 161 NA 246 NA 355 NA 308 296 298 168 170 NA 143 NA 259 NA 112 NA 191 NA 208 NA 290 
Ind251 NA 163 NA 242 355 355 NA 308 NA 278 NA 178 NA 133 NA 271 NA 124 200 188 NA 206 NA 294 
Ind252 NA 177 NA 264 355 355 NA 312 NA 278 NA 168 NA 135 NA 259 NA 118 NA 188 206 206 NA 308 
Ind253 NA 169 NA 246 NA 363 NA 312 NA 252 NA 168 133 137 NA 273 NA 112 NA 191 NA 214 NA 318 
Ind254 NA 163 NA 242 NA 363 NA 308 NA 252 NA 168 133 137 NA 267 NA 112 NA 191 NA 198 NA 318 
Ind255 NA 165 248 240 NA 355 NA 312 NA 248 NA 166 NA 139 NA 271 NA 112 NA 191 NA 206 NA 300 
Ind256 NA 167 NA 242 NA 355 NA 312 NA 276 NA 174 NA 135 NA 269 NA 112 NA 191 NA 198 NA 290 
Ind257 NA 167 NA 246 NA 359 NA 312 NA 248 NA 174 NA 147 267 269 NA 128 NA 191 206 214 282 300 
Ind258 NA 155 240 242 NA 355 NA 312 NA 278 NA 170 NA 139 269 265 NA 116 191 191 NA 196 282 284 
Ind259 NA 159 NA 246 NA 355 NA 312 NA 298 NA 166 135 137 NA 267 NA 120 NA 191 NA 196 NA 318 
Ind260 NA 159 NA 264 NA 355 NA 312 NA 298 NA 166 135 137 NA 267 NA 124 NA 188 NA 196 NA 286 
Ind261 NA 157 NA 242 355 359 NA 312 NA 248 NA 178 NA 135 265 275 NA 112 NA 185 NA 206 NA 290 
Ind262 171 143 254 246 NA 359 NA 308 NA 268 NA 178 NA 133 NA 269 NA 112 191 191 190 200 NA 290 
Ind263 NA 175 NA 242 NA 359 312 308 NA 272 168 178 NA 137 NA 273 NA 118 188 191 210 204 NA 290 
Ind264 NA 161 NA 242 NA 355 NA 308 278 278 NA 172 NA 137 NA 269 NA 120 188 191 198 206 NA 282 
Ind265 NA 159 NA 242 NA 359 NA 308 268 278 164 178 NA 135 273 271 NA 124 NA 191 NA 206 NA 278 
Ind266 NA 173 NA 242 NA 359 NA 308 NA 276 NA 176 NA 141 NA 265 NA 118 NA 191 NA 198 NA 294 
Ind267 NA 169 NA 246 NA 355 NA 312 274 278 NA 168 NA 135 NA 269 124 124 NA 191 198 198 NA 298 
Ind268 NA 159 NA 254 NA 359 NA 308 NA 272 NA 176 NA 137 271 267 124 120 NA 191 NA 190 NA 284 
Ind269 NA 167 NA 242 355 355 304 308 298 278 NA 176 NA 135 NA 257 NA 116 191 188 206 214 NA 308 
Ind270 175 175 NA 248 NA 355 NA 312 NA 272 182 170 NA 137 265 265 NA 112 NA 191 NA 214 NA 318 
Ind271 NA 153 NA 242 NA 339 NA 312 NA 248 NA 168 NA 139 NA 265 NA 124 191 191 NA 206 282 290 
Ind272 NA 157 NA 242 NA 339 NA 312 NA 248 NA 168 NA 135 NA 267 NA 120 191 191 NA 210 282 290 
Ind273 NA 153 NA 242 NA 339 NA 312 NA 290 NA 170 NA 135 NA 265 NA 124 191 191 NA 206 282 308 
Ind274 NA 157 242 254 NA 355 NA 308 NA 252 NA 170 135 137 271 269 NA 124 NA 191 NA 206 NA 318 
Ind275 NA 161 NA 242 NA 355 NA 312 NA 248 NA 176 NA 135 269 267 NA 120 NA 188 NA 214 NA 298 
Ind276 161 157 NA 242 NA 339 NA 308 NA 298 NA 178 NA 133 NA 275 NA 124 NA 191 210 214 NA 306 
Ind277 NA 157 NA 248 NA 355 NA 312 NA 292 NA 166 NA 147 NA 275 130 126 191 191 NA 204 294 294 
Ind278 NA 171 240 246 NA 339 NA 308 NA 266 NA 170 NA 135 NA 267 NA 124 200 188 NA 206 282 286 
Ind279 NA 169 NA 242 NA 355 NA 312 NA 272 NA 164 NA 135 NA 267 NA 124 NA 191 NA 198 NA 284 
Ind280 NA 165 NA 252 NA 355 NA 312 NA 288 NA 170 NA 137 NA 259 NA 118 NA 191 NA 198 294 294 
Ind281 157 167 240 246 NA 355 308 308 290 304 NA 168 141 143 NA 269 NA 124 NA 188 NA 206 294 282 
Ind282 157 167 240 250 NA 359 308 308 290 298 NA 168 141 143 NA 269 NA 120 NA 188 NA 206 294 282 
Ind283 NA 175 NA 240 359 359 NA 312 NA 268 NA 170 141 143 NA 259 NA 124 NA 191 NA 198 NA 294 
Ind284 NA 157 NA 242 359 355 NA 312 288 268 NA 170 NA 135 NA 267 NA 120 NA 191 214 214 286 280 
Ind285 NA 161 NA 248 NA 355 NA 312 NA 292 NA 168 NA 137 NA 271 116 118 NA 191 NA 190 NA 290 
Ind286 NA 155 240 242 NA 355 NA 312 NA 278 NA 172 NA 135 257 267 NA 120 NA 191 NA 190 NA 282 
Ind287 NA 153 NA 246 NA 355 308 304 NA 290 NA 170 NA 135 NA 271 NA 112 NA 188 NA 206 NA 278 
Ind288 NA 153 NA 246 NA 355 308 304 NA 282 NA 164 NA 135 NA 271 NA 112 NA 185 NA 206 NA 304 
Ind289 NA 153 240 242 NA 339 312 308 NA 272 176 178 143 135 NA 271 NA 116 NA 191 204 198 NA 290 
Ind290 NA 165 NA 246 NA 359 NA 308 NA 278 NA 168 NA 135 NA 265 NA 118 NA 191 NA 198 282 318 
Ind291 NA 165 NA 246 NA 355 NA 312 NA 278 NA 168 NA 135 NA 265 NA 124 NA 191 NA 204 282 294 
Ind292 157 161 248 250 NA 355 312 312 NA 288 NA 176 NA 137 NA 257 NA 124 NA 191 NA 206 NA 290 
Ind293 NA 165 NA 242 NA 355 NA 308 NA 298 NA 176 NA 143 NA 265 NA 112 NA 191 NA 206 298 282 
Ind294 NA 173 NA 248 NA 359 312 312 NA 278 NA 182 NA 135 NA 271 124 128 NA 191 210 206 NA 292 
Ind295 NA 165 NA 254 NA 363 NA 308 NA 286 NA 178 NA 133 NA 269 NA 130 NA 191 NA 198 NA 292 
Ind296 179 173 NA 238 355 355 NA 312 328 252 NA 178 NA 137 NA 265 NA 124 NA 191 NA 216 282 284 
Ind297 NA 157 NA 248 NA 355 NA 308 NA 278 NA 176 NA 137 NA 257 NA 124 NA 191 NA 206 NA 300 
Ind298 NA 153 NA 242 NA 355 NA 312 266 278 NA 178 NA 139 NA 267 NA 124 NA 185 NA 198 NA 286 
Ind299 NA 157 NA 238 NA 355 NA 308 NA 248 170 178 NA 141 NA 263 112 124 NA 191 NA 214 280 282 
Ind300 NA 157 NA 242 NA 355 NA 308 NA 278 170 178 NA 141 NA 263 112 124 NA 191 NA 196 280 282 
Ind301 NA 165 NA 242 359 355 NA 312 NA 276 NA 164 NA 135 269 265 NA 118 NA 188 NA 214 278 292 
Ind302 NA 155 240 264 NA 359 308 312 NA 272 NA 176 NA 135 NA 269 NA 118 NA 191 NA 200 NA 288 
Ind303 NA 163 NA 242 NA 355 NA 312 NA 266 NA 170 NA 135 NA 257 NA 126 NA 188 204 210 NA 304 
Ind304 NA 157 238 242 NA 355 NA 312 NA 272 NA 178 NA 135 NA 267 NA 124 NA 188 198 206 NA 294 
Ind305 NA 167 NA 240 NA 339 NA 308 NA 294 NA 168 137 143 NA 265 NA 120 NA 191 NA 204 NA 292 
Ind306 NA 155 NA 240 NA 339 NA 312 NA 278 NA 168 137 143 NA 265 NA 120 NA 191 NA 204 NA 292 
Ind307 NA 155 NA 240 NA 339 NA 308 NA 294 NA 172 137 143 NA 267 NA 118 NA 191 NA 204 NA 292 
Ind308 157 157 NA 254 NA 355 312 312 NA 278 NA 164 NA 137 NA 259 NA 124 NA 191 196 206 NA 292 
Ind309 NA 165 242 242 NA 355 NA 312 NA 276 NA 170 NA 137 NA 265 NA 120 191 191 NA 198 NA 290 
Ind310 NA 153 NA 242 339 355 NA 312 272 278 NA 168 NA 143 NA 267 NA 120 NA 191 NA 206 NA 294 
Ind311 NA 153 NA 242 339 355 NA 312 272 258 NA 172 NA 143 NA 259 NA 118 NA 191 NA 198 NA 294 
Ind312 NA 153 250 242 NA 355 NA 312 NA 290 NA 168 NA 137 NA 271 NA 120 NA 191 NA 238 NA 298 
Ind313 NA 153 250 242 NA 359 NA 312 NA 286 NA 176 NA 135 NA 271 NA 120 NA 191 NA 238 NA 298 
Ind314 NA 173 NA 252 NA 355 312 312 NA 272 170 170 NA 135 NA 267 NA 120 191 188 NA 204 294 282 
Ind315 NA 165 NA 246 NA 355 312 312 NA 306 170 170 NA 133 NA 271 NA 120 191 191 NA 204 294 288 
Ind316 NA 169 254 238 NA 355 NA 312 NA 288 NA 176 NA 141 NA 275 NA 116 NA 194 198 208 NA 288 
Ind317 NA 173 NA 240 NA 359 312 312 NA 278 170 172 NA 135 NA 263 120 120 NA 191 NA 198 NA 318 
Ind318 NA 155 NA 240 NA 355 NA 308 NA 288 NA 170 135 135 265 275 116 124 191 191 NA 206 NA 290 
Ind319 NA 151 NA 240 NA 355 NA 312 NA 288 NA 170 135 135 265 275 116 130 191 191 NA 206 NA 290 
Ind320 NA 151 NA 240 NA 355 NA 312 NA 288 NA 170 135 135 265 275 116 124 191 191 NA 198 NA 290 
Ind321 NA 157 NA 254 NA 355 312 308 NA 266 168 172 NA 137 NA 275 NA 130 NA 200 NA 214 NA 284 
Ind322 NA 173 NA 254 NA 355 312 312 NA 288 178 170 NA 137 271 265 NA 116 191 200 NA 212 292 290 
Ind323 NA 175 NA 242 NA 339 NA 312 NA 278 NA 170 NA 135 NA 267 NA 124 NA 191 NA 206 NA 294 
Ind324 NA 167 NA 242 NA 363 312 312 NA 290 NA 168 NA 139 NA 271 NA 118 NA 191 NA 208 NA 320 
Ind325 NA 165 NA 240 NA 367 308 312 NA 248 NA 178 NA 143 NA 271 NA 112 NA 191 NA 206 NA 294 
Ind326 NA 163 246 240 NA 339 NA 308 NA 298 NA 172 NA 135 NA 269 NA 124 NA 191 NA 238 286 294 
Ind327 NA 157 NA 242 NA 355 NA 312 NA 298 NA 172 135 137 267 263 NA 112 NA 191 NA 214 NA 306 
Ind328 NA 153 NA 242 363 355 NA 308 NA 272 NA 164 135 133 NA 275 NA 126 NA 191 NA 238 306 304 
Ind329 NA 173 NA 242 NA 359 NA 308 252 252 NA 172 NA 135 267 271 NA 120 NA 191 NA 198 292 318 
Ind330 NA 175 NA 254 NA 355 NA 308 NA 278 170 170 NA 135 NA 271 130 130 188 188 NA 198 278 282 
Ind331 157 153 NA 242 NA 355 NA 312 272 252 NA 170 NA 141 265 275 NA 120 NA 191 NA 206 NA 294 
Ind332 157 157 NA 242 NA 355 NA 308 272 252 NA 178 NA 137 265 275 NA 120 NA 191 NA 198 NA 292 
Ind333 NA 161 242 254 NA 355 NA 308 278 278 NA 168 NA 135 NA 265 NA 120 NA 188 NA 206 NA 290 
Ind334 NA 157 242 242 NA 355 NA 308 278 266 NA 168 NA 135 NA 267 NA 112 NA 188 NA 198 NA 288 
Ind335 NA 161 242 254 NA 355 NA 312 278 278 NA 168 NA 135 NA 265 NA 112 NA 188 NA 198 NA 290 
Ind336 169 165 NA 242 359 355 304 312 NA 252 NA 170 135 135 NA 265 124 120 NA 191 198 214 NA 300 
Ind337 NA 161 NA 262 355 359 NA 308 NA 306 NA 168 NA 137 NA 265 NA 124 191 191 NA 198 NA 290 
Ind338 NA 155 NA 242 NA 355 NA 312 NA 266 NA 168 135 135 NA 267 NA 128 NA 188 NA 206 NA 292 
Ind339 161 167 NA 242 NA 359 308 308 NA 298 NA 174 NA 135 NA 265 124 124 191 191 NA 198 NA 304 
Ind340 NA 171 246 248 355 355 NA 312 NA 276 NA 170 NA 135 NA 275 118 130 NA 191 NA 206 NA 294 
Ind341 NA 157 NA 240 NA 359 NA 304 NA 258 168 176 NA 135 269 265 NA 130 NA 188 NA 206 NA 294 
Ind342 NA 157 NA 240 NA 359 NA 312 NA 258 168 178 NA 135 269 263 NA 130 NA 188 NA 206 NA 294 
Ind343 NA 173 246 240 359 355 NA 312 276 328 170 178 NA 135 NA 265 NA 120 NA 200 NA 204 NA 282 
Ind344 NA 161 242 264 355 359 NA 312 NA 268 168 170 NA 135 259 267 NA 124 191 200 NA 210 NA 290 
Ind345 NA 161 242 246 355 355 NA 312 NA 268 168 178 NA 135 259 267 NA 124 191 191 NA 210 NA 290 
Ind346 NA 161 242 264 355 355 NA 312 NA 268 168 170 NA 137 259 267 NA 124 191 200 NA 212 NA 290 
Ind347 NA 153 254 240 NA 339 NA 308 NA 288 NA 170 NA 135 NA 267 124 124 NA 188 NA 206 308 290 
Ind348 NA 143 NA 242 NA 359 NA 308 288 286 NA 168 139 139 NA 267 122 124 188 191 198 210 294 288 
Ind349 NA 165 NA 238 359 355 NA 308 NA 272 NA 164 NA 135 NA 267 NA 124 NA 191 NA 206 NA 308 
Ind350 NA 165 NA 238 359 363 NA 308 NA 272 NA 174 NA 133 NA 267 NA 124 NA 191 NA 206 NA 294 
Ind351 NA 159 238 242 NA 355 NA 312 NA 278 170 172 NA 137 NA 271 118 112 188 191 NA 206 286 306 
Ind352 NA 169 NA 240 NA 359 NA 304 252 292 178 166 NA 135 NA 275 NA 120 NA 191 NA 206 NA 282 
Ind353 NA 157 250 238 NA 339 NA 312 NA 278 NA 176 NA 137 NA 285 NA 120 NA 191 NA 206 NA 306 
Ind354 NA 157 NA 246 355 355 NA 312 272 278 NA 178 NA 141 NA 271 124 130 NA 191 NA 198 NA 284 
Ind355 175 157 244 242 NA 355 NA 312 NA 288 NA 166 NA 135 259 275 NA 124 NA 191 NA 206 NA 318 
Ind356 NA 155 NA 254 NA 355 NA 312 NA 278 NA 176 137 135 NA 259 NA 118 NA 185 198 198 NA 302 
Ind357 NA 161 NA 264 NA 363 NA 312 NA 272 164 170 135 135 NA 267 NA 112 NA 191 NA 206 NA 298 
Ind358 171 159 NA 240 NA 359 NA 312 NA 258 NA 174 141 135 NA 257 NA 122 NA 188 238 198 280 282 
Ind359 NA 157 NA 246 NA 355 NA 312 NA 278 NA 170 NA 135 NA 267 NA 120 NA 185 NA 214 NA 292 
Ind360 NA 157 NA 246 NA 355 NA 312 NA 278 NA 170 NA 135 NA 265 NA 120 NA 188 NA 208 NA 318 
Ind361 NA 159 NA 262 NA 355 NA 312 NA 278 NA 170 NA 141 NA 267 NA 120 NA 188 NA 214 NA 292 
Ind362 177 169 NA 238 355 355 NA 312 NA 278 NA 180 NA 135 NA 265 NA 120 NA 191 NA 204 292 288 
Ind363 NA 165 240 246 NA 339 NA 312 NA 276 NA 178 NA 135 261 275 NA 116 NA 191 206 190 NA 282 
Ind364 NA 153 NA 240 NA 339 NA 312 NA 286 170 170 139 135 NA 299 NA 120 NA 188 NA 200 NA 290 
Ind365 NA 171 NA 242 NA 359 NA 308 298 300 NA 170 135 133 267 263 124 120 191 191 NA 210 NA 282 
Ind366 NA 173 NA 262 359 355 NA 312 NA 292 NA 176 NA 137 NA 267 130 118 NA 191 NA 206 NA 294 
Ind367 NA 155 246 242 NA 339 NA 312 272 278 NA 168 NA 135 NA 259 NA 124 NA 191 NA 196 NA 280 
Ind368 NA 169 246 242 NA 359 NA 308 NA 276 172 168 137 135 NA 265 NA 130 NA 191 NA 206 282 292 
Ind369 161 153 248 242 NA 355 NA 312 NA 252 NA 168 NA 137 265 267 NA 120 NA 191 NA 214 282 278 
Ind370 157 159 NA 240 NA 355 308 312 NA 272 NA 170 139 143 NA 267 NA 124 NA 191 198 204 NA 292 
Ind371 159 177 NA 240 NA 339 NA 312 NA 266 NA 170 NA 141 NA 267 NA 120 191 185 206 206 286 282 
Ind372 NA 159 NA 238 NA 355 NA 312 NA 296 178 170 NA 143 NA 269 NA 118 NA 191 NA 206 NA 292 
Ind373 181 169 NA 242 NA 355 NA 308 NA 298 NA 168 137 135 267 269 NA 124 NA 188 NA 206 NA 278 
Ind374 NA 175 NA 240 NA 355 308 308 NA 252 174 168 NA 135 NA 259 NA 120 NA 188 206 206 NA 298 
Ind375 NA 157 NA 246 NA 355 NA 308 292 278 NA 164 NA 135 265 263 NA 124 NA 191 NA 198 NA 284 
Ind376 NA 159 NA 246 NA 359 308 312 296 298 NA 178 NA 137 NA 271 NA 120 NA 185 NA 206 NA 294 
Ind377 NA 143 NA 242 NA 355 NA 312 NA 298 NA 170 135 139 NA 267 NA 124 NA 191 NA 206 NA 282 
Ind378 NA 169 NA 242 NA 355 NA 312 NA 286 NA 170 137 141 NA 267 NA 120 NA 188 206 204 NA 318 
Ind379 175 161 242 240 NA 355 NA 312 288 268 NA 172 NA 143 NA 271 NA 116 NA 191 NA 198 NA 282 
Ind380 NA 173 NA 240 NA 355 NA 308 NA 266 176 170 NA 141 267 273 NA 120 NA 191 NA 206 NA 294 
Ind381 NA 157 NA 242 NA 359 NA 312 272 278 NA 176 NA 141 NA 259 NA 116 NA 191 NA 206 NA 278 
Ind382 NA 165 NA 254 339 355 NA 308 NA 288 NA 172 NA 141 NA 267 NA 130 191 191 NA 206 NA 294 
Ind383 NA 165 250 238 NA 363 NA 312 NA 296 NA 170 NA 141 NA 259 NA 120 NA 191 198 206 NA 284 
Ind384 NA 163 NA 240 363 355 NA 312 NA 266 NA 170 NA 135 NA 267 NA 116 NA 191 NA 206 NA 318 
Ind385 NA 171 NA 240 NA 355 NA 312 NA 328 NA 178 NA 137 NA 277 NA 124 NA 191 NA 206 NA 292 
Ind386 NA 157 NA 246 NA 355 NA 312 NA 266 NA 178 NA 135 NA 273 NA 124 NA 191 204 206 NA 292 
Ind387 NA 155 NA 242 NA 355 NA 308 NA 252 NA 174 NA 141 NA 259 NA 116 NA 191 206 206 NA 318 
Ind388 NA 159 NA 242 NA 355 312 312 272 258 NA 178 NA 139 303 263 120 120 NA 191 NA 206 NA 318 
Ind389 NA 167 NA 254 NA 355 NA 312 NA 278 170 178 NA 135 NA 267 NA 130 NA 185 NA 198 NA 290 
Ind390 165 153 NA 240 355 355 NA 308 278 276 NA 170 NA 143 NA 267 NA 122 NA 191 198 196 NA 290 
Ind391 NA 165 NA 240 355 355 NA 312 292 278 NA 176 NA 137 NA 267 NA 120 NA 191 NA 204 NA 290 
Ind392 NA 153 NA 242 NA 355 NA 312 NA 278 NA 170 NA 137 NA 259 NA 120 NA 191 NA 208 NA 290 
Ind393 NA 157 NA 250 NA 355 312 308 NA 278 NA 168 NA 133 269 271 NA 120 NA 191 214 206 NA 298 
Ind394 NA 171 254 242 NA 339 NA 312 NA 328 NA 176 NA 135 NA 269 NA 124 185 200 206 206 NA 290 
Ind395 NA 169 240 250 NA 339 NA 308 NA 278 NA 176 137 135 NA 275 NA 126 NA 191 NA 206 NA 294 
Ind396 NA 169 240 254 NA 355 NA 308 NA 288 NA 176 137 143 NA 275 NA 120 NA 191 NA 190 NA 294 
Ind397 179 169 NA 250 NA 355 NA 308 272 298 170 178 133 137 NA 259 NA 126 NA 191 NA 206 NA 294 
Ind398 NA 159 NA 246 NA 355 NA 312 NA 278 168 170 NA 141 NA 269 NA 124 NA 191 NA 210 NA 280 
Ind399 NA 173 NA 264 NA 355 308 308 NA 258 NA 176 135 135 NA 265 118 124 191 191 210 238 NA 318 
Ind400 NA 167 NA 242 NA 355 NA 312 NA 258 NA 170 NA 135 NA 263 120 124 191 191 NA 198 284 282 
Ind401 157 165 NA 246 NA 355 NA 308 NA 266 NA 178 NA 135 NA 263 NA 120 NA 191 NA 204 NA 282 
Ind402 NA 159 NA 246 NA 355 NA 308 NA 306 NA 168 NA 133 NA 273 NA 124 NA 188 NA 206 NA 308 
Ind403 NA 173 NA 254 NA 355 NA 312 NA 292 NA 178 NA 143 NA 269 NA 124 NA 191 NA 208 NA 286 
Ind404 169 171 NA 242 359 359 NA 312 NA 292 178 172 NA 135 NA 267 NA 118 188 191 206 214 NA 282 
Ind405 169 157 NA 242 359 359 NA 312 NA 272 178 172 NA 133 NA 265 NA 118 188 191 206 198 NA 282 
Ind406 NA 165 NA 246 NA 339 NA 308 NA 272 NA 178 NA 141 NA 271 NA 120 NA 191 NA 206 NA 290 
Ind407 NA 157 NA 246 NA 355 312 312 NA 252 170 170 NA 137 NA 271 NA 120 NA 185 NA 206 NA 280 
Ind408 NA 169 278 242 355 355 NA 308 NA 292 NA 170 NA 135 267 263 NA 120 NA 191 NA 214 NA 294 
Ind409 NA 171 NA 242 NA 359 NA 308 NA 286 170 168 NA 139 NA 267 NA 120 NA 191 206 208 NA 294 
Ind410 NA 173 NA 242 355 339 NA 312 NA 288 NA 170 NA 143 267 269 NA 122 NA 191 NA 206 NA 300 
Ind411 NA 157 NA 242 355 355 NA 308 NA 288 NA 170 137 139 NA 259 NA 124 NA 185 NA 206 NA 288 
Ind412 169 155 NA 242 NA 355 308 312 NA 258 NA 178 NA 135 NA 263 NA 124 NA 191 NA 206 NA 298 
Ind413 169 155 NA 240 NA 355 308 312 NA 258 NA 170 NA 139 NA 263 NA 126 NA 188 NA 206 NA 298 
Ind414 NA 167 NA 242 NA 339 NA 308 278 272 176 168 NA 143 NA 267 NA 118 NA 188 206 190 NA 288 
Ind415 167 165 NA 240 NA 339 NA 308 NA 278 NA 168 NA 133 NA 267 NA 120 191 191 NA 210 282 292 
Ind416 NA 167 NA 240 NA 355 NA 312 NA 266 NA 178 NA 135 263 265 NA 126 191 191 NA 206 NA 284 
Ind417 NA 157 NA 242 NA 355 NA 308 NA 278 170 176 141 143 263 275 NA 120 NA 191 NA 196 NA 294 
Ind418 NA 161 NA 250 355 359 NA 308 NA 258 NA 176 NA 135 NA 257 NA 120 NA 191 NA 204 282 294 
Ind419 155 173 NA 244 355 355 NA 312 NA 278 178 172 NA 137 NA 267 NA 120 NA 191 NA 208 NA 286 
Ind420 153 161 NA 240 NA 339 312 308 NA 294 NA 172 137 139 NA 267 NA 122 NA 191 198 206 NA 294 
Ind421 171 157 240 254 NA 359 NA 312 292 298 NA 178 NA 133 NA 259 NA 130 NA 191 NA 198 NA 292 
Ind422 163 157 NA 240 NA 359 312 312 NA 278 166 172 NA 137 NA 269 116 118 NA 191 NA 208 NA 292 
Ind423 175 179 NA 240 NA 359 NA 312 NA 276 NA 166 NA 143 NA 271 NA 124 NA 188 NA 198 NA 290 
Ind424 NA 181 NA 254 NA 355 NA 308 248 298 NA 170 143 141 263 267 112 124 NA 185 NA 198 284 294 
Ind425 NA 161 254 242 NA 355 NA 308 248 278 NA 178 NA 137 NA 269 NA 126 NA 191 NA 198 NA 282 
Ind426 NA 159 NA 246 NA 355 NA 308 NA 298 NA 184 NA 135 NA 267 120 112 NA 188 NA 206 NA 282 
Ind427 NA 159 NA 240 355 359 308 308 NA 278 NA 176 NA 137 NA 269 NA 120 NA 191 NA 200 NA 318 
Ind428 157 153 242 242 NA 355 NA 308 NA 288 NA 178 NA 137 NA 265 NA 120 NA 191 NA 206 NA 284 
Ind429 NA 157 NA 242 NA 339 312 312 252 298 178 184 NA 135 NA 269 NA 116 NA 191 NA 206 NA 292 
Ind430 NA 171 NA 240 NA 355 NA 312 NA 286 NA 164 NA 137 NA 261 NA 120 NA 191 NA 208 NA 288 
Ind431 NA 157 NA 240 359 339 NA 312 NA 278 NA 168 NA 135 NA 265 NA 118 NA 191 NA 206 NA 292 
Ind432 171 169 NA 240 NA 339 NA 308 NA 278 NA 170 133 135 NA 263 NA 120 NA 200 NA 206 NA 308 
Ind433 NA 157 NA 246 NA 339 NA 308 NA 292 NA 178 NA 137 NA 275 NA 116 NA 188 NA 214 NA 282 
Ind434 NA 157 NA 246 NA 355 NA 308 NA 292 NA 178 NA 139 NA 259 NA 118 NA 188 NA 214 NA 282 
Ind435 NA 187 NA 248 NA 355 NA 312 NA 278 170 178 NA 135 NA 267 NA 124 NA 191 NA 206 278 284 
Ind436 NA 167 NA 242 NA 355 NA 312 NA 248 NA 168 NA 135 265 275 NA 120 NA 188 NA 204 NA 282 
Ind437 171 153 240 242 355 367 NA 312 NA 298 NA 168 NA 143 NA 271 NA 120 NA 191 198 198 298 294 
Ind438 171 153 240 242 355 355 NA 312 NA 294 NA 168 NA 135 NA 271 NA 120 NA 191 198 206 298 294 
Ind439 157 159 NA 242 NA 355 308 312 278 284 172 170 NA 137 NA 271 NA 118 NA 188 NA 214 282 284 
Ind440 NA 173 NA 242 339 359 NA 312 NA 286 NA 178 139 143 NA 275 116 124 NA 191 206 208 NA 318 
Ind441 NA 173 NA 242 339 359 NA 312 NA 286 NA 178 139 143 NA 263 116 124 NA 188 206 208 NA 318 
Ind442 NA 167 NA 240 NA 359 304 312 NA 272 NA 172 NA 137 NA 267 116 124 NA 191 NA 210 NA 282 
Ind443 NA 173 NA 242 359 355 NA 312 NA 278 NA 178 135 133 NA 265 120 116 NA 191 214 206 NA 282 
Ind444 NA 173 NA 242 359 339 NA 312 NA 278 NA 178 135 133 NA 265 120 124 NA 191 214 190 NA 282 
Ind445 NA 173 NA 242 359 339 NA 312 NA 278 NA 178 135 133 NA 265 120 124 NA 191 214 206 NA 290 
Ind446 NA 143 242 242 NA 355 NA 312 NA 286 NA 176 NA 135 NA 263 118 124 NA 191 NA 190 NA 292 
Ind447 NA 157 242 242 NA 359 NA 308 NA 286 NA 176 NA 135 NA 263 118 124 NA 191 NA 190 NA 288 
Ind448 NA 173 246 252 359 355 NA 312 NA 276 NA 168 NA 135 NA 267 NA 128 NA 191 NA 206 NA 290 
Ind449 NA 153 NA 246 NA 355 312 312 NA 276 NA 164 NA 135 NA 267 NA 124 NA 191 NA 214 NA 294 
Ind450 NA 161 NA 254 NA 359 NA 312 NA 296 NA 168 NA 143 NA 257 NA 124 NA 191 NA 206 NA 318 
Ind451 NA 159 242 246 355 355 312 308 NA 272 178 170 NA 133 NA 263 NA 120 NA 185 206 206 292 282 
Ind452 NA 179 NA 242 NA 339 NA 312 NA 268 166 166 NA 135 NA 263 NA 124 NA 191 206 198 NA 302 
Ind453 NA 161 NA 240 355 339 NA 312 NA 286 NA 174 NA 133 NA 259 NA 124 191 188 NA 202 NA 318 
Ind454 NA 153 NA 240 NA 355 NA 312 272 268 NA 172 NA 137 NA 265 NA 128 191 191 NA 238 NA 304 
Ind455 NA 173 NA 240 NA 359 NA 312 NA 274 168 166 NA 141 NA 259 124 124 NA 191 NA 196 NA 282 
Ind456 NA 177 NA 246 NA 359 NA 312 NA 278 168 166 NA 141 NA 259 124 112 NA 191 NA 212 NA 282 
Ind457 157 157 248 246 NA 355 NA 308 288 278 NA 170 NA 135 271 265 NA 124 NA 191 NA 206 286 286 
Ind458 NA 161 NA 252 NA 339 NA 308 NA 278 NA 172 NA 135 NA 303 120 116 NA 191 NA 198 NA 292 
Ind459 NA 161 NA 238 NA 359 NA 308 NA 266 NA 172 NA 135 NA 265 120 116 NA 191 NA 198 NA 290 
Ind460 171 153 NA 246 359 355 NA 312 NA 248 NA 178 NA 135 265 259 NA 120 NA 191 NA 198 NA 306 
Ind461 NA 171 NA 242 NA 355 NA 312 NA 278 176 170 NA 135 NA 303 NA 120 NA 191 NA 198 NA 308 
Ind462 167 177 NA 246 NA 359 NA 312 NA 288 168 172 NA 135 NA 269 NA 124 NA 191 NA 204 NA 286 
Ind463 167 177 NA 242 NA 359 NA 312 NA 296 168 170 NA 135 NA 269 NA 112 NA 191 NA 208 NA 298 
Ind464 NA 181 NA 238 355 355 NA 308 NA 248 NA 170 135 139 271 267 NA 124 188 191 NA 200 NA 286 
Ind465 NA 177 242 240 NA 355 NA 312 NA 272 NA 176 NA 135 NA 259 NA 130 NA 191 NA 214 290 298 
Ind466 173 153 NA 238 NA 363 NA 312 NA 278 NA 176 NA 143 259 267 NA 124 NA 191 NA 198 NA 318 
Ind467 NA 169 NA 246 NA 355 NA 312 272 258 NA 172 NA 135 NA 259 NA 124 NA 191 NA 198 NA 294 
Ind468 NA 169 NA 242 NA 355 NA 308 272 298 NA 174 NA 135 NA 259 NA 124 NA 191 NA 206 NA 292 
Ind469 NA 145 NA 238 NA 339 NA 312 NA 286 NA 168 NA 135 NA 269 NA 112 NA 185 NA 190 NA 288 
Ind470 NA 155 NA 242 NA 363 NA 312 NA 272 170 164 NA 135 NA 265 120 116 NA 185 NA 206 NA 284 
Ind471 NA 155 NA 242 NA 355 NA 308 NA 278 170 170 NA 141 NA 265 120 116 NA 185 NA 206 NA 290 
Ind472 NA 169 NA 242 NA 355 NA 312 NA 248 NA 170 NA 133 NA 259 NA 120 NA 191 NA 212 NA 282 
Ind473 NA 169 246 246 NA 355 NA 312 NA 294 NA 170 NA 135 267 265 NA 120 NA 191 208 206 NA 284 
Ind474 NA 157 NA 242 NA 355 312 308 NA 294 NA 178 NA 135 NA 267 NA 124 NA 191 NA 208 NA 282 
Ind475 153 153 NA 246 NA 355 312 308 NA 278 NA 170 135 143 NA 259 NA 124 NA 191 206 206 NA 282 
Ind476 NA 153 NA 246 NA 355 NA 312 NA 278 182 170 NA 143 NA 267 NA 118 NA 191 NA 210 NA 290 
Ind477 NA 169 248 240 355 355 NA 312 278 290 NA 170 NA 147 NA 269 124 120 191 191 NA 206 NA 290 
Ind478 NA 161 248 240 355 355 NA 308 278 290 NA 168 NA 147 NA 259 124 124 191 191 NA 206 NA 290 
Ind479 NA 169 248 240 355 355 NA 308 278 290 NA 168 NA 147 NA 259 124 120 191 191 NA 206 NA 290 
Ind480 NA 165 NA 248 NA 359 312 308 NA 268 NA 172 NA 141 NA 263 NA 130 200 191 NA 206 NA 282 
Ind481 157 165 238 240 NA 359 NA 308 NA 258 NA 164 NA 139 NA 265 126 124 NA 191 NA 198 NA 286 
Ind482 NA 153 242 246 NA 355 NA 308 NA 252 NA 168 NA 133 NA 273 NA 120 NA 191 NA 206 NA 304 
Ind483 NA 169 240 246 359 355 NA 312 NA 272 NA 166 NA 139 NA 265 NA 112 NA 191 206 206 NA 292 
Ind484 NA 159 NA 246 NA 355 312 312 274 278 NA 170 NA 143 NA 275 NA 124 NA 191 NA 198 NA 282 
Ind485 NA 171 NA 242 355 355 NA 312 NA 278 NA 178 NA 133 NA 265 NA 124 NA 188 206 200 NA 308 
Ind486 NA 167 238 238 NA 359 308 308 NA 268 NA 172 137 135 NA 267 118 124 NA 191 NA 198 NA 282 
Ind487 NA 161 NA 254 NA 339 NA 308 NA 264 NA 168 NA 137 275 275 126 122 NA 191 NA 206 284 282 
Ind488 167 157 NA 242 NA 363 NA 312 248 278 176 168 NA 133 267 263 118 120 NA 191 NA 198 300 288 
Ind489 NA 165 254 242 355 355 NA 312 NA 278 NA 170 NA 135 275 257 124 124 NA 185 206 210 294 290 
Ind490 NA 181 NA 242 NA 339 308 308 NA 276 176 170 NA 135 263 265 NA 120 NA 191 NA 208 NA 290 
Ind491 NA 143 NA 238 NA 351 308 308 278 248 164 178 NA 143 NA 259 NA 120 NA 191 NA 206 NA 318 
Ind492 NA 161 NA 242 NA 355 NA 312 NA 278 NA 170 NA 139 NA 271 120 116 NA 191 206 204 NA 282 
Ind493 NA 187 NA 242 NA 355 NA 312 NA 278 NA 170 NA 141 NA 271 120 124 NA 191 206 204 NA 300 
Ind494 NA 157 NA 240 NA 339 NA 312 NA 272 NA 182 NA 135 NA 261 NA 120 NA 185 NA 196 NA 290 
Ind495 NA 161 NA 242 NA 355 NA 308 252 272 NA 178 143 135 NA 267 NA 124 191 191 NA 238 NA 298 
Ind496 NA 153 242 240 NA 355 NA 312 NA 278 NA 178 NA 137 NA 271 NA 118 NA 191 NA 214 NA 300 
Ind497 NA 155 242 254 NA 359 NA 312 NA 272 NA 178 NA 137 NA 271 NA 118 NA 191 NA 214 NA 318 
Ind498 NA 155 240 240 NA 355 NA 312 NA 272 170 170 NA 135 NA 275 NA 124 NA 191 NA 206 318 298 
Ind499 NA 163 NA 246 NA 355 NA 308 NA 252 176 170 NA 135 NA 261 NA 118 NA 188 NA 206 294 294 
Ind500 NA 163 NA 246 NA 355 NA 308 NA 252 176 170 NA 137 NA 267 NA 118 NA 191 NA 206 294 280 
Ind501 NA 163 NA 240 359 339 NA 312 NA 294 NA 164 NA 137 NA 271 124 118 NA 185 206 214 NA 298 
Ind502 NA 169 238 248 NA 355 NA 308 NA 278 NA 178 NA 135 NA 275 NA 120 194 191 198 206 NA 278 
Ind503 NA 169 238 248 NA 355 NA 312 NA 288 NA 168 NA 135 NA 269 NA 120 194 191 198 204 NA 278 
Ind504 171 169 NA 242 NA 355 308 304 NA 298 NA 176 NA 141 NA 275 NA 120 191 191 NA 210 278 278 
Ind505 NA 171 242 242 NA 355 NA 312 NA 278 NA 170 NA 137 NA 263 NA 118 NA 191 NA 214 NA 284 
Ind506 NA 171 242 242 NA 339 NA 312 NA 278 NA 174 NA 137 NA 263 NA 118 NA 191 NA 206 NA 284 
Ind507 NA 155 NA 242 NA 355 NA 308 NA 268 NA 172 143 133 NA 259 NA 122 NA 191 NA 206 290 308 
Ind508 NA 169 NA 242 NA 355 NA 308 NA 272 NA 170 NA 135 NA 275 NA 120 NA 191 NA 204 NA 308 
Ind509 161 171 NA 240 NA 355 NA 308 NA 270 NA 170 NA 133 NA 303 NA 124 NA 191 NA 204 NA 290 
Ind510 NA 143 NA 254 NA 355 NA 312 NA 278 174 170 NA 135 NA 267 NA 120 NA 191 NA 206 NA 292 
Ind511 NA 157 NA 242 NA 355 NA 312 NA 278 174 170 NA 141 NA 267 NA 120 NA 188 NA 206 NA 292 
Ind512 NA 167 NA 240 NA 355 NA 312 272 286 NA 178 NA 137 NA 265 NA 130 NA 191 NA 204 NA 290 
Ind513 NA 165 NA 242 355 359 NA 312 NA 252 NA 182 NA 133 NA 267 NA 124 NA 185 NA 206 NA 294 
Ind514 NA 167 242 238 NA 355 NA 312 NA 288 NA 178 NA 137 271 265 NA 118 NA 191 NA 190 NA 288 
Ind515 NA 161 NA 242 363 355 NA 312 NA 278 NA 176 NA 137 NA 263 NA 120 NA 191 NA 204 290 282 
Ind516 157 171 NA 240 NA 355 312 312 288 278 NA 174 NA 135 NA 265 NA 120 188 188 NA 198 290 290 
Ind517 157 153 NA 240 NA 355 312 312 288 278 NA 174 NA 135 NA 265 NA 124 188 188 NA 198 290 290 
Ind518 157 171 NA 240 NA 355 312 312 288 278 NA 174 NA 135 NA 265 NA 124 188 188 NA 198 290 290 
Ind519 NA 173 242 242 NA 363 312 308 288 278 NA 168 NA 141 NA 275 NA 124 NA 191 NA 206 278 292 
Ind520 NA 157 242 242 NA 363 312 312 288 294 NA 168 NA 141 NA 275 NA 124 NA 191 NA 206 278 290 
Ind521 NA 157 242 240 NA 355 312 308 288 278 NA 168 NA 141 NA 275 NA 112 NA 191 NA 206 278 290 
Ind522 NA 157 NA 240 355 355 NA 308 278 272 NA 178 143 147 NA 265 120 120 191 191 NA 198 NA 306 
Ind523 NA 157 NA 248 NA 359 NA 312 NA 294 NA 178 NA 135 NA 269 NA 124 NA 185 NA 206 NA 288 
Ind524 NA 153 NA 242 NA 359 NA 312 252 248 NA 176 NA 141 269 269 NA 124 NA 191 NA 206 NA 286 
Ind525 NA 175 NA 242 NA 355 NA 308 NA 252 170 170 133 143 NA 263 120 118 NA 188 NA 206 NA 292 
Ind526 NA 175 NA 242 NA 355 NA 308 278 278 176 168 NA 135 NA 271 NA 126 NA 191 NA 214 NA 290 
Ind527 NA 155 NA 242 NA 363 312 308 NA 286 170 168 NA 141 275 265 116 118 NA 191 NA 206 NA 306 
Ind528 NA 155 NA 242 NA 363 312 312 NA 286 170 168 NA 141 275 263 116 118 NA 191 NA 206 NA 280 
Ind529 NA 159 NA 242 NA 363 312 308 NA 286 170 168 NA 141 275 263 116 118 NA 191 NA 206 NA 306 
Ind530 NA 173 NA 242 NA 355 NA 312 NA 268 NA 168 137 135 NA 259 NA 120 NA 188 206 198 NA 292 
Ind531 NA 179 NA 242 NA 355 NA 308 NA 248 NA 178 NA 137 NA 267 NA 120 NA 191 NA 214 NA 282 
Ind532 NA 173 NA 242 NA 355 NA 308 NA 298 NA 170 NA 137 NA 269 NA 120 NA 188 NA 214 NA 282 
Ind533 NA 179 NA 238 NA 355 NA 308 NA 248 NA 178 NA 137 NA 269 NA 120 NA 191 NA 206 NA 300 
Ind534 169 151 240 242 359 355 NA 312 NA 278 NA 174 135 141 NA 267 NA 120 NA 191 NA 198 NA 290 
Ind535 NA 167 NA 246 NA 339 NA 308 NA 268 NA 178 NA 135 NA 269 NA 124 NA 200 NA 206 NA 298 
Ind536 NA 167 NA 246 NA 339 NA 308 NA 278 NA 178 NA 135 NA 269 NA 124 NA 200 NA 206 NA 298 
Ind537 NA 157 NA 242 NA 355 NA 308 NA 268 NA 178 NA 135 NA 269 NA 124 NA 200 NA 206 NA 298 
Ind538 175 157 NA 254 NA 355 312 312 NA 278 NA 178 NA 141 NA 271 120 112 191 191 NA 206 288 282 
Ind539 175 157 NA 254 NA 355 312 308 NA 278 NA 178 NA 141 NA 267 120 112 191 191 NA 206 288 282 
Ind540 NA 157 NA 242 355 359 NA 308 NA 304 NA 176 NA 137 NA 267 124 120 NA 185 NA 198 NA 280 
Ind541 NA 153 NA 248 355 355 NA 312 NA 278 NA 176 NA 135 NA 267 124 118 NA 194 NA 198 NA 280 
Ind542 169 169 NA 240 NA 363 NA 312 272 278 NA 170 NA 135 NA 261 126 120 191 191 NA 190 278 308 
Ind543 NA 169 NA 242 355 363 312 312 NA 278 NA 170 NA 137 265 303 NA 124 NA 191 196 206 NA 302 
Ind544 NA 163 NA 242 NA 355 312 312 NA 254 NA 164 NA 137 NA 265 NA 116 191 191 NA 198 NA 300 
Ind545 NA 157 240 242 NA 355 NA 308 NA 276 164 170 137 135 269 275 NA 130 194 191 NA 238 NA 290 
Ind546 NA 173 240 240 NA 355 NA 312 NA 276 164 170 137 135 269 267 NA 120 194 191 NA 206 NA 290 
Ind547 NA 159 240 242 NA 355 NA 304 NA 296 170 172 NA 143 265 265 NA 124 NA 188 NA 206 NA 300 
Ind548 NA 173 NA 246 NA 355 312 312 NA 298 NA 178 NA 143 NA 271 NA 118 NA 191 NA 210 NA 290 
Ind549 NA 159 NA 242 339 355 NA 312 NA 278 NA 164 NA 135 NA 271 NA 124 194 191 NA 198 NA 306 
Ind550 NA 173 NA 240 NA 355 NA 308 NA 252 NA 166 NA 137 259 261 NA 118 NA 188 NA 206 NA 294 
Ind551 161 143 242 242 355 355 312 308 NA 294 NA 172 NA 141 NA 271 124 126 NA 191 210 206 NA 294 
Ind552 NA 157 NA 246 NA 339 NA 304 272 272 NA 170 NA 139 NA 267 NA 120 NA 191 NA 200 300 278 
Ind553 171 155 NA 240 NA 355 NA 312 NA 296 NA 168 NA 135 265 265 126 124 NA 191 NA 198 NA 294 
Ind554 NA 153 NA 240 339 355 NA 312 278 268 NA 176 NA 137 303 263 NA 124 NA 191 NA 206 NA 286 
Ind555 157 157 240 242 NA 363 NA 312 NA 278 NA 170 NA 139 NA 267 NA 124 NA 191 NA 206 NA 294 
Ind556 NA 153 NA 238 NA 355 NA 312 288 310 NA 170 NA 141 NA 263 NA 124 NA 191 NA 206 NA 290 
Ind557 NA 157 NA 246 359 355 NA 308 272 296 NA 170 135 133 NA 267 NA 120 NA 191 NA 198 NA 282 
Ind558 NA 157 NA 246 359 355 NA 308 272 248 NA 170 135 133 NA 267 NA 120 NA 191 NA 198 NA 282 
Ind559 NA 161 NA 242 359 355 NA 308 272 248 NA 170 135 133 NA 267 NA 120 NA 191 NA 198 NA 282 
Ind560 NA 157 NA 238 NA 355 312 312 NA 286 170 182 NA 135 NA 267 NA 120 NA 191 NA 206 NA 294 
Ind561 NA 143 NA 240 NA 355 NA 308 286 248 NA 180 NA 135 NA 265 NA 118 NA 191 NA 198 NA 294 
Ind562 NA 165 NA 242 NA 359 NA 312 NA 278 NA 170 135 135 NA 265 NA 122 NA 200 NA 206 NA 286 
Ind563 NA 165 NA 242 NA 355 NA 312 NA 292 NA 170 135 135 NA 265 NA 122 NA 191 NA 206 NA 286 
Ind564 NA 165 NA 246 NA 355 NA 308 252 276 NA 170 NA 135 NA 267 NA 120 194 191 198 206 NA 282 
Ind565 157 171 NA 254 NA 355 NA 312 NA 328 NA 176 NA 135 NA 271 NA 118 NA 191 NA 214 NA 308 
Ind566 NA 167 NA 242 363 355 NA 312 272 272 NA 170 NA 135 NA 263 NA 112 191 185 NA 198 NA 278 
Ind567 NA 161 NA 242 NA 359 NA 312 NA 266 NA 168 NA 139 NA 259 NA 126 191 191 NA 200 NA 306 
Ind568 NA 161 NA 246 NA 355 NA 308 NA 268 170 176 135 137 NA 267 NA 124 NA 188 NA 210 NA 288 
Ind569 NA 157 NA 246 NA 355 NA 312 248 276 NA 170 NA 141 269 259 NA 124 191 191 206 206 278 290 
Ind570 153 183 NA 246 355 339 NA 308 NA 288 NA 168 NA 133 NA 267 NA 130 NA 191 NA 206 NA 282 
Ind571 NA 167 NA 246 NA 355 312 308 NA 248 NA 170 NA 137 NA 263 NA 116 191 191 NA 206 NA 294 
Ind572 159 151 NA 254 NA 355 NA 308 278 248 NA 170 NA 137 NA 259 NA 124 NA 185 NA 200 NA 294 
Ind573 NA 165 NA 246 NA 355 NA 308 NA 272 NA 170 NA 135 NA 271 NA 120 NA 191 NA 204 NA 320 
Ind574 NA 183 NA 254 NA 359 NA 312 248 272 NA 170 NA 141 NA 269 NA 120 NA 188 NA 214 NA 284 
Ind575 NA 183 NA 254 NA 359 NA 308 248 272 NA 170 NA 141 NA 269 NA 120 NA 191 NA 214 NA 284 
Ind576 NA 157 NA 242 355 359 NA 312 NA 248 NA 172 NA 141 NA 257 120 118 NA 191 206 206 NA 278 
Ind577 NA 165 NA 242 NA 355 NA 312 NA 286 NA 170 135 135 269 275 NA 112 191 191 NA 198 290 292 
Ind578 NA 157 NA 242 NA 355 NA 312 NA 278 178 168 NA 141 271 257 NA 122 NA 191 NA 206 NA 294 
Ind579 NA 177 NA 242 355 355 NA 312 NA 288 NA 178 NA 137 NA 269 NA 120 191 185 NA 206 NA 278 
Ind580 157 153 242 278 NA 355 NA 312 298 278 NA 164 NA 143 NA 263 NA 124 188 194 NA 214 NA 318 
Ind581 NA 173 242 242 NA 355 312 308 NA 278 NA 168 NA 135 NA 271 NA 124 NA 191 NA 204 290 290 
Ind582 NA 173 242 252 NA 355 312 312 NA 286 NA 168 NA 135 NA 269 NA 124 NA 191 NA 204 290 290 
Ind583 171 165 NA 242 NA 363 NA 308 NA 278 NA 170 NA 135 NA 303 NA 120 NA 188 NA 200 NA 292 
Ind584 NA 165 NA 248 NA 339 NA 312 278 272 NA 174 NA 135 NA 265 NA 120 NA 191 198 214 NA 318 
Ind585 155 153 246 240 NA 355 312 304 NA 276 NA 176 NA 137 263 269 NA 118 NA 191 NA 210 278 290 
Ind586 NA 143 NA 242 NA 363 NA 312 NA 278 NA 176 NA 135 NA 265 NA 130 NA 191 NA 198 NA 290 
Ind587 NA 157 NA 242 NA 363 NA 312 NA 278 NA 176 NA 135 NA 275 NA 130 NA 191 NA 198 NA 308 
Ind588 NA 165 NA 246 NA 363 NA 308 288 252 NA 168 NA 135 269 267 NA 120 NA 191 NA 204 NA 294 
Ind589 NA 161 NA 252 NA 355 NA 312 290 306 NA 176 NA 135 NA 275 NA 124 NA 191 NA 198 294 288 
Ind590 NA 161 NA 252 NA 355 NA 312 290 306 NA 176 NA 135 NA 259 NA 128 NA 191 NA 206 294 282 
Ind591 NA 167 NA 242 NA 355 NA 312 290 248 NA 178 NA 135 NA 259 NA 124 NA 191 NA 206 294 288 
Ind592 NA 161 NA 240 NA 359 NA 312 278 248 178 178 139 135 NA 259 112 124 191 188 NA 206 292 278 
Ind593 NA 165 NA 254 355 355 NA 312 NA 288 NA 176 143 143 NA 265 NA 124 NA 200 NA 198 NA 292 
Ind594 NA 171 NA 240 NA 359 NA 312 278 272 NA 178 NA 141 NA 271 NA 120 NA 191 NA 198 294 286 
Ind595 NA 153 242 264 NA 355 304 312 272 298 NA 170 NA 135 NA 265 NA 120 NA 188 NA 198 NA 278 
Ind596 NA 153 242 264 NA 355 304 312 272 248 NA 172 NA 135 NA 269 NA 120 NA 188 NA 198 NA 282 
Ind597 NA 175 242 246 355 355 NA 312 NA 296 NA 170 135 135 NA 263 NA 124 NA 191 198 206 NA 306 
Ind598 NA 169 NA 240 NA 359 NA 308 NA 286 NA 176 NA 135 NA 259 NA 124 NA 191 NA 204 NA 300 
Ind599 NA 163 NA 278 NA 339 NA 312 NA 266 NA 168 NA 135 NA 275 NA 126 NA 188 NA 206 282 300 
Ind600 NA 167 NA 242 359 355 NA 312 NA 296 NA 172 NA 135 NA 259 124 120 NA 191 206 214 NA 278 
Ind601 NA 157 240 242 NA 355 NA 312 NA 278 NA 168 NA 135 NA 263 NA 112 NA 191 NA 198 NA 294 
Ind602 NA 157 NA 242 NA 355 312 312 278 300 NA 176 NA 139 NA 275 NA 116 NA 200 NA 204 NA 278 
Ind603 NA 169 NA 244 NA 359 NA 308 NA 298 NA 178 NA 139 NA 265 NA 118 NA 188 206 214 NA 292 
Ind604 179 159 NA 246 NA 355 312 312 NA 286 NA 168 NA 137 NA 259 NA 126 NA 194 206 198 282 306 
Ind605 NA 177 NA 254 NA 355 NA 312 NA 272 NA 176 135 135 NA 259 NA 112 NA 191 NA 196 NA 306 
Ind606 NA 153 NA 254 NA 355 NA 312 NA 276 NA 176 135 137 NA 259 NA 124 NA 191 NA 196 NA 306 
Ind607 NA 171 240 252 355 355 NA 312 NA 252 NA 172 NA 147 NA 271 NA 124 NA 191 NA 206 NA 318 
Ind608 NA 173 240 242 355 359 NA 312 NA 298 NA 176 NA 141 NA 267 NA 120 NA 191 NA 198 298 292 
Ind609 NA 173 240 242 355 359 NA 312 NA 298 NA 176 NA 147 NA 267 NA 124 NA 191 NA 198 298 292 
Ind610 NA 161 NA 246 NA 359 NA 312 258 286 NA 170 NA 137 265 265 NA 124 NA 191 NA 198 NA 282 
Ind611 NA 157 NA 242 NA 359 NA 312 NA 278 NA 168 NA 135 NA 267 NA 130 NA 191 NA 210 NA 306 
Ind612 NA 167 NA 242 NA 363 NA 308 NA 278 NA 168 NA 135 NA 267 NA 120 NA 191 NA 206 NA 282 
Ind613 NA 143 NA 242 NA 355 308 308 NA 288 NA 178 NA 137 NA 269 NA 124 NA 188 NA 198 NA 318 
Ind614 NA 157 NA 240 359 355 NA 312 278 292 NA 170 NA 135 NA 267 NA 120 NA 191 NA 204 290 306 
Ind615 NA 165 NA 246 NA 355 308 308 NA 248 172 172 NA 141 NA 263 124 118 NA 191 NA 206 NA 298 
Ind616 NA 165 NA 240 NA 355 NA 312 258 278 NA 178 NA 143 NA 265 NA 116 NA 191 206 206 NA 294 
Ind617 NA 165 240 246 NA 339 308 312 NA 278 NA 168 NA 143 NA 259 NA 124 NA 191 NA 198 298 282 
Ind618 157 171 254 242 NA 355 NA 312 NA 292 NA 170 NA 135 NA 267 120 120 NA 191 NA 190 NA 306 
Ind619 NA 163 NA 242 NA 355 NA 312 NA 328 NA 174 135 137 303 303 NA 130 NA 200 NA 208 NA 288 
Ind620 NA 157 238 248 359 355 312 308 278 254 NA 170 NA 135 NA 267 NA 124 NA 191 NA 190 NA 318 
Ind621 NA 165 NA 246 NA 355 NA 312 NA 288 NA 178 NA 133 269 269 NA 124 191 191 NA 198 NA 294 
Ind622 NA 175 NA 242 NA 355 NA 312 296 278 NA 170 NA 135 NA 269 NA 120 NA 191 NA 198 NA 286 
Ind623 NA 177 NA 242 NA 355 NA 312 296 298 NA 170 NA 135 NA 269 NA 120 NA 191 NA 198 NA 286 
Ind624 NA 159 NA 242 NA 355 NA 312 NA 248 NA 166 135 143 271 257 NA 118 NA 191 NA 208 NA 318 
Ind625 NA 175 NA 254 NA 355 312 308 NA 258 NA 178 NA 139 269 285 NA 118 191 191 238 198 NA 288 
Ind626 NA 157 NA 242 NA 339 312 308 NA 272 NA 170 NA 135 NA 271 NA 120 NA 188 NA 206 NA 288 
Ind627 NA 157 NA 240 NA 339 312 308 NA 248 NA 170 NA 135 NA 271 NA 120 NA 188 NA 208 NA 288 
Ind628 NA 153 NA 242 NA 355 NA 308 288 258 NA 176 NA 135 NA 265 NA 120 NA 191 NA 206 NA 290 
Ind629 NA 163 NA 242 NA 355 NA 312 NA 272 NA 178 NA 137 NA 267 NA 120 NA 188 NA 210 318 282 
Ind630 171 173 NA 262 NA 363 NA 308 NA 266 NA 172 NA 135 NA 271 NA 128 NA 188 NA 214 NA 290 
Ind631 NA 173 NA 240 NA 355 NA 308 288 296 NA 174 NA 143 NA 271 124 118 NA 191 NA 198 NA 294 
Ind632 NA 153 NA 242 NA 355 312 308 NA 272 NA 178 NA 135 NA 269 NA 124 NA 191 214 206 290 292 
Ind633 NA 157 NA 240 355 355 308 308 NA 288 NA 168 NA 133 NA 275 NA 124 NA 191 206 206 NA 292 
Ind634 NA 173 NA 246 NA 355 NA 312 NA 278 172 170 135 135 NA 267 NA 126 NA 191 NA 206 NA 300 
Ind635 NA 173 NA 246 NA 355 NA 312 NA 278 172 146 135 135 NA 267 NA 126 NA 191 NA 202 NA 300 
Ind636 NA 157 NA 238 355 355 NA 308 NA 248 NA 176 NA 139 NA 265 NA 120 191 185 NA 238 NA 304 
Ind637 NA 153 NA 246 339 339 NA 308 288 278 NA 172 NA 139 271 269 NA 120 NA 191 198 198 NA 300 
Ind638 NA 157 248 246 NA 359 NA 308 NA 278 170 174 137 141 NA 265 NA 120 NA 188 204 238 NA 294 
Ind639 157 157 NA 246 NA 355 NA 308 NA 268 NA 174 NA 141 263 259 120 124 NA 191 198 206 NA 284 
Ind640 NA 167 240 242 NA 355 NA 308 NA 278 NA 178 NA 133 NA 267 NA 124 NA 191 NA 206 NA 306 
Ind641 143 171 NA 248 NA 355 NA 312 NA 278 NA 178 NA 141 263 299 NA 124 NA 191 204 196 294 306 
Ind642 NA 143 NA 242 NA 355 308 312 NA 252 NA 168 NA 143 NA 263 124 124 NA 191 NA 198 NA 290 
Ind643 NA 165 NA 240 NA 363 NA 312 NA 248 NA 178 NA 135 NA 271 NA 124 191 188 NA 206 NA 280 
Ind644 NA 173 NA 246 355 355 NA 312 NA 252 170 168 NA 135 NA 275 NA 116 NA 191 NA 206 NA 286 
Ind645 NA 157 NA 246 355 355 NA 312 NA 278 170 168 NA 135 NA 275 NA 124 NA 191 NA 206 NA 286 
Ind646 NA 161 NA 250 NA 359 NA 312 NA 272 NA 176 135 141 NA 269 NA 116 NA 191 NA 212 292 290 
Ind647 NA 157 NA 246 NA 355 NA 308 NA 294 NA 170 NA 147 NA 267 NA 124 NA 191 NA 198 292 282 
Ind648 NA 169 NA 242 NA 359 NA 312 NA 272 NA 170 NA 135 NA 261 NA 120 NA 188 NA 190 318 286 
Ind649 NA 157 NA 242 NA 363 312 308 NA 278 NA 168 NA 135 NA 257 NA 112 NA 191 NA 238 NA 298 
Ind650 NA 169 NA 240 NA 355 NA 312 NA 278 NA 182 NA 135 NA 257 NA 126 NA 191 NA 198 NA 306 
Ind651 NA 163 NA 242 NA 355 NA 312 NA 288 NA 178 NA 137 NA 263 NA 124 NA 191 206 198 NA 308 
Ind652 NA 155 246 242 NA 355 NA 312 NA 278 NA 170 NA 135 NA 263 NA 124 NA 191 NA 214 NA 282 
Ind653 NA 153 NA 252 NA 355 NA 312 NA 278 164 168 NA 135 263 265 NA 120 NA 188 198 210 NA 290 
Ind654 NA 183 246 240 NA 355 NA 312 NA 288 NA 178 NA 141 267 265 NA 120 NA 191 NA 206 294 278 
Ind655 NA 183 246 240 NA 359 NA 312 NA 288 NA 178 NA 135 267 271 NA 120 NA 191 NA 238 294 278 
Ind656 NA 153 NA 242 NA 355 NA 308 NA 272 170 170 NA 135 NA 275 128 124 NA 191 206 200 294 282 
Ind657 NA 169 242 248 NA 339 312 312 248 298 NA 164 NA 135 NA 269 NA 120 NA 191 NA 206 NA 290 
Ind658 NA 169 NA 240 355 359 312 308 NA 272 NA 178 NA 137 265 271 NA 124 NA 191 NA 208 NA 304 
Ind659 NA 157 NA 242 339 355 NA 312 NA 278 178 176 NA 137 NA 275 NA 112 NA 191 NA 212 306 294 
Ind660 NA 157 248 240 NA 355 308 308 NA 288 NA 182 NA 137 NA 275 NA 122 NA 188 NA 206 NA 282 
Ind661 143 169 NA 238 NA 359 NA 308 NA 278 NA 170 NA 135 NA 265 NA 124 NA 191 NA 200 NA 278 
Ind662 143 169 NA 240 NA 359 NA 308 NA 278 NA 178 NA 137 NA 257 NA 120 NA 191 NA 200 NA 278 
Ind663 143 157 NA 240 NA 359 NA 308 NA 278 NA 170 NA 137 NA 257 NA 124 NA 191 NA 200 NA 278 
Ind664 NA 173 NA 242 NA 355 NA 312 NA 278 176 172 137 143 NA 265 NA 120 NA 191 NA 206 294 290 
Ind665 NA 157 NA 242 NA 355 NA 312 NA 298 176 172 137 135 NA 271 NA 120 NA 191 NA 206 294 278 
Ind666 NA 153 NA 240 NA 359 312 308 NA 278 170 176 NA 139 NA 269 NA 120 NA 191 206 206 286 318 
Ind667 NA 161 NA 242 NA 355 NA 308 NA 298 NA 168 NA 137 NA 267 NA 124 NA 191 NA 198 NA 294 
Ind668 159 157 NA 246 NA 355 NA 312 NA 278 NA 176 NA 133 259 275 NA 124 191 191 NA 198 NA 292 
Ind669 159 157 NA 240 NA 355 NA 312 NA 278 NA 168 NA 133 259 275 NA 112 191 188 NA 198 NA 318 
Ind670 159 143 NA 240 NA 355 NA 312 NA 278 NA 168 NA 133 259 259 NA 124 191 188 NA 204 NA 318 
Ind671 NA 167 NA 242 NA 359 304 308 NA 278 NA 172 NA 141 NA 259 NA 124 NA 191 NA 214 NA 286 
Ind672 NA 157 NA 240 NA 355 308 312 252 252 178 178 NA 135 NA 265 NA 124 188 191 198 190 292 282 
Ind673 NA 169 NA 242 NA 363 308 312 NA 272 NA 176 NA 137 267 267 120 124 NA 191 NA 198 NA 318 
Ind674 NA 169 NA 246 363 355 NA 312 NA 300 NA 174 NA 139 NA 271 NA 124 NA 191 NA 206 NA 290 
Ind675 NA 169 NA 246 363 355 NA 312 NA 300 NA 170 NA 137 NA 271 NA 124 NA 200 NA 206 NA 290 
Ind676 NA 159 NA 242 NA 355 NA 312 278 252 NA 168 139 141 NA 263 NA 120 NA 191 NA 206 NA 294 
Ind677 NA 175 NA 242 355 355 NA 312 NA 290 NA 174 NA 137 275 271 NA 124 188 191 NA 190 NA 282 
Ind678 143 181 NA 250 NA 355 NA 308 NA 278 NA 166 NA 137 267 265 NA 118 NA 191 NA 198 NA 298 
Ind679 NA 169 NA 242 339 355 NA 312 NA 258 NA 166 139 135 NA 271 NA 124 NA 191 NA 204 NA 306 
Ind680 NA 169 NA 242 339 355 NA 312 NA 258 NA 168 139 135 NA 269 NA 124 NA 191 NA 204 NA 306 
Ind681 NA 169 NA 242 339 355 NA 312 NA 258 NA 168 139 135 NA 271 NA 124 NA 191 NA 204 NA 306 
Ind682 NA 143 NA 242 NA 355 NA 312 252 288 NA 176 NA 133 275 267 NA 118 NA 191 NA 206 NA 294 
Ind683 NA 157 252 240 NA 355 NA 308 NA 278 NA 178 NA 137 NA 265 NA 120 NA 191 NA 206 NA 282 
Ind684 157 171 NA 240 NA 355 312 312 NA 252 164 168 139 137 269 275 NA 118 NA 191 198 190 NA 278 
Ind685 157 161 NA 242 NA 355 312 312 NA 252 164 168 139 135 269 265 NA 118 NA 191 198 206 NA 290 
Ind686 NA 153 NA 254 NA 339 NA 312 NA 248 NA 170 NA 139 NA 303 NA 124 191 191 NA 206 NA 290 
Ind687 NA 169 NA 240 NA 355 NA 308 NA 298 NA 172 143 137 NA 267 NA 120 NA 191 NA 198 298 282 
Ind688 NA 159 NA 242 NA 355 NA 312 NA 278 NA 178 NA 135 NA 263 NA 120 NA 191 206 206 292 290 
Ind689 NA 167 NA 254 NA 355 308 312 NA 278 NA 176 NA 141 NA 271 NA 120 191 188 NA 238 NA 282 
Ind690 NA 167 NA 242 NA 355 NA 312 NA 278 176 172 NA 141 NA 263 NA 124 NA 191 NA 206 NA 318 
Ind691 NA 167 NA 242 NA 355 NA 312 NA 278 176 172 NA 141 NA 263 NA 124 NA 191 NA 206 NA 290 
Ind692 NA 157 NA 246 NA 339 312 304 NA 264 NA 174 NA 135 NA 267 NA 130 NA 191 NA 206 NA 294 
Ind693 NA 165 NA 242 NA 355 NA 308 248 278 NA 176 NA 135 NA 269 NA 120 NA 191 190 206 NA 284 
Ind694 153 169 NA 242 NA 359 NA 312 NA 266 170 164 NA 141 263 263 NA 112 NA 191 NA 204 NA 282 
Ind695 153 169 NA 242 NA 359 NA 308 NA 266 170 168 NA 141 263 269 NA 120 NA 191 NA 204 NA 282 
Ind696 153 169 NA 240 NA 359 NA 312 NA 278 170 164 NA 141 263 269 NA 120 NA 191 NA 214 NA 282 
Ind697 NA 177 NA 254 355 359 NA 312 NA 290 NA 178 NA 141 271 265 NA 120 NA 191 206 208 NA 318 
Ind698 173 153 NA 240 363 359 NA 312 NA 296 NA 172 NA 135 NA 267 NA 130 NA 191 NA 190 NA 292 
Ind699 NA 165 NA 242 NA 359 NA 312 NA 278 NA 170 NA 141 NA 263 NA 116 NA 191 NA 206 NA 288 
Ind700 157 157 NA 246 NA 355 NA 308 NA 252 NA 172 137 141 NA 267 NA 112 NA 191 NA 206 NA 280 
Ind701 161 157 NA 242 339 359 NA 312 NA 288 170 168 NA 135 271 259 NA 120 NA 194 206 198 NA 282 
Ind702 NA 187 NA 242 359 359 NA 312 NA 254 NA 168 NA 135 NA 259 NA 112 NA 191 NA 198 NA 290 
Ind703 NA 157 246 238 NA 355 NA 312 NA 252 NA 168 NA 137 NA 267 NA 124 191 191 NA 206 NA 286 
Ind704 NA 173 242 242 NA 355 NA 312 NA 306 NA 178 NA 137 NA 263 116 124 191 191 NA 206 NA 292 
Ind705 NA 169 NA 244 NA 363 NA 312 NA 248 172 170 NA 135 NA 263 NA 118 191 191 NA 206 NA 300 
Ind706 NA 169 NA 240 NA 355 NA 312 NA 294 NA 176 NA 135 NA 259 NA 116 NA 191 NA 206 NA 300 
Ind707 NA 175 NA 264 355 355 308 312 NA 328 170 170 NA 147 NA 275 120 116 NA 191 NA 206 292 292 
Ind708 NA 163 246 250 NA 355 NA 308 NA 296 NA 178 NA 143 NA 275 NA 120 NA 191 NA 204 NA 308 
Ind709 NA 177 NA 248 363 355 NA 312 NA 286 NA 176 NA 143 267 259 NA 124 NA 191 206 206 NA 290 
Ind710 NA 161 NA 242 NA 363 NA 308 NA 286 NA 170 NA 137 NA 275 NA 130 191 191 NA 204 NA 292 
Ind711 167 157 NA 242 NA 339 NA 308 NA 286 NA 164 NA 137 NA 261 NA 120 191 191 NA 198 NA 286 
Ind712 145 167 NA 240 359 355 NA 308 NA 296 NA 170 NA 137 273 269 NA 124 NA 191 NA 198 298 282 
Ind713 145 173 NA 242 359 359 NA 308 NA 296 NA 170 NA 137 273 269 NA 124 NA 191 NA 198 298 282 
Ind714 145 173 NA 240 359 359 NA 308 NA 296 NA 170 NA 137 273 269 NA 124 NA 191 NA 198 298 288 
Ind715 NA 177 NA 254 NA 355 NA 308 NA 278 NA 170 NA 135 NA 303 NA 124 NA 191 NA 198 NA 306 
Ind716 173 157 NA 248 NA 355 NA 312 298 278 NA 168 NA 141 265 275 NA 124 NA 188 NA 206 NA 308 
Ind717 NA 153 240 242 NA 363 NA 308 NA 278 NA 170 NA 143 NA 263 NA 122 NA 191 NA 206 284 308 
Ind718 NA 163 NA 242 NA 355 312 308 NA 292 NA 184 NA 141 NA 265 126 116 NA 191 206 204 NA 286 
Ind719 NA 157 NA 242 NA 355 312 308 NA 292 NA 164 NA 139 NA 265 126 124 NA 191 206 206 NA 286 
Ind720 NA 161 242 242 NA 363 NA 312 NA 278 NA 168 135 135 NA 259 NA 118 NA 191 NA 210 NA 300 
Ind721 NA 155 242 240 NA 355 NA 308 300 296 164 174 NA 141 275 267 NA 112 NA 191 NA 200 NA 286 
Ind722 NA 171 NA 254 359 339 308 312 NA 248 NA 176 139 137 NA 271 NA 126 NA 191 NA 212 NA 282 
Ind723 NA 159 NA 240 NA 363 NA 308 NA 248 NA 176 NA 137 NA 259 NA 118 191 191 NA 198 NA 286 
Ind724 NA 153 242 238 NA 339 NA 308 NA 250 164 174 NA 135 NA 265 NA 124 NA 191 NA 206 NA 290 
Ind725 NA 171 NA 242 NA 355 312 312 NA 290 164 174 NA 133 NA 275 NA 118 NA 191 NA 206 NA 278 
Ind726 NA 175 NA 242 NA 355 NA 312 NA 278 174 168 NA 141 NA 275 NA 112 NA 188 NA 190 NA 278 
Ind727 171 167 NA 244 NA 359 NA 312 268 286 168 178 NA 133 NA 275 NA 120 NA 191 NA 204 NA 288 
Ind728 NA 181 NA 246 NA 363 NA 308 NA 278 NA 172 NA 137 NA 267 NA 130 NA 191 NA 200 NA 306 
Ind729 NA 161 NA 238 339 359 NA 312 276 298 NA 168 141 143 NA 269 124 124 191 188 NA 200 NA 282 
Ind730 NA 155 NA 242 363 355 NA 312 268 252 170 168 NA 135 NA 265 NA 124 NA 191 NA 206 NA 290 
Ind731 NA 169 NA 242 NA 355 NA 312 NA 278 NA 168 NA 135 265 269 NA 124 NA 188 NA 198 NA 292 
Ind732 NA 153 NA 250 NA 355 NA 312 NA 278 170 176 NA 135 NA 263 NA 126 NA 191 NA 198 NA 318 
Ind733 NA 159 NA 246 NA 359 NA 312 288 252 NA 164 NA 135 267 273 NA 124 NA 191 NA 214 290 318 
Ind734 NA 165 242 242 355 355 NA 312 NA 272 NA 170 NA 137 NA 263 126 126 NA 185 NA 206 NA 292 
Ind735 NA 157 NA 242 NA 359 NA 312 NA 278 NA 170 NA 135 NA 271 NA 124 NA 191 200 198 NA 288 
Ind736 NA 143 NA 246 NA 339 NA 312 NA 272 NA 170 135 135 NA 259 NA 120 NA 191 204 196 NA 292 
Ind737 NA 143 NA 250 NA 355 NA 312 NA 272 NA 170 135 135 NA 275 NA 120 NA 191 204 196 NA 318 
Ind738 NA 161 NA 242 NA 339 NA 312 NA 292 NA 164 NA 137 NA 271 NA 120 191 188 NA 206 284 284 
Ind739 NA 175 240 242 355 339 NA 312 NA 278 NA 176 NA 135 NA 267 NA 118 NA 191 NA 206 NA 298 
Ind740 NA 163 240 246 NA 359 NA 312 278 278 NA 176 NA 135 NA 265 122 118 NA 194 NA 198 NA 300 
Ind741 NA 157 278 246 NA 339 NA 308 NA 278 NA 164 NA 135 NA 263 NA 120 NA 191 NA 190 NA 298 
Ind742 NA 157 278 246 NA 339 NA 308 NA 278 NA 168 NA 137 NA 263 NA 120 NA 191 NA 198 NA 298 
Ind743 NA 157 NA 242 NA 355 NA 312 278 292 NA 174 NA 135 NA 275 116 120 NA 188 NA 206 NA 318 
Ind744 NA 143 NA 242 NA 363 NA 312 NA 288 NA 176 143 143 NA 269 NA 120 188 191 198 206 288 294 
Ind745 NA 165 NA 242 NA 355 NA 308 NA 266 NA 164 NA 143 NA 269 NA 124 NA 188 206 206 306 294 
Ind746 NA 173 NA 262 355 339 312 308 278 254 NA 176 NA 141 273 263 NA 126 NA 191 206 198 NA 280 
Ind747 NA 163 NA 242 355 359 NA 312 NA 266 NA 170 141 133 261 265 NA 124 NA 188 NA 204 NA 284 
Ind748 NA 165 NA 254 355 359 NA 312 NA 294 NA 170 141 143 261 275 NA 128 NA 191 NA 190 NA 294 
Ind749 NA 163 NA 254 355 359 NA 312 NA 294 NA 170 141 143 261 275 NA 128 NA 188 NA 204 NA 294 
Ind750 NA 169 NA 242 NA 363 NA 308 NA 278 NA 164 135 141 NA 271 NA 124 NA 191 NA 200 308 294 
Ind751 NA 173 NA 240 NA 355 NA 312 NA 248 172 174 NA 135 NA 275 NA 124 191 188 NA 210 NA 282 
Ind752 157 157 NA 250 NA 355 NA 312 NA 278 NA 170 NA 135 NA 267 120 120 NA 191 NA 204 NA 290 
Ind753 NA 167 240 242 NA 363 NA 312 NA 272 NA 170 133 141 NA 269 NA 120 NA 188 190 208 NA 284 
Ind754 173 151 NA 246 NA 355 312 308 278 272 NA 178 NA 135 NA 269 NA 116 NA 191 NA 190 NA 308 
Ind755 NA 187 NA 242 NA 355 308 312 278 278 NA 170 137 141 NA 259 NA 120 NA 191 NA 206 NA 282 
Ind756 NA 169 NA 242 NA 359 308 304 NA 278 NA 170 NA 135 NA 265 NA 118 NA 191 NA 206 292 290 
Ind757 161 157 NA 246 NA 355 NA 312 NA 286 NA 170 NA 137 NA 265 112 118 191 191 NA 198 NA 318 
Ind758 NA 177 NA 240 NA 355 NA 308 NA 252 NA 182 NA 139 267 267 NA 112 NA 191 206 200 NA 306 
Ind759 153 173 NA 238 NA 359 NA 308 272 248 176 168 NA 137 273 265 122 120 NA 188 NA 198 290 308 
Ind760 163 157 NA 242 NA 359 NA 308 264 248 180 168 NA 141 NA 259 NA 124 NA 188 NA 206 NA 294 
Ind761 NA 169 NA 278 NA 355 NA 312 258 272 NA 170 135 133 NA 267 NA 120 NA 191 NA 198 NA 292 
Ind762 NA 173 260 240 NA 355 NA 312 NA 288 NA 174 NA 143 NA 269 NA 118 NA 191 NA 206 NA 294 
Ind763 NA 173 240 254 NA 339 NA 308 296 266 168 168 NA 139 259 267 NA 122 NA 191 NA 206 NA 284 
Ind764 NA 153 NA 248 NA 355 308 308 NA 286 NA 172 NA 137 NA 271 NA 116 NA 188 NA 190 NA 282 
Ind765 NA 159 NA 242 NA 355 NA 308 NA 278 NA 170 NA 141 267 265 NA 120 NA 191 NA 206 NA 300 
Ind766 NA 157 NA 248 NA 339 NA 308 278 266 170 178 143 141 NA 269 NA 124 NA 191 NA 210 NA 286 
Ind767 NA 157 NA 246 355 355 NA 308 NA 278 NA 176 143 137 NA 259 NA 130 188 188 NA 214 NA 306 
Ind768 NA 159 242 242 NA 359 NA 312 NA 276 170 168 NA 133 NA 271 126 124 NA 188 NA 206 NA 284 
Ind769 NA 165 NA 254 NA 355 NA 308 NA 278 170 172 NA 141 271 271 NA 124 NA 191 NA 206 290 290 
Ind770 NA 165 NA 248 NA 359 NA 308 NA 268 NA 178 NA 135 NA 271 120 130 NA 191 206 206 NA 298 
Ind771 NA 157 248 242 NA 355 312 308 292 266 NA 176 NA 135 NA 275 120 112 NA 191 NA 206 NA 290 
Ind772 NA 169 NA 246 NA 339 NA 312 NA 278 NA 164 NA 141 267 287 NA 124 NA 191 206 204 NA 308 
Ind773 NA 143 NA 254 NA 355 NA 308 NA 272 178 164 NA 135 NA 267 NA 120 NA 191 NA 206 292 290 
Ind774 157 157 242 248 NA 355 312 312 NA 248 NA 182 NA 137 NA 259 120 120 NA 191 NA 206 NA 292 
Ind775 NA 169 NA 242 NA 355 NA 308 NA 296 NA 170 NA 135 257 265 NA 120 191 194 NA 198 304 278 
Ind776 NA 173 NA 240 355 355 NA 308 NA 328 NA 166 NA 141 NA 271 NA 118 NA 188 NA 210 NA 282 
Ind777 NA 173 NA 246 NA 339 NA 312 286 272 NA 168 NA 143 NA 269 124 124 NA 191 NA 206 294 300 
Ind778 NA 157 NA 240 NA 355 NA 312 NA 278 NA 182 143 137 NA 267 NA 116 NA 191 NA 198 306 298 
Ind779 NA 171 NA 242 NA 359 NA 308 NA 268 NA 170 NA 137 NA 265 NA 112 NA 191 206 206 NA 282 
Ind780 165 155 NA 242 NA 355 312 308 NA 296 170 176 NA 137 NA 267 112 120 191 191 NA 206 NA 288 
Ind781 NA 165 250 242 NA 359 312 312 248 310 NA 174 NA 141 NA 259 NA 118 NA 191 NA 206 286 300 
Ind782 NA 165 240 248 355 355 308 312 NA 296 NA 170 NA 137 NA 265 124 124 NA 191 NA 190 NA 300 
Ind783 NA 157 NA 246 NA 355 308 304 NA 278 178 170 NA 133 NA 275 NA 120 NA 191 204 204 NA 306 
Ind784 NA 169 NA 248 NA 355 308 312 NA 278 178 178 NA 143 NA 271 NA 118 NA 191 204 204 NA 306 
Ind785 NA 169 NA 248 NA 359 308 312 NA 272 178 170 NA 133 NA 275 NA 120 NA 191 204 204 NA 306 
Ind786 NA 181 NA 240 NA 359 NA 312 NA 294 NA 172 137 133 NA 265 NA 116 NA 191 NA 206 NA 282 
Ind787 NA 167 NA 240 NA 359 NA 312 NA 278 NA 168 NA 141 NA 275 NA 124 NA 188 NA 198 NA 284 
Ind788 NA 157 NA 238 NA 339 NA 312 NA 278 NA 176 NA 137 275 267 NA 124 NA 191 NA 208 NA 282 
Ind789 NA 159 NA 240 NA 355 NA 308 NA 278 NA 168 NA 137 275 269 NA 124 NA 191 NA 204 NA 282 
Ind790 NA 159 NA 240 NA 355 NA 308 NA 278 NA 176 NA 137 275 267 NA 120 NA 191 NA 204 NA 282 
Ind791 NA 157 NA 246 NA 355 NA 308 NA 290 NA 176 137 135 NA 275 NA 120 191 194 NA 204 NA 306 
Ind792 NA 153 NA 238 NA 355 NA 308 NA 252 NA 170 NA 135 NA 275 NA 120 185 191 NA 206 NA 294 
Ind793 NA 177 NA 240 NA 355 NA 308 252 272 NA 168 NA 135 NA 259 NA 112 NA 191 NA 212 290 300 
Ind794 NA 165 NA 246 NA 359 NA 312 288 252 NA 176 NA 137 263 259 NA 124 NA 188 206 200 NA 294 
Ind795 NA 163 NA 278 NA 355 NA 308 NA 298 NA 178 NA 143 267 265 112 130 NA 191 206 206 NA 290 
Ind796 NA 143 NA 246 NA 363 312 312 NA 272 NA 170 NA 135 NA 261 NA 112 191 191 NA 204 298 290 
Ind797 155 143 262 238 339 355 NA 308 NA 266 NA 168 135 137 NA 265 NA 120 NA 191 NA 206 284 318 
Ind798 153 143 NA 246 NA 355 NA 312 NA 298 NA 176 NA 137 263 265 NA 120 NA 191 NA 204 NA 294 
Ind799 NA 155 NA 242 355 355 NA 308 272 266 NA 168 NA 135 NA 265 NA 124 NA 188 NA 206 NA 298 
Ind800 NA 169 248 242 NA 339 308 308 NA 252 172 182 NA 135 NA 267 NA 124 NA 188 NA 214 NA 290 
Ind801 NA 169 248 242 NA 339 308 308 NA 278 172 170 NA 135 NA 267 NA 124 NA 191 NA 214 NA 290 
Ind802 NA 169 248 242 NA 355 308 312 NA 278 172 170 NA 135 NA 267 NA 124 NA 191 NA 214 NA 280 
Ind803 165 171 NA 240 NA 359 NA 308 NA 278 NA 170 NA 147 NA 259 NA 124 NA 191 210 206 NA 294 
Ind804 NA 171 NA 246 NA 363 NA 312 NA 248 NA 176 NA 141 269 257 NA 116 NA 191 NA 190 NA 288 
Ind805 NA 165 NA 246 NA 355 304 312 292 294 NA 176 NA 137 NA 269 NA 124 NA 200 NA 204 286 318 
Ind806 NA 153 NA 240 NA 363 NA 312 286 278 170 164 141 137 NA 265 124 124 NA 188 NA 206 NA 318 
Ind807 NA 157 NA 254 355 355 NA 312 NA 278 170 170 NA 135 NA 267 NA 112 NA 191 NA 206 NA 286 
Ind808 NA 157 278 240 NA 339 312 304 NA 248 166 176 NA 139 NA 271 NA 120 NA 191 NA 198 NA 286 
Ind809 NA 153 242 240 NA 355 NA 308 278 272 NA 174 NA 141 NA 267 NA 120 NA 191 NA 198 NA 304 
Ind810 NA 153 242 248 NA 355 NA 308 278 278 NA 174 NA 141 NA 271 NA 124 NA 191 NA 206 NA 304 
Ind811 NA 157 NA 240 NA 355 308 308 NA 248 NA 170 NA 141 NA 265 124 112 191 191 204 196 NA 288 
Ind812 157 165 NA 242 NA 359 NA 312 NA 272 168 170 135 139 NA 275 NA 118 NA 191 NA 206 292 298 
Ind813 NA 167 NA 240 NA 363 NA 312 NA 294 176 164 NA 135 NA 267 NA 120 188 200 NA 206 NA 284 
Ind814 NA 161 NA 242 NA 359 312 312 NA 278 NA 178 141 135 NA 267 NA 124 191 191 NA 198 290 294 
Ind815 NA 153 242 278 NA 359 NA 312 NA 298 NA 170 NA 137 NA 267 NA 124 NA 191 NA 210 288 280 
Ind816 NA 153 242 252 NA 363 NA 312 NA 278 NA 176 NA 137 NA 275 NA 124 NA 188 NA 198 288 280 
Ind817 NA 163 240 254 NA 355 NA 308 278 248 NA 176 NA 133 NA 269 NA 118 NA 191 NA 204 278 292 
Ind818 NA 171 NA 242 NA 355 NA 312 NA 298 NA 170 NA 135 263 265 NA 130 191 191 NA 206 290 306 
Ind819 NA 165 246 242 NA 359 NA 312 NA 296 NA 168 133 137 NA 275 NA 120 NA 188 NA 204 290 292 
Ind820 NA 155 NA 242 NA 355 NA 312 258 298 NA 168 NA 139 NA 267 NA 112 NA 191 NA 208 NA 298 
Ind821 NA 143 NA 242 355 339 NA 312 NA 248 NA 176 NA 141 265 273 NA 112 NA 191 NA 206 NA 290 
Ind822 NA 163 NA 242 NA 355 NA 308 NA 278 NA 168 NA 137 NA 263 NA 126 NA 191 NA 214 284 300 
Ind823 NA 157 NA 246 NA 363 312 312 NA 248 176 168 NA 135 NA 275 NA 118 NA 191 NA 206 NA 294 
Ind824 NA 157 NA 242 NA 359 NA 312 NA 278 NA 170 NA 135 NA 265 NA 112 NA 191 NA 206 NA 282 
Ind825 NA 153 NA 242 NA 355 NA 312 266 284 NA 176 NA 137 NA 273 NA 118 NA 191 200 198 304 290 
Ind826 NA 159 240 248 NA 359 308 312 NA 292 NA 174 NA 141 263 271 NA 124 NA 191 214 206 NA 300 
Ind827 NA 157 NA 240 NA 339 NA 308 NA 274 NA 176 NA 139 267 257 NA 112 NA 191 NA 204 NA 290 
Ind828 NA 157 NA 242 NA 339 NA 308 NA 286 NA 176 NA 135 267 257 NA 124 NA 200 NA 204 NA 290 
Ind829 NA 171 NA 254 355 339 NA 312 NA 286 178 178 NA 141 NA 263 NA 130 NA 191 198 214 NA 292 
Ind830 NA 159 NA 240 355 355 NA 308 NA 278 NA 178 NA 141 NA 263 NA 120 NA 191 NA 206 NA 282 
Ind831 NA 157 NA 246 NA 339 NA 312 NA 278 164 168 NA 133 NA 263 NA 124 NA 191 NA 200 NA 290 
Ind832 169 157 NA 240 NA 359 NA 312 NA 272 NA 170 NA 137 NA 267 NA 120 NA 191 NA 198 NA 284 
Ind833 NA 163 242 242 NA 339 NA 304 NA 278 NA 176 NA 137 NA 269 120 124 NA 191 NA 198 NA 306 
Ind834 NA 169 NA 242 355 359 NA 312 NA 248 NA 170 137 143 NA 271 NA 124 191 191 NA 206 NA 288 
Ind835 NA 167 246 240 NA 339 312 312 NA 276 NA 182 NA 135 NA 271 NA 118 191 191 NA 214 NA 294 
Ind836 153 165 NA 240 NA 355 312 308 NA 296 NA 170 NA 135 NA 257 NA 116 191 191 NA 190 NA 290 
Ind837 NA 161 278 240 NA 355 312 312 288 278 NA 176 NA 135 269 265 116 124 NA 191 NA 198 NA 284 
Ind838 NA 157 NA 240 NA 355 NA 308 NA 278 NA 170 NA 133 269 269 NA 130 NA 188 214 206 NA 282 
Ind839 NA 157 NA 242 355 355 308 312 NA 272 NA 182 137 135 NA 263 NA 126 188 191 NA 198 NA 292 
Ind840 NA 157 NA 240 NA 339 312 312 NA 288 NA 170 NA 135 NA 265 124 124 NA 191 NA 204 NA 306 
Ind841 171 157 NA 242 NA 355 NA 308 NA 278 NA 178 NA 135 NA 271 NA 120 NA 191 198 206 NA 282 
Ind842 NA 161 NA 242 NA 355 NA 312 258 294 NA 170 NA 137 NA 267 NA 118 NA 191 NA 204 NA 292 
Ind843 155 161 NA 242 NA 355 NA 312 NA 306 NA 164 NA 137 NA 267 NA 124 191 191 NA 198 282 292 
Ind844 NA 157 NA 246 355 359 NA 308 NA 328 NA 170 137 135 263 265 NA 124 NA 191 206 206 NA 282 
Ind845 NA 157 NA 246 355 355 NA 308 NA 328 NA 170 137 133 263 265 NA 124 NA 191 206 198 NA 294 
Ind846 NA 173 NA 254 NA 355 NA 308 276 286 NA 164 NA 135 275 275 NA 124 NA 191 198 196 284 318 
Ind847 NA 173 NA 242 NA 339 NA 308 276 286 NA 164 NA 143 275 275 NA 124 NA 191 198 206 284 280 
Ind848 153 159 242 238 NA 339 312 308 278 278 NA 178 NA 137 271 259 NA 120 NA 191 NA 206 NA 292 
Ind849 NA 171 NA 246 NA 355 NA 312 NA 278 NA 170 NA 135 NA 275 NA 120 NA 191 NA 210 NA 290 
Ind850 NA 165 NA 242 NA 359 308 312 NA 252 NA 178 135 137 NA 259 NA 124 NA 191 206 238 NA 292 
Ind851 NA 157 NA 240 NA 359 NA 308 NA 276 NA 176 141 137 NA 263 NA 124 NA 191 NA 206 290 288 
Ind852 NA 167 NA 240 NA 339 NA 308 NA 278 NA 174 141 139 NA 267 NA 120 NA 191 NA 206 NA 290 
Ind853 159 175 NA 242 NA 355 NA 308 NA 286 NA 170 NA 137 NA 263 NA 126 NA 191 NA 206 NA 288 
Ind854 NA 165 NA 240 NA 359 NA 308 NA 288 NA 170 NA 135 NA 257 NA 124 185 191 NA 206 NA 294 
Ind855 NA 153 NA 240 NA 355 NA 312 NA 266 NA 176 135 141 NA 265 NA 120 200 191 NA 200 NA 294 
Ind856 NA 167 242 254 NA 359 NA 308 NA 248 174 176 NA 135 NA 263 NA 120 200 191 NA 198 NA 288 
Ind857 165 183 242 242 NA 355 312 312 NA 248 NA 176 NA 135 NA 265 NA 124 NA 191 NA 206 NA 278 
Ind858 NA 157 NA 240 NA 355 NA 312 NA 278 NA 166 NA 141 269 265 NA 124 NA 188 NA 206 NA 318 
Ind859 NA 153 NA 240 NA 339 NA 312 NA 278 NA 168 NA 137 NA 271 NA 124 NA 194 NA 204 NA 318 
Ind860 NA 173 248 242 NA 339 NA 308 NA 278 NA 164 135 133 NA 259 NA 120 NA 191 NA 206 NA 306 
Ind861 165 169 NA 240 NA 355 NA 308 NA 276 178 176 NA 141 271 263 120 130 NA 191 196 210 NA 300 
Ind862 165 183 NA 240 NA 355 NA 308 NA 276 178 176 NA 141 271 263 120 130 NA 191 196 210 NA 306 
Ind863 177 175 242 242 NA 359 312 312 252 272 NA 170 NA 135 NA 263 NA 124 NA 200 NA 212 NA 292 
Ind864 153 159 NA 246 359 355 NA 312 NA 252 NA 172 NA 143 NA 259 NA 120 NA 191 NA 206 NA 300 
Ind865 NA 173 NA 242 355 339 NA 312 NA 252 NA 176 NA 143 NA 269 NA 116 NA 191 NA 198 NA 288 
Ind866 NA 173 NA 240 355 339 NA 312 NA 252 NA 176 NA 143 NA 263 NA 128 NA 188 NA 198 NA 288 
Ind867 NA 175 NA 254 NA 351 NA 312 NA 272 NA 170 NA 133 NA 269 NA 130 NA 200 206 206 280 290 
Ind868 157 169 NA 242 339 359 NA 308 NA 268 NA 170 135 135 NA 267 NA 120 NA 200 NA 206 NA 292 
Ind869 NA 181 NA 248 NA 363 NA 308 NA 286 NA 170 135 135 NA 267 NA 124 NA 191 NA 190 286 300 
Ind870 NA 169 NA 254 NA 355 NA 308 NA 288 176 172 NA 147 NA 269 NA 120 NA 188 206 206 NA 302 
Ind871 NA 157 NA 246 NA 359 NA 312 NA 252 168 170 NA 135 269 267 NA 124 NA 191 NA 206 294 290 
Ind872 NA 157 NA 242 NA 359 NA 312 NA 252 168 170 NA 139 269 267 NA 120 NA 191 NA 206 294 282 
Ind873 NA 153 NA 250 355 355 NA 312 NA 276 NA 168 NA 135 NA 271 NA 124 NA 191 NA 206 NA 284 
Ind874 NA 153 NA 246 355 355 NA 312 NA 288 NA 168 NA 135 NA 267 NA 122 NA 188 NA 206 NA 284 
Ind875 NA 159 NA 240 355 339 NA 312 NA 252 NA 170 NA 135 NA 269 NA 120 NA 191 NA 206 NA 292 
Ind876 NA 157 NA 240 NA 355 NA 312 278 278 NA 170 NA 135 NA 269 124 112 NA 191 NA 206 NA 282 
Ind877 NA 157 NA 244 NA 355 NA 312 278 266 NA 170 NA 135 NA 269 124 124 NA 191 NA 206 NA 290 
Ind878 161 157 NA 240 NA 363 NA 308 NA 272 NA 168 NA 135 NA 275 NA 118 188 191 NA 214 NA 278 
Ind879 NA 157 NA 252 NA 355 NA 312 NA 294 NA 182 NA 143 NA 263 NA 112 NA 191 NA 206 NA 282 
Ind880 NA 177 NA 246 355 355 NA 308 NA 252 NA 178 137 135 NA 261 NA 124 NA 200 198 208 NA 282 
Ind881 NA 171 NA 240 NA 355 NA 312 278 288 164 170 NA 135 NA 265 NA 124 NA 191 NA 210 278 282 
Ind882 NA 153 NA 246 NA 359 NA 312 NA 272 170 176 NA 135 259 259 NA 124 NA 200 NA 214 NA 282 
Ind883 NA 161 NA 262 NA 339 NA 308 NA 278 NA 176 NA 137 NA 269 NA 124 NA 188 NA 206 290 298 
Ind884 NA 171 NA 248 355 355 NA 312 NA 278 NA 176 NA 135 NA 259 NA 112 NA 191 NA 214 318 288 
Ind885 NA 157 NA 248 355 355 NA 308 NA 278 NA 176 NA 135 NA 259 NA 112 NA 191 NA 214 318 288 
Ind886 NA 173 NA 242 NA 355 NA 312 NA 250 NA 168 NA 137 NA 275 NA 124 NA 188 NA 206 NA 294 
Ind887 NA 173 NA 246 NA 355 NA 312 NA 278 NA 172 135 143 NA 263 120 126 NA 191 NA 206 NA 300 
Ind888 NA 157 NA 242 355 355 NA 308 NA 268 NA 182 NA 139 NA 269 118 120 NA 191 204 198 NA 284 
Ind889 155 157 NA 246 NA 355 NA 308 NA 278 NA 178 NA 135 NA 269 NA 118 191 191 NA 206 NA 306 
Ind890 155 157 NA 246 NA 339 NA 312 NA 278 NA 178 NA 135 NA 259 NA 118 191 191 NA 206 NA 290 
Ind891 NA 157 NA 238 NA 359 312 308 NA 298 NA 170 NA 147 NA 265 NA 124 NA 188 NA 238 NA 290 
Ind892 NA 169 NA 242 NA 355 NA 312 NA 306 NA 164 NA 137 NA 263 NA 116 NA 191 NA 198 NA 290 
Ind893 NA 163 NA 240 NA 359 NA 308 NA 286 NA 176 NA 135 263 265 NA 120 NA 191 NA 206 294 294 
Ind894 NA 157 NA 242 359 355 NA 312 NA 278 170 168 NA 135 NA 267 NA 124 NA 200 NA 206 NA 282 
Ind895 NA 177 242 254 NA 339 NA 312 NA 278 NA 174 NA 133 NA 271 NA 112 191 191 NA 204 NA 280 
Ind896 173 187 NA 242 NA 339 NA 308 NA 248 168 170 NA 135 NA 267 NA 120 NA 188 208 206 NA 306 
Ind897 NA 167 NA 242 NA 359 NA 308 278 296 NA 170 NA 135 NA 269 NA 120 NA 191 NA 206 NA 298 
Ind898 NA 173 NA 242 NA 355 NA 308 NA 252 NA 172 NA 143 NA 267 NA 112 NA 191 206 200 298 318 
Ind899 NA 153 NA 240 355 355 NA 312 NA 278 180 168 NA 135 269 269 NA 120 NA 191 NA 206 NA 294 
Ind900 NA 171 NA 242 339 363 NA 312 272 252 170 168 NA 137 NA 271 NA 116 NA 191 NA 206 NA 282 
Ind901 NA 171 NA 246 339 363 NA 312 272 252 170 170 NA 135 NA 271 NA 116 NA 191 NA 206 NA 282 
Ind902 NA 171 NA 246 339 355 NA 312 272 252 170 168 NA 135 NA 263 NA 120 NA 191 NA 198 NA 304 
Ind903 NA 171 NA 242 339 355 NA 312 272 252 170 170 NA 135 NA 263 NA 120 NA 191 NA 198 NA 304 
Ind904 NA 151 NA 246 NA 339 NA 312 258 252 NA 170 NA 141 NA 261 NA 116 NA 191 NA 198 NA 294 
Ind905 167 159 NA 242 NA 355 NA 308 NA 288 NA 176 NA 135 NA 271 NA 124 191 191 210 206 NA 300 
Ind906 NA 177 NA 242 NA 355 NA 312 NA 272 172 170 NA 137 NA 265 NA 118 NA 191 NA 200 NA 284 
Ind907 NA 181 NA 244 NA 355 NA 308 NA 278 NA 168 NA 135 259 267 NA 126 NA 188 NA 198 NA 282 
Ind908 NA 181 NA 244 NA 355 NA 312 NA 278 NA 168 NA 137 259 259 NA 126 NA 191 NA 198 NA 282 
Ind909 NA 153 NA 242 NA 355 NA 312 NA 278 NA 172 NA 143 NA 265 NA 118 NA 188 NA 206 NA 284 
Ind910 NA 153 NA 242 NA 355 NA 304 NA 272 NA 178 NA 143 NA 265 NA 118 NA 188 NA 206 NA 284 
Ind911 NA 179 246 242 NA 339 NA 312 NA 326 NA 176 139 133 NA 265 NA 112 NA 191 NA 206 NA 298 
Ind912 NA 155 NA 254 NA 363 NA 308 NA 248 NA 172 NA 135 265 259 NA 120 188 191 198 206 NA 318 
Ind913 NA 169 NA 240 NA 355 NA 312 NA 278 NA 170 135 135 NA 271 NA 124 191 191 NA 206 NA 282 
Ind914 NA 169 NA 242 NA 355 NA 308 NA 266 NA 172 135 135 NA 271 NA 124 191 191 NA 208 NA 282 
Ind915 NA 159 240 246 NA 355 NA 312 268 296 NA 170 NA 135 NA 265 NA 124 NA 191 NA 206 NA 286 
Ind916 NA 153 240 242 NA 355 NA 312 268 296 NA 170 NA 135 NA 265 NA 124 NA 191 NA 206 NA 286 
Ind917 NA 159 240 242 NA 355 NA 312 268 296 NA 170 NA 143 NA 265 NA 120 NA 191 NA 206 NA 286 
Ind918 NA 159 240 246 NA 355 NA 312 268 298 NA 170 NA 143 NA 265 NA 124 NA 191 NA 206 NA 284 
Ind919 171 157 NA 242 NA 355 NA 312 NA 328 178 170 141 135 NA 265 NA 120 NA 191 NA 198 NA 290 
Ind920 NA 157 NA 242 NA 359 NA 308 NA 248 NA 172 NA 137 NA 267 112 120 NA 191 NA 210 NA 290 
Ind921 NA 171 242 242 NA 359 308 308 NA 248 NA 172 NA 143 NA 267 NA 130 NA 191 190 206 290 294 
Ind922 157 173 NA 246 355 355 NA 308 NA 278 164 170 NA 143 NA 275 NA 112 NA 191 NA 206 282 298 
Ind923 159 157 NA 242 355 363 NA 308 NA 272 NA 168 NA 135 NA 267 124 120 NA 191 NA 214 290 286 
Ind924 NA 155 NA 242 NA 355 NA 312 NA 306 NA 168 135 147 NA 265 NA 126 NA 191 206 206 NA 286 
Ind925 155 157 246 240 NA 359 NA 312 NA 248 NA 178 NA 139 NA 265 NA 118 NA 191 198 204 NA 278 
Ind926 165 169 NA 242 355 359 NA 312 NA 288 164 178 NA 133 NA 265 NA 124 NA 188 NA 190 NA 294 
Ind927 NA 179 NA 242 NA 359 NA 312 NA 298 168 168 NA 137 277 275 NA 120 NA 188 214 190 NA 282 
Ind928 NA 179 NA 242 NA 359 NA 308 NA 298 168 168 NA 137 277 275 NA 124 NA 188 214 206 NA 308 
Ind929 NA 173 NA 240 NA 355 NA 308 NA 298 176 178 143 137 NA 271 NA 126 NA 191 NA 206 NA 294 
Ind930 159 177 242 240 NA 355 NA 312 NA 278 NA 172 NA 137 NA 303 NA 124 NA 191 NA 204 NA 282 
Ind931 159 177 242 240 NA 355 NA 312 NA 278 NA 172 NA 137 NA 303 NA 124 NA 191 NA 204 NA 282 
Ind932 NA 165 NA 248 NA 363 NA 312 NA 268 NA 170 NA 135 NA 259 NA 124 NA 191 NA 204 NA 300 
Ind933 NA 155 NA 246 NA 339 312 312 252 294 168 176 137 137 265 265 124 126 NA 191 NA 198 NA 320 
Ind934 NA 153 242 242 NA 355 NA 312 NA 278 NA 172 NA 135 NA 267 126 124 NA 191 206 204 NA 294 
Ind935 NA 153 242 238 NA 355 NA 308 NA 278 NA 172 NA 137 NA 265 126 124 NA 191 206 204 NA 294 
Ind936 157 161 NA 264 NA 359 NA 308 NA 278 NA 170 NA 137 NA 275 NA 120 NA 200 NA 206 NA 282 
Ind937 NA 153 NA 242 NA 355 312 312 NA 258 NA 174 NA 137 NA 275 NA 118 191 191 NA 214 NA 300 
Ind938 NA 169 NA 240 339 339 NA 308 252 304 172 176 137 135 NA 263 NA 112 191 191 206 214 NA 292 
Ind939 NA 159 NA 242 355 359 NA 312 NA 278 NA 176 NA 135 NA 269 NA 112 191 188 NA 206 NA 292 
Ind940 NA 167 NA 242 355 339 NA 312 NA 248 NA 178 NA 137 NA 263 NA 120 NA 191 NA 214 NA 290 
Ind941 NA 167 NA 242 355 355 NA 312 NA 272 NA 178 NA 137 NA 259 NA 124 NA 191 NA 214 NA 290 
Ind942 NA 153 NA 238 NA 339 NA 304 266 298 NA 170 NA 141 NA 267 NA 124 NA 185 NA 190 NA 306 
Ind943 NA 173 NA 244 NA 359 NA 312 248 294 NA 170 NA 139 259 259 NA 124 NA 188 NA 212 NA 292 
Ind944 NA 157 NA 246 NA 339 312 312 278 306 NA 170 NA 137 NA 261 NA 116 NA 191 NA 212 NA 300 
Ind945 NA 161 NA 246 NA 359 308 312 NA 292 NA 170 NA 135 NA 267 NA 124 NA 191 NA 206 NA 306 
Ind946 NA 169 NA 242 NA 355 308 308 NA 278 NA 170 NA 135 NA 275 NA 118 NA 191 NA 198 290 284 
Ind947 NA 143 NA 242 NA 359 308 308 NA 268 NA 170 NA 135 NA 275 NA 118 NA 191 NA 198 290 308 
Ind948 NA 153 248 240 NA 355 NA 312 NA 278 NA 178 NA 135 NA 275 124 126 NA 191 NA 206 NA 292 
Ind949 NA 171 240 250 NA 359 NA 308 NA 268 NA 166 NA 137 NA 263 NA 118 191 191 NA 198 NA 286 
Ind950 NA 167 242 246 NA 355 312 308 NA 278 NA 164 135 143 259 275 NA 126 NA 191 NA 206 NA 290 
Ind951 NA 165 242 262 NA 339 312 312 NA 278 NA 170 135 143 259 259 NA 130 NA 191 NA 206 NA 290 
Ind952 NA 159 NA 278 NA 355 NA 304 294 290 NA 170 NA 133 NA 267 NA 126 NA 191 NA 208 NA 282 
Ind953 NA 173 NA 240 NA 359 NA 304 294 290 NA 170 NA 133 NA 267 NA 126 NA 191 NA 208 NA 294 
Ind954 NA 161 254 242 NA 359 312 304 276 276 NA 170 135 139 NA 275 NA 124 NA 188 206 210 NA 294 
Ind955 NA 161 254 240 NA 359 312 308 276 272 NA 170 135 139 NA 275 NA 124 NA 188 206 210 NA 294 
Ind956 153 157 NA 246 NA 355 NA 312 298 266 NA 178 NA 135 NA 271 118 112 191 191 NA 198 294 282 
Ind957 NA 171 NA 242 355 359 308 312 248 296 NA 172 NA 135 NA 271 NA 118 NA 200 206 206 NA 300 
Ind958 NA 153 NA 238 NA 355 NA 312 NA 272 NA 166 NA 141 NA 275 NA 124 NA 188 210 206 NA 306 
Ind959 NA 153 NA 238 NA 355 NA 312 NA 278 NA 172 NA 141 NA 275 NA 124 NA 188 210 204 NA 306 
Ind960 NA 157 NA 248 NA 355 308 312 NA 278 NA 172 NA 139 NA 267 NA 130 NA 188 NA 206 NA 294 
Ind961 NA 157 NA 254 NA 355 NA 312 272 298 NA 166 NA 135 NA 259 NA 120 NA 191 NA 200 NA 282 
Ind962 NA 153 NA 246 NA 355 NA 312 NA 252 NA 174 NA 135 NA 267 NA 116 NA 191 NA 206 NA 282 
Ind963 NA 175 NA 240 NA 355 NA 312 NA 278 NA 174 NA 137 NA 263 NA 124 NA 191 NA 214 NA 306 
Ind964 173 171 254 248 NA 355 NA 312 NA 268 NA 170 NA 143 NA 269 NA 130 NA 191 NA 198 NA 306 
Ind965 159 173 242 242 355 339 308 312 NA 266 NA 176 NA 135 NA 265 124 120 NA 191 NA 212 294 282 
Ind966 NA 157 NA 242 NA 355 NA 312 NA 278 176 170 NA 135 NA 275 NA 124 NA 191 NA 210 NA 288 
Ind967 NA 157 242 240 NA 359 NA 312 NA 248 NA 170 NA 137 NA 267 NA 120 NA 191 NA 206 NA 278 
Ind968 NA 157 242 240 NA 359 NA 312 NA 248 NA 170 NA 133 NA 267 NA 120 NA 191 NA 206 NA 282 
Ind969 NA 157 NA 264 NA 359 308 312 272 294 NA 170 NA 137 NA 275 NA 118 NA 191 NA 198 NA 282 
Ind970 165 157 242 242 NA 355 NA 312 286 272 NA 176 133 135 NA 265 NA 118 191 191 NA 198 NA 318 
Ind971 NA 163 238 240 NA 339 NA 312 NA 248 NA 168 NA 137 NA 257 NA 124 NA 191 NA 206 NA 288 
Ind972 NA 165 NA 250 NA 339 NA 312 292 272 NA 178 NA 139 265 263 120 116 NA 200 NA 206 320 282 
Ind973 NA 173 NA 238 NA 359 NA 308 NA 288 NA 176 NA 135 NA 263 NA 112 NA 191 NA 206 NA 282 
Ind974 NA 177 NA 248 NA 355 NA 308 NA 274 NA 170 NA 135 NA 263 NA 118 191 191 214 206 282 306 
Ind975 NA 177 NA 248 NA 355 NA 308 NA 274 NA 176 NA 135 NA 275 NA 124 191 191 214 206 282 282 
Ind976 169 157 NA 242 355 355 NA 312 NA 328 NA 172 NA 137 NA 267 NA 120 191 185 208 206 NA 298 
Ind977 169 157 NA 242 355 355 NA 312 NA 258 NA 170 NA 139 NA 267 NA 124 191 185 208 206 NA 290 
Ind978 NA 171 NA 252 NA 339 NA 308 NA 326 NA 178 NA 137 NA 269 NA 122 NA 185 NA 188 NA 318 
Ind979 NA 157 NA 246 NA 339 NA 312 NA 298 NA 170 NA 135 NA 265 NA 118 191 191 206 206 NA 292 
Ind980 NA 157 NA 244 NA 355 NA 312 NA 298 NA 170 NA 143 NA 265 NA 124 191 191 206 206 NA 292 
Ind981 159 165 242 242 NA 355 NA 308 296 266 NA 168 NA 135 NA 269 NA 120 200 191 NA 214 NA 290 
Ind982 NA 165 NA 242 NA 359 NA 312 NA 272 170 178 NA 135 263 271 NA 118 NA 191 NA 206 NA 284 
Ind983 NA 165 NA 242 NA 359 NA 312 NA 286 170 174 NA 135 263 271 NA 112 NA 191 NA 206 NA 284 
Ind984 NA 171 NA 242 NA 355 312 312 NA 286 NA 178 137 143 NA 275 NA 120 NA 188 NA 208 NA 292 
Ind985 NA 165 242 240 NA 355 NA 312 NA 272 NA 170 135 143 NA 269 NA 124 191 191 NA 198 290 284 
Ind986 NA 169 242 240 NA 355 NA 312 NA 272 NA 178 135 141 NA 269 NA 124 191 191 NA 198 290 284 
Ind987 159 153 240 246 355 355 312 312 NA 286 NA 172 137 137 NA 273 NA 118 NA 188 NA 198 306 288 
Ind988 153 155 NA 240 NA 355 NA 308 NA 248 168 178 137 135 NA 275 NA 120 NA 200 208 204 NA 282 
Ind989 153 155 NA 240 NA 355 NA 308 NA 248 168 178 137 137 NA 275 NA 120 NA 188 208 198 NA 282 
Ind990 NA 157 NA 246 NA 339 308 312 NA 292 170 176 NA 135 265 269 NA 112 NA 191 212 206 304 294 
Ind991 NA 157 NA 246 NA 359 NA 308 252 298 NA 170 NA 137 NA 275 NA 120 NA 191 NA 208 NA 294 
Ind992 NA 157 NA 240 NA 355 NA 308 NA 252 NA 170 137 135 NA 267 130 120 NA 191 NA 214 NA 294 
Ind993 NA 171 NA 252 NA 355 NA 308 NA 286 NA 170 137 135 NA 267 130 120 NA 188 NA 206 NA 294 
Ind994 NA 165 NA 264 359 355 NA 312 NA 286 NA 176 NA 143 NA 259 NA 124 NA 191 NA 198 NA 286 
Ind995 NA 165 NA 254 359 355 NA 312 NA 286 NA 168 NA 143 NA 265 NA 124 NA 191 NA 206 NA 286 
Ind996 NA 153 NA 242 NA 339 NA 312 272 278 NA 176 NA 135 NA 275 118 112 NA 191 NA 198 NA 290 
Ind997 NA 161 242 254 NA 339 NA 312 NA 292 NA 176 NA 135 NA 267 NA 118 NA 191 NA 206 NA 288 
Ind998 151 181 NA 242 NA 339 NA 308 NA 298 NA 170 143 137 NA 269 NA 124 NA 191 214 206 NA 290 
Ind999 NA 159 NA 264 NA 363 NA 308 NA 286 NA 178 NA 135 265 267 NA 118 NA 191 NA 214 NA 292 
Ind1000 NA 159 NA 264 NA 363 NA 312 NA 278 NA 178 NA 135 265 267 NA 118 NA 191 NA 214 NA 292 

0 0 !Probabilities that the father and mother of an offspring included in candidates
0 0 !Numbers of candidate males and females



0 0 !Number of known paternities

0 0 !Number of known maternities

0 !Number of known paternal sibships with unknown fathers

0  !Number of known maternal sibships with unknown mothers

0  !Number of offspring with known excluded paternity

0  !Number of offspring with known excluded maternity

0  !Number of offspring with known excluded paternal sibships

0  !Number of offspring with known excluded maternal sibships

