impatiens_pp0.4 ! C, Dataset name, Length<51
impatiens_pp0.4 ! C, Main output file name, Length<21
1000 ! I, Number of offspring in the sample
12 ! I, Number of loci
123 ! I, Seed for random number generator
0 ! B, 0/1=Not updating/updating allele frequency
2 ! 2/1=Dioecious/Monoecious
0 ! 0/1=No inbreeding/inbreeding
1 ! B, 0/1=Diploid species/HaploDiploid species
1 0 ! B, 0/1=Polygamy/Monogamy for males & females
0 ! 0/1=No clone inference/clone inference
0 ! 0/1=No scaling/sibship size scaling
0 0 0 ! B, R, R : Use sibship prior, Y/N=1/0. If Yes, give mean paternal, maternal sibship size
0 ! B, 0/1=Unknown/Known population allele frequency

1 ! I, Number of runs
3 ! I, Length of Run (1, 2, 3) = (Short, Medium, Long)
1 ! B, 0/1=Monitor method by Iterate#/Time in second
60 ! I, Monitor interval in Iterate#/Seconds
0 ! B, 0/1=Other platform/Windows execution
1 ! 1/0=Full-likelihood/pairwise-likelihood score method
3 ! 1/2/3=low/medium/high precision


BT10 B96 BTMS0059 BTMS0081 BTMS0062 B126 BTERN01 B124 BTMS0057 BT30 B10 BTMS0083 !Marker IDs
0 0 0 0 0 0 0 0 0 0 0 0 !Marker types, 0/1=Codominant/Dominant
0 0 0 0 0 0 0 0 0 0 0 0 !Marker-specific allelic dropout rate
0 0 0 0 0 0 0 0 0 0 0 0 !Other marker-specific typing-error rate


1 161 181 NA 240 359 339 NA 308 292 266 NA 164 NA 143 259 273 NA 116 191 191 NA 198 294 282 !Offspring ID and genotypes
2 153 153 NA 246 339 339 NA 312 NA 278 NA 170 NA 141 NA 303 NA 116 191 188 206 198 308 294 
3 165 173 NA 244 NA 359 308 312 278 266 174 170 NA 135 NA 267 124 124 NA 191 206 200 286 284 
4 165 165 NA 244 NA 359 308 308 278 296 174 170 NA 137 NA 267 124 124 NA 191 206 200 286 284 
5 157 183 NA 278 NA 339 308 312 278 294 NA 172 135 133 267 271 124 120 NA 188 NA 206 NA 306 
6 NA 157 NA 242 359 359 312 312 288 278 172 164 137 135 NA 257 124 126 NA 188 NA 208 NA 294 
7 159 177 NA 246 NA 355 NA 312 278 248 NA 176 141 137 269 259 116 124 191 188 206 204 284 284 
8 159 177 NA 244 NA 355 NA 308 278 248 NA 168 141 137 269 269 116 124 191 188 206 206 284 280 
9 169 169 NA 242 NA 355 NA 312 298 276 168 166 NA 143 263 271 NA 112 185 191 206 198 318 284 
10 157 171 242 240 359 359 308 312 NA 258 172 170 135 135 NA 265 116 124 NA 191 NA 206 NA 278 
11 NA 169 242 244 339 355 NA 312 NA 278 164 174 NA 143 263 271 120 122 191 191 NA 198 290 292 
12 155 181 242 242 359 363 NA 312 NA 268 NA 176 NA 137 NA 265 116 120 191 191 206 214 282 280 
13 NA 173 252 242 NA 355 312 312 286 248 176 178 139 135 265 267 120 124 NA 191 206 206 306 282 
14 157 157 242 254 355 339 312 312 278 298 170 170 NA 143 NA 275 NA 124 188 188 206 198 NA 292 
15 163 159 246 244 359 359 NA 308 278 298 NA 168 135 137 267 261 NA 124 NA 191 NA 198 NA 282 
16 163 159 246 244 359 359 NA 308 278 298 NA 168 135 137 267 267 NA 118 NA 191 NA 198 NA 282 
17 171 161 240 248 339 359 304 308 NA 252 168 176 141 135 273 269 120 120 188 191 198 206 NA 304 
18 171 161 240 248 339 359 304 308 NA 296 168 172 141 135 273 269 120 120 188 191 198 206 NA 304 
19 171 153 240 246 339 359 304 308 NA 296 168 176 141 135 273 269 120 120 188 191 198 206 NA 304 
20 171 155 238 262 339 363 NA 308 278 292 178 170 135 135 267 261 NA 120 NA 191 210 198 NA 294 
21 157 165 NA 248 355 339 NA 312 276 268 NA 166 135 143 NA 275 NA 120 191 191 200 198 NA 292 
22 157 165 NA 248 355 339 NA 312 276 268 NA 170 135 143 NA 275 NA 120 191 191 200 198 NA 292 
23 167 159 246 242 355 363 NA 312 NA 248 166 170 NA 137 265 267 NA 120 NA 200 206 198 294 278 
24 167 159 246 242 355 363 NA 312 NA 248 166 170 NA 137 265 267 NA 120 NA 188 206 206 294 290 
25 NA 153 NA 254 NA 355 312 308 NA 248 170 168 NA 135 267 275 NA 120 NA 188 NA 206 NA 292 
26 NA 173 246 246 NA 355 NA 312 286 248 178 166 133 135 NA 263 120 124 NA 191 198 190 294 294 
27 NA 173 246 250 359 359 308 308 NA 278 168 168 137 137 267 263 NA 126 200 191 206 198 290 282 
28 NA 161 246 240 359 339 308 312 NA 252 168 178 137 141 267 263 NA 112 200 191 206 214 290 304 
29 NA 161 246 240 359 339 308 312 NA 278 168 168 137 141 267 257 NA 112 200 191 206 198 290 304 
30 157 169 NA 246 NA 355 NA 308 268 248 182 166 NA 137 271 263 124 130 NA 191 190 210 NA 290 
31 163 157 242 242 355 359 NA 312 278 278 NA 178 137 143 265 263 NA 112 191 191 NA 206 NA 294 
32 NA 169 242 240 359 339 NA 312 288 276 NA 170 139 135 NA 267 NA 120 NA 185 NA 210 NA 318 
33 167 169 240 240 NA 355 308 312 NA 278 176 168 143 143 NA 303 112 120 188 200 196 208 294 284 
34 167 169 240 240 NA 339 308 312 NA 278 176 168 143 141 NA 303 112 124 188 200 196 190 294 284 
35 167 169 240 248 NA 355 308 312 NA 278 176 168 143 141 NA 303 112 120 188 191 196 190 294 284 
36 167 161 240 248 NA 339 308 312 NA 278 176 178 143 143 NA 265 112 124 188 200 196 208 294 282 
37 161 171 254 246 355 359 312 308 NA 286 NA 178 141 147 NA 267 NA 120 NA 191 206 210 300 290 
38 161 171 254 246 355 359 312 312 NA 286 NA 170 141 137 NA 267 NA 120 NA 191 206 210 300 290 
39 NA 153 246 240 355 359 312 308 NA 278 178 170 137 137 257 265 NA 120 NA 191 198 204 280 282 
40 NA 143 242 242 NA 339 NA 312 288 272 170 170 137 141 NA 275 128 116 NA 188 NA 204 292 294 
41 169 143 242 242 355 355 308 312 NA 278 172 168 133 137 NA 275 NA 120 191 191 196 198 290 290 
42 167 169 NA 246 359 355 308 312 NA 288 172 170 NA 139 265 269 120 120 191 191 NA 210 NA 300 
43 167 169 NA 254 359 355 308 308 NA 288 172 170 NA 139 265 267 120 124 191 191 NA 210 NA 300 
44 163 173 NA 240 NA 355 308 312 NA 248 170 170 137 137 NA 265 112 124 191 191 206 210 NA 292 
45 NA 175 NA 240 355 359 NA 312 272 252 168 170 NA 135 299 269 120 130 191 191 NA 208 NA 288 
46 NA 165 NA 240 355 355 NA 312 272 252 168 170 NA 135 299 269 120 124 191 191 NA 208 NA 306 
47 NA 175 NA 240 355 355 NA 312 272 278 168 170 NA 137 299 269 120 124 191 191 NA 208 NA 306 
48 159 157 NA 240 355 359 NA 312 252 296 NA 170 137 135 265 269 126 124 191 191 NA 238 294 282 
49 157 157 NA 254 355 355 312 312 NA 272 170 178 139 135 275 267 NA 124 NA 191 NA 206 NA 294 
50 161 175 246 244 355 355 NA 308 NA 278 176 178 133 135 NA 267 124 112 191 191 204 206 290 290 
51 143 159 NA 240 NA 355 NA 312 278 252 NA 178 133 141 267 265 120 124 191 191 190 206 NA 298 
52 173 157 240 240 359 355 308 308 276 278 170 172 135 135 NA 259 124 126 191 188 208 204 292 290 
53 163 161 NA 240 NA 339 308 312 288 272 178 170 NA 135 NA 271 120 120 191 200 198 190 294 284 
54 171 163 254 278 339 355 NA 312 NA 278 174 176 127 143 NA 267 124 118 191 191 NA 206 290 308 
55 NA 157 240 244 NA 359 308 308 NA 266 NA 170 137 135 265 275 124 120 NA 200 NA 206 290 286 
56 157 153 246 240 355 355 312 312 278 248 168 166 137 139 NA 271 NA 124 NA 194 190 238 280 294 
57 NA 159 248 240 355 355 NA 312 272 278 170 170 135 143 263 267 NA 126 191 191 NA 196 NA 284 
58 157 157 278 252 359 339 NA 312 NA 288 164 182 143 137 259 265 120 112 191 191 NA 198 292 290 
59 NA 155 NA 246 355 359 NA 312 NA 278 NA 172 135 135 NA 261 124 122 188 188 214 198 288 284 
60 171 169 NA 246 359 355 312 312 278 272 NA 164 141 135 267 267 120 124 NA 188 204 204 284 280 
61 171 157 NA 240 359 355 312 312 278 272 NA 164 141 143 267 267 120 124 NA 191 204 206 284 280 
62 NA 159 NA 248 355 355 312 312 298 252 176 170 133 135 NA 267 NA 116 188 185 NA 198 290 278 
63 161 165 NA 240 NA 355 312 312 NA 278 NA 178 135 143 261 269 NA 120 191 191 NA 206 NA 292 
64 NA 157 238 242 359 355 312 312 268 248 NA 172 NA 135 NA 303 124 124 188 191 NA 206 NA 290 
65 NA 169 242 242 NA 355 312 308 NA 278 174 170 NA 137 257 259 NA 118 191 191 206 198 282 282 
66 NA 173 242 242 NA 359 312 308 NA 278 174 178 NA 137 257 259 NA 118 191 191 206 198 282 282 
67 NA 173 NA 262 355 339 308 312 NA 286 176 168 143 133 NA 259 NA 124 188 191 NA 198 284 280 
68 157 155 NA 240 NA 359 308 312 278 252 NA 164 133 135 NA 259 124 124 191 191 NA 238 294 286 
69 165 157 NA 246 NA 363 NA 308 NA 298 NA 170 NA 135 271 265 NA 120 NA 191 NA 206 288 290 
70 159 157 238 248 NA 359 308 312 NA 296 NA 178 141 135 265 257 118 112 191 200 NA 208 NA 284 
71 143 161 246 242 355 355 NA 308 296 278 NA 172 141 143 275 275 NA 120 NA 191 NA 198 NA 288 
72 NA 169 NA 242 355 355 NA 308 NA 296 NA 176 133 133 265 271 NA 112 191 191 NA 206 NA 286 
73 NA 169 NA 254 355 355 NA 308 NA 272 NA 176 133 133 265 267 NA 120 191 191 NA 198 NA 286 
74 165 165 248 242 NA 355 NA 312 328 276 NA 168 NA 135 267 267 130 118 191 191 NA 204 NA 286 
75 NA 157 NA 238 NA 355 312 308 300 248 172 172 NA 135 NA 267 124 124 191 191 206 208 290 294 
76 169 163 248 242 339 355 308 312 252 278 NA 174 NA 135 NA 269 NA 120 NA 191 NA 210 308 306 
77 NA 157 242 240 NA 355 312 308 NA 288 164 178 NA 137 NA 259 118 124 NA 191 NA 196 292 290 
78 NA 165 NA 246 NA 359 308 312 278 266 NA 176 147 139 NA 269 124 120 188 191 NA 206 NA 300 
79 157 157 242 240 355 355 308 312 NA 252 NA 168 137 135 267 263 NA 118 191 191 206 198 NA 282 
80 NA 167 242 242 NA 359 NA 308 286 278 NA 174 139 141 259 263 122 124 191 191 206 206 284 282 
81 157 171 NA 264 NA 355 NA 308 268 292 NA 172 135 135 263 275 120 120 191 191 NA 204 NA 286 
82 171 169 242 254 NA 359 NA 312 NA 292 170 176 137 135 263 265 NA 124 NA 191 208 200 NA 318 
83 173 173 NA 238 355 359 NA 308 292 278 NA 176 NA 137 269 269 NA 124 NA 191 NA 206 290 286 
84 NA 167 NA 254 NA 359 NA 312 NA 296 NA 168 NA 133 275 271 NA 124 191 191 214 198 290 318 
85 NA 155 NA 242 355 363 NA 312 NA 278 NA 178 NA 135 265 257 NA 118 191 188 NA 204 NA 294 
86 NA 157 NA 242 355 355 NA 308 NA 278 NA 178 NA 135 265 257 NA 120 191 191 NA 190 NA 284 
87 NA 155 NA 242 355 363 NA 312 NA 278 NA 170 NA 135 265 303 NA 118 191 191 NA 190 NA 284 
88 169 159 242 242 NA 355 308 308 266 296 NA 170 NA 137 259 269 120 130 191 191 204 200 300 288 
89 169 159 242 240 NA 355 308 312 266 296 NA 166 NA 137 259 271 120 120 191 191 204 200 300 288 
90 NA 157 242 242 359 355 308 308 NA 268 NA 176 NA 143 267 265 124 118 NA 191 198 198 292 290 
91 NA 173 NA 240 355 339 312 308 NA 292 NA 168 NA 135 259 269 116 124 188 185 NA 206 NA 294 
92 161 157 NA 254 355 355 NA 308 292 278 178 168 141 137 271 267 120 118 NA 191 208 214 290 290 
93 NA 173 246 242 339 355 312 308 272 290 170 168 133 141 NA 265 122 120 NA 188 210 198 318 292 
94 NA 173 246 242 339 355 312 308 272 290 170 170 133 141 NA 267 122 120 NA 188 210 198 318 292 
95 157 157 246 240 355 363 NA 312 296 298 170 170 NA 135 259 265 118 120 NA 191 206 198 NA 282 
96 153 157 240 252 NA 355 312 312 298 278 NA 184 NA 135 273 271 NA 122 191 191 NA 206 298 292 
97 153 157 240 252 NA 355 312 312 298 278 NA 174 NA 135 273 271 NA 122 191 188 NA 198 298 292 
98 157 169 NA 242 363 355 312 312 NA 288 NA 170 NA 137 263 275 126 120 191 191 NA 206 294 298 
99 165 157 240 246 NA 355 308 312 NA 294 176 170 137 135 NA 265 NA 124 191 191 NA 206 284 298 
100 169 167 242 254 NA 355 312 308 278 278 178 178 NA 135 269 271 NA 112 191 191 206 206 290 286 
101 169 169 242 254 NA 355 312 308 278 278 178 168 NA 135 269 265 NA 112 191 191 206 206 290 286 
102 169 169 242 254 NA 355 312 312 278 278 178 168 NA 137 269 265 NA 112 191 191 206 206 290 290 
103 159 165 242 252 NA 339 NA 304 266 298 170 170 135 137 265 275 116 118 NA 191 214 208 294 294 
104 163 165 240 242 NA 359 308 312 278 266 170 170 135 137 NA 269 116 130 191 191 206 198 NA 286 
105 163 177 240 246 NA 359 308 312 278 266 170 170 135 137 NA 269 116 118 191 191 206 206 NA 294 
106 171 157 250 264 NA 363 NA 308 248 290 166 170 137 139 265 263 NA 130 191 191 NA 198 NA 300 
107 167 155 240 240 359 359 NA 312 298 290 170 168 137 135 269 303 NA 120 191 188 NA 206 286 288 
108 NA 159 NA 240 339 339 308 312 288 278 164 168 NA 137 265 265 NA 118 NA 191 238 198 294 298 
109 171 157 242 254 355 355 312 308 278 306 170 170 141 133 275 269 122 120 191 191 NA 206 NA 298 
110 157 157 NA 240 355 355 312 312 NA 278 NA 174 137 135 271 263 116 124 191 188 206 198 280 284 
111 181 181 242 242 355 355 NA 312 NA 248 NA 176 135 141 NA 269 NA 120 188 191 NA 206 306 290 
112 181 181 242 242 355 355 NA 312 NA 272 NA 176 135 135 NA 275 NA 124 188 191 NA 206 306 290 
113 181 157 242 242 355 363 NA 312 NA 248 NA 170 135 141 NA 275 NA 120 188 191 NA 206 306 290 
114 163 165 238 242 NA 339 308 312 NA 286 170 170 135 135 271 267 124 118 191 188 NA 206 282 294 
115 NA 157 246 240 NA 355 NA 312 278 272 NA 170 135 135 NA 303 120 126 188 191 198 206 294 288 
116 165 151 NA 238 355 359 312 308 292 248 NA 172 NA 135 NA 267 122 120 NA 185 210 206 292 292 
117 NA 161 254 238 355 355 308 308 268 278 170 168 143 137 267 275 NA 126 NA 191 256 200 284 300 
118 NA 165 NA 238 NA 355 NA 312 NA 278 170 180 135 135 263 263 NA 124 191 200 212 198 NA 290 
119 143 171 NA 246 NA 355 312 312 288 278 164 170 141 137 NA 263 120 120 NA 191 190 198 284 282 
120 161 155 242 242 355 355 312 308 288 286 NA 170 NA 133 NA 263 124 124 191 191 198 200 NA 294 
121 167 167 NA 278 NA 355 312 304 NA 272 NA 176 143 135 NA 269 116 130 191 191 204 208 278 290 
122 165 155 242 242 355 355 312 308 288 272 NA 164 NA 137 NA 263 120 124 NA 191 212 210 288 282 
123 155 161 NA 246 355 355 NA 312 298 278 170 170 NA 141 271 259 NA 120 191 191 198 206 NA 290 
124 NA 159 NA 246 NA 339 304 308 NA 248 170 176 NA 137 303 257 NA 116 191 185 NA 198 NA 288 
125 167 171 240 248 359 359 312 308 272 270 168 176 135 133 NA 263 124 120 191 191 NA 198 290 284 
126 165 153 240 240 355 355 NA 308 296 278 164 164 147 147 275 271 126 116 188 188 206 200 286 302 
127 155 167 252 240 355 359 NA 308 286 248 NA 172 NA 135 271 263 NA 124 191 188 NA 198 318 300 
128 155 167 252 242 355 355 NA 308 286 248 NA 176 NA 135 271 263 NA 124 191 188 NA 198 318 300 
129 155 167 252 242 355 359 NA 308 286 248 NA 176 NA 135 271 263 NA 124 191 188 NA 198 318 294 
130 NA 157 NA 242 NA 359 308 312 NA 278 176 174 NA 133 NA 267 122 118 191 191 200 206 290 286 
131 NA 157 NA 242 NA 359 308 312 NA 278 176 174 NA 133 NA 267 122 118 191 191 200 206 290 286 
132 NA 159 254 246 NA 363 308 308 288 278 164 176 135 133 NA 263 NA 124 188 191 196 206 290 282 
133 NA 151 242 254 359 355 NA 312 NA 272 NA 164 NA 133 257 269 NA 128 191 191 NA 206 NA 290 
134 153 163 240 242 NA 359 312 308 268 300 NA 168 NA 137 269 269 NA 116 191 200 NA 206 278 290 
135 165 153 240 240 355 355 308 312 NA 278 NA 170 NA 135 259 275 NA 120 191 188 NA 206 282 290 
136 171 157 240 242 355 355 308 308 278 294 168 170 NA 143 NA 265 NA 120 191 191 206 238 300 282 
137 171 157 240 240 355 355 308 308 278 278 168 178 NA 143 NA 265 NA 126 191 191 206 238 300 290 
138 NA 155 242 240 355 355 NA 312 296 278 170 164 135 137 NA 275 124 120 191 191 198 206 282 294 
139 157 169 242 242 NA 355 NA 312 274 288 166 164 NA 141 303 269 120 118 191 191 206 210 300 292 
140 157 169 242 246 NA 359 NA 312 274 278 166 176 NA 141 303 269 120 118 191 188 206 210 300 300 
141 NA 177 242 240 339 339 308 308 272 278 170 178 NA 135 265 267 NA 118 191 191 210 206 286 284 
142 157 153 NA 244 NA 359 308 308 NA 294 NA 166 135 135 NA 265 NA 120 191 191 206 198 288 284 
143 NA 157 NA 240 355 355 312 312 278 292 NA 172 135 133 263 267 NA 118 191 191 206 206 290 280 
144 NA 157 NA 246 NA 359 308 312 306 266 NA 164 137 143 NA 267 NA 120 NA 188 214 210 284 294 
145 NA 157 NA 242 NA 359 308 312 306 266 NA 164 137 143 NA 267 NA 124 NA 188 214 210 284 292 
146 157 169 NA 240 NA 339 NA 312 NA 278 NA 178 135 135 259 263 NA 124 191 191 206 206 NA 288 
147 157 169 NA 252 NA 339 NA 312 NA 292 NA 178 135 135 259 267 NA 124 191 191 206 206 NA 308 
148 NA 157 NA 242 NA 355 NA 308 NA 252 176 180 NA 137 NA 267 NA 120 185 185 NA 208 294 286 
149 NA 157 NA 240 NA 355 NA 308 NA 286 176 166 NA 137 NA 269 NA 120 185 191 NA 208 294 286 
150 181 169 240 238 339 339 NA 312 NA 268 178 172 135 139 271 265 116 120 191 191 NA 206 NA 282 
151 NA 153 240 246 355 355 312 312 278 266 NA 178 NA 147 NA 265 NA 120 NA 188 206 206 294 290 
152 173 155 240 254 355 359 312 312 278 328 170 174 135 137 271 265 NA 124 191 191 214 198 NA 284 
153 169 169 NA 254 355 355 308 312 298 288 178 176 NA 135 267 273 120 124 191 188 NA 206 NA 284 
154 169 169 NA 254 355 355 308 312 298 266 178 176 NA 135 267 273 120 112 191 188 NA 198 NA 284 
155 NA 155 NA 246 355 339 NA 308 278 278 NA 170 NA 135 NA 303 124 124 191 188 206 210 286 300 
156 NA 159 NA 246 355 355 NA 308 278 278 NA 170 NA 135 NA 303 124 126 191 200 206 210 286 282 
157 NA 183 NA 246 NA 355 308 308 252 272 170 164 135 139 NA 269 NA 118 191 191 NA 190 NA 294 
158 NA 153 NA 242 NA 355 308 312 252 298 170 166 135 139 NA 269 NA 118 191 191 NA 206 NA 286 
159 NA 157 242 240 339 355 312 308 268 278 NA 168 137 143 NA 269 120 124 191 188 198 238 294 318 
160 161 157 240 264 339 355 NA 308 252 248 NA 174 NA 135 NA 259 124 130 191 191 NA 206 286 294 
161 179 181 242 246 NA 351 308 308 296 278 NA 168 NA 135 267 265 120 122 191 191 NA 206 298 284 
162 179 155 242 246 NA 359 308 308 296 278 NA 168 NA 139 267 265 120 122 191 191 NA 206 298 292 
163 159 159 248 278 355 355 NA 312 248 298 NA 170 NA 135 NA 265 122 116 191 191 NA 214 292 284 
164 159 153 248 278 355 359 NA 312 248 252 NA 172 NA 137 NA 261 122 120 191 191 NA 214 292 288 
165 NA 157 NA 242 355 355 312 312 278 278 170 176 135 143 NA 267 NA 116 NA 191 NA 206 294 292 
166 171 187 240 242 NA 355 312 312 294 278 170 168 NA 137 275 267 116 124 188 191 210 206 284 298 
167 177 157 NA 238 355 359 308 308 NA 278 168 168 NA 143 269 271 126 120 NA 188 210 210 294 318 
168 NA 157 NA 252 NA 363 312 308 NA 290 NA 168 135 135 NA 273 120 120 NA 191 NA 190 294 304 
169 153 161 NA 242 NA 355 312 312 248 272 146 172 135 135 269 259 NA 126 191 191 206 210 292 290 
170 171 169 242 246 355 339 308 312 286 278 NA 170 NA 143 NA 273 120 120 NA 188 NA 198 288 304 
171 153 157 246 242 355 355 312 312 NA 270 170 176 135 133 NA 275 NA 118 200 191 NA 214 290 304 
172 153 157 246 242 355 355 312 308 NA 292 170 176 135 143 NA 275 NA 118 200 191 NA 214 290 290 
173 NA 161 278 254 NA 355 308 312 296 278 178 178 143 143 267 267 NA 124 NA 191 198 206 278 282 
174 NA 161 278 240 NA 355 308 312 296 258 178 178 143 135 267 267 NA 124 NA 191 198 206 278 282 
175 157 157 NA 254 359 359 NA 312 288 288 170 168 137 135 263 263 120 124 191 191 200 206 290 292 
176 167 169 NA 242 359 355 308 312 NA 278 NA 170 137 143 269 303 NA 118 NA 191 NA 206 290 292 
177 NA 157 254 242 339 339 NA 308 NA 268 NA 172 137 135 275 259 110 124 191 188 206 204 290 294 
178 NA 157 254 242 339 355 NA 308 NA 272 NA 172 137 137 275 267 110 124 191 188 206 198 290 294 
179 NA 157 NA 242 NA 359 312 308 NA 298 170 180 141 135 NA 263 NA 116 191 191 NA 198 NA 304 
180 157 157 242 246 NA 355 NA 308 288 272 NA 164 133 143 271 269 NA 116 191 191 206 206 290 290 
181 NA 153 NA 242 355 355 NA 312 NA 266 NA 170 NA 135 265 259 NA 118 NA 188 214 210 282 306 
182 NA 161 NA 242 355 359 NA 308 NA 266 NA 172 NA 135 265 257 NA 118 NA 191 214 210 282 306 
183 NA 155 NA 240 NA 355 312 308 288 278 170 170 135 141 NA 267 NA 120 NA 191 206 206 290 298 
184 NA 155 NA 242 NA 355 312 312 288 276 170 166 135 143 NA 267 NA 124 NA 191 206 206 290 298 
185 NA 165 240 242 355 355 312 312 278 298 178 166 143 137 NA 265 120 118 NA 191 NA 210 NA 294 
186 165 157 242 254 NA 355 312 308 NA 252 164 164 135 139 269 259 NA 118 NA 188 NA 206 282 318 
187 159 165 NA 242 NA 339 NA 308 278 278 NA 170 NA 133 NA 259 124 120 191 191 NA 198 NA 290 
188 NA 155 NA 242 NA 359 308 312 278 328 NA 174 137 135 263 261 126 124 191 191 206 206 300 280 
189 165 165 254 242 359 355 NA 312 272 286 NA 170 141 137 265 269 NA 124 191 191 206 204 290 298 
190 165 157 254 242 359 355 NA 312 272 286 NA 174 141 137 265 269 NA 120 191 191 206 204 290 298 
191 165 165 254 240 359 355 NA 308 272 292 NA 174 141 137 265 269 NA 124 191 191 206 204 290 284 
192 NA 171 254 238 355 339 NA 308 NA 248 NA 172 135 141 NA 263 124 120 191 188 256 206 294 294 
193 NA 181 244 240 NA 355 NA 308 286 278 NA 172 135 135 265 269 NA 124 191 191 206 198 306 280 
194 161 157 246 240 355 355 NA 312 278 288 NA 172 135 135 275 275 NA 124 191 191 NA 206 308 282 
195 173 159 NA 242 NA 339 NA 304 NA 298 168 170 137 143 263 275 NA 112 NA 188 NA 204 294 282 
196 NA 153 NA 252 363 363 NA 312 252 278 NA 176 NA 135 NA 267 NA 124 191 191 206 204 NA 278 
197 NA 169 NA 252 363 363 NA 312 252 278 NA 170 NA 135 NA 267 NA 124 191 191 206 204 NA 294 
198 159 169 242 240 355 355 308 312 278 248 172 174 NA 137 NA 275 120 124 NA 188 NA 206 NA 292 
199 157 157 240 240 363 355 312 308 286 252 170 178 143 135 NA 267 116 124 191 191 190 206 NA 282 
200 143 169 242 240 NA 359 312 312 278 278 NA 168 135 137 263 267 124 120 NA 191 206 206 308 290 
201 153 167 242 242 339 355 NA 312 278 278 NA 168 NA 143 NA 259 NA 124 191 191 NA 238 292 290 
202 159 169 NA 242 NA 355 308 312 292 278 NA 170 NA 135 265 269 NA 120 191 191 206 204 308 318 
203 169 173 NA 242 355 355 NA 308 NA 288 170 168 NA 135 273 267 NA 120 NA 191 204 208 290 284 
204 153 165 252 240 339 355 NA 308 266 278 172 170 135 135 NA 267 120 118 191 191 NA 198 NA 318 
205 NA 175 NA 254 NA 359 312 312 278 276 168 182 NA 139 269 267 124 112 191 188 206 206 318 298 
206 157 171 240 240 355 355 308 312 NA 272 168 170 NA 137 NA 259 112 120 191 191 208 206 290 306 
207 NA 157 242 240 355 359 NA 312 NA 278 172 176 135 135 263 259 118 124 NA 188 NA 206 NA 306 
208 NA 157 246 278 355 355 312 312 248 278 NA 170 137 135 NA 269 NA 124 NA 191 NA 198 308 294 
209 NA 167 NA 240 NA 355 312 312 294 268 NA 172 135 135 NA 261 118 124 NA 191 NA 200 NA 282 
210 NA 153 NA 254 NA 355 308 312 278 284 170 164 137 143 259 263 NA 126 191 191 206 206 318 306 
211 165 157 NA 254 355 363 308 312 NA 290 168 176 NA 147 NA 271 118 116 NA 191 206 206 NA 294 
212 173 169 240 242 363 355 312 308 288 278 NA 176 NA 135 275 267 NA 122 188 188 NA 210 NA 288 
213 NA 173 240 246 339 355 312 308 NA 298 178 166 141 143 NA 277 124 124 NA 191 206 198 292 290 
214 NA 169 278 242 355 355 312 308 272 268 NA 178 141 141 267 269 112 124 191 191 204 206 282 300 
215 173 169 NA 242 NA 355 312 312 NA 278 168 182 135 135 NA 271 120 112 191 191 206 206 292 286 
216 157 169 NA 240 NA 355 312 308 NA 278 168 178 139 135 275 265 118 116 191 200 NA 206 NA 294 
217 165 173 NA 242 NA 359 NA 312 NA 278 172 172 135 141 275 265 NA 118 NA 188 NA 208 298 290 
218 157 153 254 242 355 355 312 312 NA 248 172 170 143 139 NA 263 NA 126 191 191 206 198 NA 290 
219 NA 165 238 242 NA 339 NA 304 272 298 176 168 135 143 265 269 NA 114 185 191 NA 204 292 308 
220 157 165 242 246 NA 363 308 312 248 278 170 170 141 137 281 263 NA 124 200 191 198 206 294 290 
221 157 153 242 246 NA 363 308 312 248 278 170 170 141 137 281 267 NA 124 200 191 198 206 294 294 
222 157 159 NA 246 355 355 NA 308 272 278 170 170 137 133 269 265 NA 120 191 191 NA 238 294 278 
223 143 155 NA 246 339 355 NA 312 266 278 NA 170 143 135 263 271 NA 130 191 191 198 206 NA 288 
224 143 157 NA 246 339 359 NA 312 266 278 NA 170 143 135 263 275 NA 130 191 191 198 206 NA 288 
225 167 153 NA 248 NA 355 308 308 306 248 NA 170 NA 135 NA 273 NA 120 191 191 206 210 282 286 
226 157 165 242 254 355 355 312 312 288 278 168 178 137 133 267 267 130 116 NA 191 198 206 NA 294 
227 155 163 NA 246 339 339 312 312 272 272 NA 166 NA 135 NA 267 116 124 191 191 206 206 286 278 
228 155 171 NA 246 339 355 312 312 272 278 NA 170 NA 137 NA 267 116 124 191 191 206 206 286 278 
229 167 167 NA 238 355 355 NA 312 NA 288 170 170 139 141 271 257 NA 118 191 191 206 206 288 292 
230 155 177 246 240 359 355 312 308 278 288 NA 166 NA 135 269 275 118 120 NA 191 198 206 NA 318 
231 153 167 242 240 359 355 NA 312 328 304 NA 170 135 133 261 263 NA 124 NA 188 NA 198 NA 282 
232 165 173 242 254 363 363 NA 312 248 266 164 178 NA 139 263 275 116 124 191 191 206 206 308 284 
233 165 161 242 254 363 355 NA 312 248 278 164 170 NA 139 263 275 116 124 191 191 206 206 308 294 
234 181 157 242 252 NA 355 NA 308 NA 278 NA 172 NA 137 287 263 NA 112 NA 191 198 206 NA 282 
235 161 165 250 252 339 355 NA 312 NA 268 168 170 139 135 NA 265 120 124 NA 188 NA 206 282 294 
236 NA 165 240 242 NA 359 312 312 288 278 NA 172 135 141 275 275 116 118 191 191 210 206 292 306 
237 NA 167 NA 242 355 363 NA 312 NA 286 170 170 NA 135 267 267 120 124 NA 191 206 204 282 308 
238 143 159 240 238 NA 355 NA 312 248 294 NA 174 NA 133 NA 259 120 124 191 200 204 206 NA 304 
239 165 157 242 240 NA 359 NA 308 NA 298 170 178 141 137 NA 267 NA 118 191 191 206 206 292 294 
240 157 173 240 242 355 355 308 312 NA 278 166 168 137 137 259 259 NA 116 191 200 204 212 NA 290 
241 165 175 238 248 355 339 308 308 276 266 170 164 NA 135 NA 261 116 118 191 191 214 204 NA 318 
242 NA 157 NA 278 355 339 308 312 278 286 168 168 135 137 265 267 NA 112 188 191 NA 206 NA 288 
243 163 169 256 254 NA 339 NA 308 248 252 166 176 135 137 NA 271 124 120 NA 191 NA 198 NA 294 
244 157 159 254 240 NA 359 NA 312 252 268 166 176 133 143 NA 263 120 120 NA 191 206 198 304 284 
245 159 177 242 240 339 355 NA 308 NA 278 NA 174 NA 137 NA 269 NA 124 200 188 NA 206 NA 294 
246 169 157 242 242 NA 355 NA 312 258 278 168 182 NA 135 269 259 NA 118 191 191 210 198 282 290 
247 NA 165 NA 250 NA 355 NA 312 NA 272 164 170 137 143 NA 267 NA 120 188 191 NA 214 300 288 
248 NA 155 NA 250 NA 359 NA 312 NA 272 164 168 137 135 NA 267 NA 120 188 191 NA 198 300 288 
249 NA 143 NA 242 355 355 NA 312 278 250 178 170 NA 143 265 263 120 124 NA 191 NA 206 NA 282 
250 171 165 NA 246 NA 359 312 312 NA 288 NA 170 135 147 263 265 118 124 191 191 200 198 292 288 
251 163 157 278 240 NA 359 NA 312 286 278 176 170 NA 137 271 269 128 120 191 191 NA 214 318 292 
252 173 169 NA 240 NA 355 308 312 NA 278 168 170 NA 137 259 269 120 118 200 191 206 214 318 308 
253 143 169 NA 246 NA 363 308 308 292 272 170 168 135 135 265 265 112 120 191 191 NA 206 294 318 
254 143 163 NA 246 NA 363 308 308 292 272 170 168 135 135 265 263 112 120 191 191 NA 198 294 318 
255 157 173 NA 242 355 355 NA 312 268 278 170 168 137 133 NA 267 NA 130 191 191 206 212 300 294 
256 163 163 240 242 359 359 308 308 278 248 178 170 143 135 NA 265 NA 116 191 191 NA 204 306 286 
257 NA 171 NA 242 355 355 NA 312 NA 268 170 170 137 137 267 265 NA 124 NA 191 NA 204 NA 282 
258 157 159 238 254 339 355 NA 312 NA 278 NA 168 135 137 257 269 NA 120 191 191 210 206 308 292 
259 NA 157 NA 246 355 355 308 308 NA 278 170 170 NA 135 271 265 124 126 191 191 198 206 294 318 
260 NA 157 NA 246 355 355 308 308 NA 300 170 170 NA 135 271 271 124 126 191 191 198 198 294 294 
261 NA 173 240 240 359 355 308 312 NA 294 NA 174 137 133 267 267 124 120 188 191 NA 198 290 306 
262 NA 159 NA 246 NA 359 312 312 258 294 NA 176 135 137 261 259 NA 124 NA 191 206 206 NA 290 
263 153 159 240 242 NA 355 312 312 NA 252 NA 180 NA 133 267 275 NA 128 NA 191 256 214 282 294 
264 157 165 242 242 355 359 NA 312 NA 288 NA 164 135 137 NA 271 120 124 NA 191 NA 198 NA 294 
265 NA 171 NA 242 NA 355 NA 308 328 248 168 170 NA 137 267 265 120 124 191 191 206 206 NA 284 
266 NA 169 242 254 NA 355 312 308 NA 278 170 170 135 139 267 263 124 124 NA 191 206 198 318 282 
267 173 153 240 246 355 355 308 312 278 266 NA 168 NA 133 263 265 NA 124 NA 188 206 190 290 304 
268 173 155 NA 242 NA 359 312 312 NA 260 170 170 141 143 NA 303 120 124 191 191 NA 190 NA 294 
269 159 173 246 254 355 355 NA 312 NA 286 NA 168 NA 135 267 275 NA 120 NA 191 NA 214 NA 290 
270 167 169 238 242 355 355 308 312 NA 286 NA 168 135 137 NA 259 NA 120 NA 191 NA 206 308 290 
271 NA 153 NA 240 NA 359 308 308 278 268 170 172 NA 137 259 261 NA 120 191 194 NA 206 NA 282 
272 NA 157 NA 240 NA 355 308 308 278 278 170 170 NA 137 259 261 NA 120 191 191 NA 206 NA 286 
273 NA 153 NA 240 NA 359 308 308 278 278 170 172 NA 137 259 267 NA 120 191 194 NA 206 NA 286 
274 NA 173 242 242 355 355 NA 312 288 268 174 170 137 135 NA 267 120 124 NA 188 206 210 290 292 
275 NA 153 NA 240 355 355 NA 312 298 294 172 174 135 135 269 265 NA 120 191 191 238 206 300 318 
276 NA 161 246 244 355 355 312 312 278 298 170 184 135 139 263 267 124 118 NA 200 NA 198 290 292 
277 157 167 242 254 NA 355 308 304 NA 298 NA 170 135 135 NA 259 126 124 NA 191 NA 206 300 286 
278 NA 171 242 242 355 355 NA 308 NA 278 NA 168 NA 135 NA 263 NA 120 NA 191 200 208 NA 290 
279 143 183 248 242 NA 355 308 308 266 248 168 176 135 141 NA 265 122 120 191 188 NA 198 NA 308 
280 169 173 NA 242 NA 359 304 312 NA 294 170 172 139 135 259 267 NA 124 191 191 206 198 NA 278 
281 165 161 NA 242 355 339 308 308 NA 248 164 164 NA 135 267 275 116 124 191 191 206 206 NA 292 
282 165 161 NA 242 355 355 308 312 NA 248 164 164 NA 135 267 263 116 124 191 191 206 214 NA 282 
283 155 169 NA 278 NA 355 NA 308 NA 288 178 170 NA 139 NA 265 NA 112 191 191 NA 198 306 320 
284 159 161 242 240 NA 359 NA 312 NA 298 164 176 141 133 269 259 124 122 191 188 NA 204 NA 318 
285 171 163 NA 260 359 363 312 308 300 272 170 178 135 143 NA 265 116 124 200 185 NA 204 NA 290 
286 167 155 242 242 NA 359 312 308 248 278 168 170 135 139 263 261 112 124 188 191 198 206 292 296 
287 NA 177 242 242 NA 359 312 312 288 248 170 176 139 137 NA 275 124 120 NA 191 206 210 284 292 
288 NA 177 242 242 NA 359 312 308 288 248 170 176 139 135 NA 275 124 120 NA 191 206 200 284 286 
289 165 173 NA 254 355 359 312 312 NA 252 174 170 NA 143 259 259 NA 118 191 191 NA 210 290 290 
290 NA 153 NA 238 NA 355 312 308 NA 278 NA 170 135 135 NA 261 124 112 NA 191 NA 198 288 294 
291 NA 153 NA 238 NA 355 312 308 NA 288 NA 170 135 135 NA 267 124 120 NA 191 NA 198 288 294 
292 165 181 240 242 355 355 308 312 NA 292 170 164 NA 137 265 269 118 120 191 188 204 206 292 282 
293 NA 169 242 240 NA 355 308 312 NA 278 168 168 NA 133 259 275 NA 124 191 191 214 206 NA 294 
294 155 157 240 242 NA 355 312 312 NA 328 178 170 135 137 267 259 124 120 197 191 210 196 318 292 
295 157 157 252 242 NA 355 NA 312 NA 248 NA 178 137 143 259 275 124 120 NA 185 206 206 282 294 
296 NA 167 246 238 355 355 312 312 268 286 174 168 137 133 265 275 130 112 191 191 206 206 290 286 
297 NA 153 250 242 355 355 NA 312 278 248 170 170 NA 137 275 269 NA 124 NA 191 NA 212 NA 290 
298 165 187 NA 240 NA 355 308 308 252 258 176 176 143 143 NA 263 120 124 191 188 NA 206 318 284 
299 NA 163 240 238 NA 355 312 312 248 278 170 170 NA 137 267 263 NA 124 NA 191 NA 206 294 290 
300 NA 163 240 248 NA 355 312 312 248 278 170 170 NA 135 267 263 NA 130 NA 191 NA 208 294 290 
301 NA 167 242 246 355 359 312 308 NA 276 172 176 NA 139 NA 285 118 124 188 188 198 206 294 292 
302 NA 157 NA 246 NA 355 NA 312 NA 248 168 170 137 135 NA 271 116 126 191 191 206 210 290 292 
303 NA 169 NA 242 359 363 308 312 266 248 178 170 NA 133 NA 267 120 112 191 188 206 190 NA 282 
304 NA 159 248 242 339 339 NA 308 NA 298 176 178 133 143 271 275 NA 120 NA 191 NA 198 304 288 
305 NA 163 254 250 NA 339 NA 312 278 286 170 168 NA 141 275 273 116 120 188 191 206 206 298 292 
306 NA 155 254 242 NA 355 NA 308 278 286 170 178 NA 141 275 269 116 120 188 191 206 206 298 292 
307 NA 155 254 242 NA 355 NA 308 278 286 170 178 NA 141 275 269 116 120 188 197 206 200 298 290 
308 NA 155 NA 240 355 355 NA 312 254 278 174 182 135 137 271 271 NA 120 188 191 214 206 292 292 
309 171 157 242 242 355 355 NA 308 296 276 NA 170 143 139 267 263 118 116 188 191 206 206 288 300 
310 161 159 242 242 NA 355 NA 312 298 278 170 170 NA 135 271 269 NA 116 188 191 NA 212 294 290 
311 161 159 242 254 NA 355 NA 312 298 272 170 164 NA 135 271 265 NA 124 188 188 NA 212 294 290 
312 NA 171 242 254 359 355 NA 308 272 248 NA 170 137 135 269 265 112 120 191 191 206 238 NA 308 
313 NA 167 242 254 359 355 NA 308 272 306 NA 170 137 137 269 265 112 120 191 191 206 206 NA 308 
314 157 165 254 246 363 363 NA 308 NA 272 168 170 NA 135 263 259 116 130 191 191 NA 206 298 292 
315 157 169 254 240 363 363 NA 308 NA 272 168 174 NA 141 263 259 116 118 191 191 NA 206 298 292 
316 145 169 238 242 359 355 NA 312 NA 278 178 170 135 137 269 265 118 120 NA 185 206 214 NA 292 
317 NA 181 248 240 355 339 NA 312 286 286 170 174 NA 135 275 265 124 116 191 191 206 214 NA 294 
318 153 161 246 238 355 355 NA 308 NA 248 178 174 NA 143 267 263 120 116 191 191 198 214 318 292 
319 153 165 246 242 355 363 NA 308 NA 248 178 178 NA 143 267 263 120 124 191 191 198 198 318 292 
320 153 161 246 242 355 363 NA 308 NA 294 178 178 NA 143 267 269 120 124 191 191 198 214 318 292 
321 NA 165 242 254 355 355 308 312 NA 272 NA 164 137 137 265 267 NA 120 NA 191 212 238 282 300 
322 173 173 NA 242 NA 339 312 312 NA 272 NA 170 135 135 259 271 116 126 NA 191 NA 206 282 298 
323 169 169 242 242 NA 355 NA 308 NA 278 170 170 135 143 259 265 NA 116 191 191 NA 212 318 298 
324 NA 173 NA 254 NA 355 312 308 266 288 NA 176 NA 135 263 269 118 120 NA 191 NA 198 NA 308 
325 171 177 242 242 339 355 308 308 248 286 170 170 143 139 275 265 120 120 NA 188 210 200 290 294 
326 NA 153 NA 254 NA 359 NA 308 288 278 NA 168 NA 135 NA 263 124 118 188 191 208 238 290 282 
327 NA 167 NA 254 NA 339 NA 312 296 278 166 178 135 139 263 265 NA 124 NA 191 NA 206 284 286 
328 NA 153 242 240 NA 355 308 312 NA 278 NA 176 139 143 257 267 NA 112 NA 188 NA 210 318 318 
329 NA 157 240 242 339 355 308 312 NA 268 NA 168 135 135 263 269 124 118 188 191 NA 206 318 294 
330 NA 171 NA 240 339 339 308 312 NA 248 NA 178 137 137 NA 265 NA 120 191 188 206 204 308 292 
331 NA 165 NA 240 355 355 312 312 NA 266 NA 168 141 135 265 271 NA 124 NA 191 206 210 294 284 
332 NA 165 NA 240 355 359 312 312 NA 278 NA 168 141 135 265 271 NA 124 NA 191 206 210 294 284 
333 157 159 238 246 NA 339 312 312 NA 276 170 172 NA 133 265 269 120 120 191 191 210 196 306 286 
334 157 173 238 240 NA 363 312 312 NA 276 170 176 NA 139 265 259 120 120 191 191 210 204 306 286 
335 157 173 238 246 NA 363 312 312 NA 252 170 176 NA 133 265 259 120 120 191 191 210 196 306 286 
336 163 157 NA 278 NA 355 312 312 286 272 NA 168 137 137 NA 263 NA 124 188 191 NA 206 NA 294 
337 NA 153 NA 242 NA 355 312 312 278 248 176 176 137 133 NA 271 120 124 191 191 NA 210 282 282 
338 NA 167 238 264 355 355 312 308 NA 272 178 182 NA 137 261 265 118 124 NA 191 214 210 NA 298 
339 173 165 242 242 NA 355 NA 312 NA 272 172 164 NA 143 NA 265 118 122 188 191 NA 214 NA 288 
340 171 183 NA 240 NA 355 NA 312 288 286 182 168 135 137 267 271 NA 120 191 191 206 206 NA 284 
341 157 165 240 242 NA 355 NA 308 248 266 170 170 NA 135 275 267 NA 124 NA 191 208 206 NA 290 
342 157 169 240 242 NA 355 NA 312 248 272 170 170 NA 143 275 263 NA 120 NA 191 208 206 NA 290 
343 161 153 246 240 355 355 NA 312 288 252 NA 172 NA 135 267 265 126 120 191 191 NA 210 290 318 
344 NA 169 248 242 NA 359 NA 312 NA 248 NA 170 NA 143 269 263 130 120 191 191 210 206 286 318 
345 NA 169 248 242 NA 359 NA 312 NA 248 NA 170 NA 143 269 263 130 124 191 191 210 206 286 318 
346 NA 169 248 240 NA 359 NA 308 NA 274 NA 170 NA 143 269 263 130 124 191 191 210 206 286 318 
347 NA 165 246 242 NA 355 NA 312 254 272 170 176 137 133 263 265 NA 124 191 191 198 206 288 292 
348 157 153 240 278 NA 355 NA 308 278 300 170 176 137 137 267 265 120 124 191 191 NA 206 292 300 
349 NA 157 NA 240 NA 359 NA 312 NA 288 NA 168 NA 147 NA 267 NA 118 NA 191 198 206 NA 294 
350 NA 161 NA 240 NA 359 NA 312 NA 288 NA 170 NA 147 NA 267 NA 120 NA 191 198 206 NA 294 
351 NA 173 NA 242 NA 339 312 304 278 288 176 166 137 133 265 267 NA 120 191 191 NA 204 300 284 
352 153 157 278 246 NA 359 308 308 NA 298 NA 170 NA 137 263 263 120 124 NA 191 206 206 288 294 
353 157 157 NA 246 355 355 NA 312 NA 276 170 178 137 135 265 275 116 124 191 191 206 198 288 286 
354 NA 157 242 242 NA 359 NA 312 NA 278 170 176 133 135 269 265 120 112 NA 188 198 210 NA 292 
355 159 157 NA 246 NA 355 NA 312 NA 288 NA 170 NA 137 NA 267 NA 112 NA 191 NA 206 290 284 
356 157 157 NA 242 339 339 NA 308 266 298 NA 170 NA 137 273 259 120 120 191 191 NA 212 NA 318 
357 NA 177 NA 238 NA 355 NA 312 NA 248 170 166 137 135 NA 267 120 130 191 191 210 204 282 298 
358 167 157 246 242 339 355 NA 312 286 276 NA 172 133 141 NA 263 NA 112 191 191 214 206 292 284 
359 173 173 NA 252 359 355 312 312 252 278 170 176 137 137 269 265 118 120 NA 191 206 204 294 320 
360 173 173 NA 252 359 355 312 312 252 278 170 172 137 137 269 265 118 126 NA 191 206 204 294 320 
361 173 173 NA 240 359 339 312 312 252 278 170 172 137 141 269 271 118 120 NA 191 206 204 294 298 
362 173 157 NA 254 NA 359 NA 308 268 278 170 168 NA 135 NA 263 NA 126 NA 188 210 200 292 300 
363 165 161 242 242 NA 339 NA 312 NA 328 178 168 141 137 265 269 120 116 191 191 206 204 NA 300 
364 NA 153 242 242 NA 355 312 308 NA 288 168 170 NA 135 271 267 NA 124 191 191 NA 206 290 318 
365 171 159 NA 238 NA 363 NA 312 298 274 NA 168 135 137 269 267 118 124 188 200 NA 210 NA 282 
366 143 157 NA 278 355 355 308 312 296 278 168 174 133 135 NA 273 NA 120 188 191 206 206 290 282 
367 161 173 254 254 NA 355 312 308 278 288 NA 170 NA 135 NA 263 NA 126 191 191 NA 210 300 304 
368 NA 159 246 240 NA 355 308 308 276 258 174 174 137 141 267 269 124 124 NA 191 NA 190 NA 280 
369 NA 173 246 242 339 355 NA 308 292 286 170 178 135 137 263 257 NA 120 NA 191 NA 204 290 282 
370 NA 157 NA 248 NA 359 NA 308 278 248 168 178 NA 143 NA 263 NA 124 188 188 206 190 NA 300 
371 183 165 NA 242 NA 355 308 308 NA 288 NA 180 137 139 271 275 124 116 NA 191 NA 198 282 306 
372 159 159 248 242 NA 355 NA 308 298 274 NA 176 135 133 275 271 NA 118 NA 191 NA 198 292 294 
373 173 163 246 242 NA 359 NA 312 NA 252 170 170 NA 135 NA 271 112 124 191 200 212 206 294 288 
374 161 157 NA 240 339 355 NA 312 252 252 NA 178 143 139 263 269 NA 120 NA 188 212 210 294 280 
375 181 169 NA 240 NA 355 NA 308 NA 286 NA 176 NA 135 259 265 124 116 NA 191 200 206 286 286 
376 NA 161 NA 240 363 359 NA 308 NA 248 174 174 NA 137 263 271 NA 120 191 191 NA 206 290 280 
377 157 153 240 242 NA 359 312 312 NA 298 NA 176 NA 133 269 275 NA 120 191 191 212 208 282 290 
378 159 167 240 238 355 363 308 312 278 288 170 168 NA 141 NA 275 120 130 188 191 206 200 NA 292 
379 177 175 NA 242 355 359 NA 312 276 278 168 168 133 137 NA 303 120 124 NA 191 196 206 NA 290 
380 171 161 242 240 355 359 312 312 268 288 170 164 147 137 265 267 124 124 191 191 NA 198 282 294 
381 165 177 246 242 NA 355 312 312 286 284 170 170 NA 135 263 267 118 120 188 191 NA 198 NA 280 
382 165 169 254 240 355 339 NA 312 NA 276 NA 168 135 137 NA 267 NA 124 191 188 NA 206 294 282 
383 NA 173 242 248 355 339 NA 312 276 278 176 164 NA 133 263 271 NA 118 191 188 214 198 NA 294 
384 187 153 240 278 355 355 NA 312 278 278 NA 168 135 135 NA 259 118 116 191 188 NA 206 NA 300 
385 NA 159 248 246 359 359 312 312 NA 288 170 178 NA 135 NA 265 124 118 191 191 NA 210 290 286 
386 NA 169 NA 238 355 359 NA 308 NA 288 NA 174 NA 139 NA 275 NA 124 NA 191 208 206 304 318 
387 NA 157 242 240 NA 355 308 308 288 268 172 174 137 135 271 265 124 116 191 191 206 198 290 284 
388 NA 165 248 242 NA 355 312 312 272 288 NA 178 135 135 269 259 NA 122 NA 191 206 206 290 298 
389 167 163 248 248 339 355 312 312 266 288 NA 170 137 137 265 269 NA 112 NA 191 NA 210 290 282 
390 173 155 NA 240 355 355 312 312 NA 268 172 178 NA 133 265 267 126 120 NA 191 NA 204 294 286 
391 NA 157 240 242 NA 355 NA 308 NA 278 NA 170 137 137 257 275 120 124 191 188 206 214 NA 278 
392 153 155 NA 240 339 363 308 308 286 294 176 170 137 143 271 265 NA 124 NA 191 256 206 NA 294 
393 NA 157 242 246 339 339 312 308 NA 266 172 178 135 143 NA 269 NA 118 191 191 NA 206 NA 318 
394 NA 159 NA 242 NA 363 NA 308 NA 252 NA 178 135 141 271 271 NA 124 188 191 NA 204 290 304 
395 173 137 NA 246 NA 359 NA 312 278 266 NA 170 NA 135 267 269 116 118 NA 191 206 238 NA 294 
396 173 137 NA 254 NA 359 NA 312 278 278 NA 170 NA 135 267 265 116 120 NA 191 206 214 NA 298 
397 NA 173 NA 252 355 359 NA 308 278 252 170 170 143 135 NA 271 NA 124 191 191 NA 204 290 300 
398 169 183 278 246 NA 355 312 308 272 288 NA 170 133 135 267 265 118 130 NA 191 206 206 NA 290 
399 NA 183 238 278 NA 339 312 312 288 278 NA 164 NA 137 NA 259 130 116 191 191 NA 206 318 292 
400 NA 153 NA 246 355 355 312 312 NA 252 NA 182 141 143 267 269 120 126 NA 191 208 206 294 290 
401 NA 155 NA 244 NA 355 308 308 288 286 178 166 NA 135 NA 263 118 120 NA 191 198 198 298 282 
402 NA 155 248 242 339 363 NA 312 NA 278 NA 180 NA 135 263 263 118 118 NA 191 206 210 NA 290 
403 NA 157 242 246 NA 355 NA 308 NA 292 NA 176 NA 137 NA 271 124 118 NA 188 NA 204 288 306 
404 159 159 NA 254 NA 355 NA 312 286 278 176 168 NA 143 267 267 NA 120 191 191 NA 214 NA 286 
405 159 159 NA 254 NA 355 NA 312 286 252 176 170 NA 133 267 267 NA 120 191 191 NA 214 NA 282 
406 NA 173 NA 248 355 355 312 312 278 266 168 164 135 141 271 271 112 126 188 191 204 238 NA 318 
407 171 169 NA 242 NA 359 308 312 300 272 174 174 143 135 NA 265 NA 118 191 191 206 210 NA 288 
408 173 169 240 242 359 355 312 312 NA 276 170 170 NA 135 271 267 NA 112 NA 191 NA 238 290 294 
409 169 143 242 240 355 359 308 308 NA 258 178 168 135 139 259 299 NA 118 NA 191 NA 206 290 282 
410 165 157 240 254 355 355 312 312 278 278 NA 170 137 135 267 267 124 122 191 188 NA 196 294 290 
411 161 157 NA 240 NA 339 312 312 252 298 178 170 133 143 303 269 120 120 NA 191 198 198 308 306 
412 NA 169 242 240 355 355 308 312 278 252 NA 170 135 137 NA 271 118 120 191 191 NA 206 NA 298 
413 NA 169 242 246 355 355 308 312 278 296 NA 172 135 137 NA 275 118 120 191 191 NA 206 NA 298 
414 173 157 NA 246 355 355 312 308 NA 272 170 172 NA 135 NA 267 126 112 191 191 NA 214 294 290 
415 NA 157 240 242 NA 355 308 308 278 272 NA 170 141 143 263 267 130 118 188 191 NA 198 NA 282 
416 NA 153 242 250 355 355 NA 312 292 252 NA 174 135 143 263 263 NA 120 NA 191 NA 210 NA 294 
417 157 165 246 242 NA 355 NA 308 278 252 166 172 135 147 263 299 126 126 191 191 206 198 NA 292 
418 NA 157 246 246 NA 363 NA 312 NA 266 NA 178 135 135 263 267 116 120 191 188 NA 198 286 286 
419 165 153 240 238 339 359 312 312 NA 272 164 168 143 135 263 265 120 126 191 191 204 214 NA 290 
420 NA 167 242 254 NA 355 308 308 272 278 NA 170 NA 139 271 267 130 116 191 191 190 198 NA 282 
421 155 161 250 240 359 359 312 308 288 272 NA 170 135 135 267 299 NA 118 NA 188 NA 204 NA 294 
422 163 165 NA 254 339 339 312 312 NA 296 NA 170 NA 141 263 271 NA 124 191 191 206 206 NA 290 
423 155 165 NA 242 NA 355 NA 308 NA 278 170 176 NA 143 NA 265 NA 118 NA 191 206 214 284 284 
424 157 169 246 240 339 355 308 312 272 278 NA 172 141 137 271 265 120 120 NA 188 206 206 NA 284 
425 NA 163 NA 242 339 339 NA 312 292 278 168 176 137 133 269 265 NA 120 191 188 206 214 308 278 
426 169 157 NA 242 NA 355 NA 312 278 298 168 178 NA 141 NA 265 130 126 191 191 208 190 NA 292 
427 159 165 NA 242 NA 355 312 308 NA 252 NA 176 137 133 267 275 124 124 NA 191 NA 206 286 292 
428 153 187 NA 242 355 339 312 312 NA 248 NA 176 135 139 NA 267 124 124 194 191 NA 238 306 280 
429 NA 159 NA 240 NA 355 NA 312 288 248 168 170 NA 135 269 265 130 112 NA 191 NA 190 NA 294 
430 161 153 248 242 339 355 308 312 NA 298 NA 170 NA 137 NA 265 NA 124 NA 188 NA 206 290 286 
431 157 161 254 246 NA 339 NA 308 NA 252 NA 166 141 135 271 267 NA 120 191 188 190 214 306 278 
432 NA 153 242 242 NA 355 312 312 272 294 NA 170 NA 135 NA 267 124 118 NA 188 NA 206 300 286 
433 169 157 242 246 339 355 312 312 288 248 NA 168 135 137 265 267 118 126 191 191 NA 204 292 284 
434 169 157 242 240 339 355 312 308 288 248 NA 176 135 143 265 267 118 124 191 191 NA 206 292 290 
435 177 169 240 254 359 355 308 312 278 278 174 178 137 135 267 263 118 118 191 191 NA 206 NA 282 
436 177 165 NA 248 355 355 308 312 296 278 NA 178 135 143 261 267 NA 124 NA 191 206 238 NA 292 
437 NA 153 242 240 NA 355 NA 312 NA 286 NA 178 133 143 271 265 NA 124 188 191 NA 204 NA 290 
438 NA 153 242 240 NA 355 NA 312 NA 298 NA 174 133 143 271 275 NA 124 188 191 NA 204 NA 282 
439 167 175 252 240 359 339 308 308 NA 248 170 174 143 135 265 275 NA 124 NA 191 NA 206 290 306 
440 NA 153 NA 254 359 359 308 312 NA 328 NA 178 NA 137 275 265 NA 112 NA 191 NA 206 280 300 
441 NA 165 NA 254 359 359 308 312 NA 278 NA 170 NA 137 275 267 NA 112 NA 191 NA 206 280 300 
442 NA 155 240 246 359 359 312 304 NA 248 NA 170 NA 137 263 267 NA 122 191 191 206 198 NA 282 
443 NA 177 242 242 339 355 NA 308 298 306 170 168 NA 137 NA 265 124 118 NA 200 206 206 NA 284 
444 NA 177 242 240 339 355 NA 308 298 306 170 168 NA 137 NA 265 124 120 NA 200 206 206 NA 294 
445 NA 171 242 240 339 355 NA 308 298 288 170 168 NA 137 NA 265 124 118 NA 191 206 206 NA 294 
446 167 159 254 248 363 363 NA 312 NA 266 168 176 137 143 NA 271 NA 126 NA 191 206 200 280 306 
447 167 143 254 246 363 363 NA 312 NA 266 168 176 137 141 NA 259 NA 126 NA 191 206 214 280 290 
448 NA 171 240 242 355 355 308 312 248 278 170 168 139 135 263 269 NA 124 191 191 198 198 NA 290 
449 157 157 NA 246 339 355 312 312 NA 292 170 176 135 137 NA 267 NA 120 191 188 NA 206 286 290 
450 153 157 NA 238 363 367 NA 312 NA 288 182 178 NA 135 261 257 NA 122 191 191 206 212 NA 282 
451 NA 171 NA 242 355 339 312 308 NA 300 168 178 135 143 259 265 NA 116 191 191 238 196 306 280 
452 NA 155 NA 246 355 355 312 308 NA 286 NA 174 141 135 271 265 124 124 191 191 NA 198 NA 300 
453 NA 173 242 242 NA 359 NA 308 NA 286 174 170 139 133 267 269 NA 124 191 191 NA 198 NA 278 
454 167 187 NA 238 355 339 312 308 278 276 NA 182 NA 135 NA 257 130 124 191 191 238 206 NA 278 
455 173 173 240 248 NA 355 NA 308 NA 278 NA 166 141 135 NA 271 120 120 191 188 206 206 NA 290 
456 173 173 240 242 NA 355 NA 308 NA 290 NA 166 141 137 NA 271 120 120 191 191 206 206 NA 278 
457 153 157 240 242 NA 359 NA 308 NA 266 166 176 137 135 267 303 124 118 191 191 204 206 NA 306 
458 157 159 NA 246 355 339 NA 312 290 278 NA 176 NA 135 265 259 NA 120 188 191 190 198 NA 286 
459 157 159 NA 242 355 359 NA 312 290 298 NA 170 NA 137 265 267 NA 120 188 191 190 198 NA 292 
460 159 153 NA 240 NA 355 312 312 NA 278 NA 146 NA 135 265 263 118 116 NA 191 196 190 298 318 
461 NA 171 242 246 339 355 NA 312 NA 278 170 170 NA 135 275 263 124 124 NA 191 198 198 278 294 
462 157 175 252 240 355 359 308 312 NA 252 172 164 133 135 NA 303 124 130 NA 191 214 198 318 280 
463 157 175 252 246 355 359 308 312 NA 252 172 168 133 133 NA 303 124 124 NA 191 214 198 318 280 
464 157 153 240 248 355 359 NA 312 258 250 170 168 137 139 NA 261 NA 130 191 191 NA 206 286 292 
465 173 169 NA 242 355 359 308 312 NA 252 164 170 133 133 NA 263 NA 124 191 191 206 200 282 318 
466 173 187 238 244 NA 355 312 312 NA 266 170 170 143 137 271 263 NA 124 191 191 NA 208 284 292 
467 159 159 240 264 355 355 312 312 NA 286 170 172 135 137 NA 267 112 124 NA 191 200 206 290 290 
468 159 159 240 242 355 355 312 312 NA 286 170 172 135 137 NA 267 112 124 NA 191 200 206 290 318 
469 165 155 NA 240 355 355 NA 312 272 278 NA 172 143 141 263 265 122 120 NA 191 214 206 306 298 
470 163 171 246 242 363 355 308 308 NA 272 NA 178 NA 135 263 267 112 120 191 200 NA 190 284 292 
471 163 157 246 254 363 355 308 312 NA 272 NA 178 NA 135 263 267 112 120 191 188 NA 206 284 290 
472 171 159 242 242 355 359 312 312 258 248 168 178 137 135 265 265 NA 130 185 191 208 206 NA 318 
473 NA 157 NA 240 339 355 312 312 276 252 NA 170 NA 135 259 271 NA 112 NA 191 NA 206 NA 306 
474 157 153 NA 240 355 355 NA 312 328 292 NA 176 135 135 267 271 118 118 NA 191 NA 206 318 290 
475 157 157 240 246 355 359 NA 312 NA 272 174 170 135 141 267 267 120 112 NA 191 206 198 NA 294 
476 NA 155 NA 240 NA 339 312 308 298 294 NA 176 141 141 263 259 120 124 191 188 206 210 NA 318 
477 NA 157 260 240 359 355 312 308 NA 290 NA 170 NA 137 NA 263 NA 126 NA 188 NA 206 NA 284 
478 NA 159 260 240 359 355 312 308 NA 290 NA 170 NA 137 NA 257 NA 126 NA 188 NA 206 NA 284 
479 NA 157 260 240 359 355 312 308 NA 290 NA 176 NA 137 NA 257 NA 120 NA 191 NA 206 NA 284 
480 157 173 242 242 355 339 312 308 NA 252 164 170 137 135 259 267 120 120 191 191 206 210 NA 284 
481 NA 157 NA 242 355 359 312 308 278 272 NA 164 NA 137 263 259 NA 122 188 188 208 208 NA 304 
482 159 153 NA 250 355 355 NA 308 268 272 NA 164 137 137 NA 271 NA 124 191 191 NA 206 NA 290 
483 157 157 NA 242 363 355 NA 308 NA 278 166 168 147 137 NA 271 120 126 191 191 206 204 306 290 
484 167 171 NA 242 NA 359 NA 312 NA 278 168 170 135 141 259 265 NA 124 191 191 NA 206 NA 280 
485 NA 157 242 242 359 355 312 308 NA 268 170 170 135 137 NA 267 118 120 191 191 214 198 318 294 
486 NA 169 240 240 NA 355 NA 312 NA 278 178 182 NA 137 NA 257 NA 116 NA 191 190 198 282 280 
487 153 157 NA 240 NA 355 312 312 252 272 NA 174 NA 137 NA 269 126 120 191 191 204 198 290 294 
488 157 167 250 246 355 355 312 308 298 274 166 170 NA 137 275 267 NA 124 NA 191 206 206 308 294 
489 NA 167 NA 248 NA 355 NA 312 300 286 168 168 137 135 267 267 118 112 NA 191 214 206 278 290 
490 NA 173 240 246 339 359 312 312 272 296 NA 170 NA 137 275 265 NA 124 191 194 NA 198 278 306 
491 173 159 NA 240 355 355 312 312 278 252 NA 170 147 137 NA 267 NA 116 191 188 198 214 294 290 
492 157 157 NA 238 NA 355 308 308 252 268 NA 172 NA 135 257 269 120 120 188 188 NA 204 NA 298 
493 157 175 NA 238 NA 355 308 312 252 294 NA 168 NA 135 257 265 120 118 188 191 NA 208 NA 298 
494 NA 165 NA 242 355 355 NA 308 278 272 176 164 137 135 271 259 130 124 191 188 206 206 300 306 
495 155 157 NA 242 NA 355 NA 308 NA 258 176 170 NA 137 NA 267 NA 120 NA 191 198 206 NA 294 
496 161 159 246 240 359 355 312 312 288 288 168 170 NA 137 259 261 NA 124 NA 191 198 238 NA 294 
497 161 159 246 264 359 355 312 312 288 288 168 170 NA 137 259 261 NA 118 NA 188 198 238 NA 294 
498 161 171 246 246 NA 359 NA 312 NA 272 NA 170 137 135 267 267 NA 120 NA 191 204 206 298 292 
499 NA 169 NA 264 355 355 312 308 NA 278 168 178 NA 135 265 261 120 126 NA 191 NA 198 NA 294 
500 NA 169 NA 264 355 355 312 308 NA 278 168 172 NA 135 265 261 120 126 NA 188 NA 206 NA 298 
501 159 159 246 254 355 355 NA 312 286 266 170 170 NA 137 259 267 NA 112 191 191 NA 190 NA 282 
502 157 165 240 246 NA 355 NA 312 278 266 NA 180 133 135 275 267 NA 120 185 191 214 204 282 290 
503 157 165 240 242 NA 355 NA 312 278 266 NA 180 133 135 275 267 NA 120 185 191 214 214 282 318 
504 157 159 NA 242 355 355 312 312 278 298 170 178 147 135 265 271 116 120 191 191 NA 206 286 288 
505 159 157 242 240 NA 363 NA 308 274 278 178 178 137 139 303 265 NA 124 191 191 NA 206 286 280 
506 159 165 242 240 NA 339 NA 308 274 278 178 178 137 135 303 265 NA 124 191 191 NA 206 286 306 
507 169 187 242 246 NA 355 NA 312 NA 268 NA 170 NA 143 267 269 118 120 191 185 NA 210 NA 306 
508 NA 169 NA 262 359 355 NA 308 NA 278 NA 164 133 135 273 265 116 116 NA 191 NA 206 292 288 
509 165 157 246 238 355 355 312 312 278 266 168 170 NA 137 261 263 NA 120 NA 188 NA 238 NA 318 
510 NA 143 246 242 NA 355 NA 312 248 328 176 170 141 135 267 269 NA 124 191 191 198 206 NA 308 
511 NA 143 246 242 NA 355 NA 312 248 328 176 168 141 135 267 265 NA 126 191 191 198 190 NA 278 
512 161 167 NA 254 NA 355 308 312 NA 248 NA 166 135 135 269 267 NA 120 188 191 198 206 318 286 
513 157 143 240 254 363 339 NA 312 NA 286 NA 172 NA 135 267 263 NA 120 191 191 190 204 304 292 
514 NA 167 NA 264 NA 355 308 312 272 266 168 168 137 133 NA 267 124 120 NA 188 NA 198 292 280 
515 NA 171 NA 240 NA 359 312 312 272 294 178 178 NA 135 267 265 124 118 191 188 206 206 292 286 
516 157 171 254 240 NA 359 NA 312 278 248 168 172 135 143 NA 271 NA 130 NA 191 NA 214 282 290 
517 157 169 254 240 NA 355 NA 308 278 278 168 170 135 143 NA 271 NA 130 NA 191 NA 206 282 290 
518 157 171 254 240 NA 355 NA 308 278 278 168 170 135 137 NA 271 NA 130 NA 191 NA 214 282 292 
519 NA 157 NA 246 355 363 NA 312 278 272 NA 164 143 137 259 257 NA 118 NA 191 NA 198 290 290 
520 NA 157 NA 246 355 355 NA 312 278 272 NA 164 143 137 259 257 NA 116 NA 191 NA 198 290 290 
521 NA 143 NA 242 355 363 NA 312 278 272 NA 168 143 137 259 265 NA 118 NA 191 NA 198 290 278 
522 179 157 242 240 339 355 308 308 NA 278 NA 176 135 139 NA 271 124 126 191 191 NA 210 NA 290 
523 NA 153 NA 238 355 355 308 312 NA 276 170 176 135 135 NA 263 120 126 191 191 NA 206 NA 306 
524 NA 169 240 238 359 355 NA 312 272 278 168 170 135 137 263 263 NA 124 191 191 206 198 284 290 
525 NA 157 242 242 NA 355 308 308 NA 252 164 178 135 137 NA 259 118 118 191 191 NA 204 298 278 
526 NA 165 262 264 363 355 308 308 298 266 NA 168 NA 137 NA 299 NA 120 200 191 206 198 286 294 
527 NA 165 240 244 355 355 312 312 278 272 168 168 139 137 NA 267 120 118 NA 191 210 204 NA 294 
528 NA 165 240 244 355 363 312 312 278 272 168 168 139 137 NA 267 120 118 NA 191 210 198 NA 294 
529 NA 165 240 244 355 363 312 312 278 272 168 168 139 135 NA 259 120 120 NA 191 210 198 NA 294 
530 173 171 242 246 355 355 312 308 278 296 164 170 NA 137 263 267 120 124 NA 191 NA 206 294 278 
531 177 163 246 250 359 355 NA 312 286 286 174 170 NA 135 263 261 126 120 191 191 206 210 284 292 
532 177 163 246 250 359 355 NA 304 286 278 174 170 NA 137 263 275 126 120 191 191 206 204 284 292 
533 177 173 246 278 359 355 NA 304 286 278 174 168 NA 137 263 261 126 120 191 188 206 210 284 284 
534 157 165 248 248 359 355 NA 312 NA 288 NA 164 137 143 267 267 118 126 188 191 214 204 NA 282 
535 NA 165 244 240 359 355 308 312 298 278 172 176 137 135 275 271 NA 120 NA 191 190 214 294 282 
536 NA 171 244 240 359 355 308 308 298 278 172 176 137 135 275 265 NA 120 NA 191 190 214 294 282 
537 NA 165 244 240 359 355 308 312 298 278 172 178 137 135 275 271 NA 120 NA 191 190 214 294 292 
538 NA 161 NA 246 355 363 308 312 278 278 172 170 137 141 NA 263 124 124 191 191 NA 210 NA 294 
539 NA 161 NA 246 355 339 308 312 278 268 172 170 137 141 NA 263 124 122 191 191 NA 198 NA 294 
540 165 153 240 242 363 359 308 312 NA 294 170 170 NA 143 263 265 NA 124 NA 200 NA 206 300 298 
541 165 153 240 242 363 355 308 312 NA 294 170 170 NA 143 263 265 NA 124 NA 200 NA 206 300 298 
542 NA 169 248 246 355 355 NA 308 296 248 170 176 NA 143 NA 267 118 116 191 191 206 206 290 306 
543 169 153 254 240 NA 339 NA 312 NA 282 168 168 NA 133 NA 259 120 122 NA 191 204 206 298 286 
544 165 153 240 238 363 363 NA 312 248 278 170 174 135 133 263 267 116 112 191 191 206 206 320 318 
545 NA 167 NA 242 339 355 308 308 NA 278 NA 170 135 135 271 275 NA 120 191 188 NA 206 298 306 
546 NA 167 NA 242 339 355 308 308 NA 288 NA 170 135 135 271 267 NA 124 191 188 NA 198 298 306 
547 175 157 240 242 355 355 NA 312 288 272 176 170 NA 137 267 271 124 124 188 191 NA 206 NA 284 
548 177 169 242 242 NA 339 308 312 NA 278 170 176 135 135 267 265 120 124 191 191 206 206 NA 288 
549 143 165 242 246 355 355 312 308 NA 258 182 170 137 143 265 265 124 124 191 191 NA 206 308 290 
550 NA 175 NA 240 359 355 312 308 288 272 172 170 141 133 NA 267 NA 124 191 191 206 206 282 286 
551 NA 157 NA 240 355 359 312 312 NA 296 178 176 135 135 265 265 124 120 NA 191 NA 198 290 282 
552 NA 157 240 248 355 355 312 308 252 278 NA 178 NA 133 259 275 124 112 188 188 NA 198 284 282 
553 NA 165 NA 246 355 359 312 312 278 296 NA 176 NA 137 NA 271 116 126 NA 191 NA 206 298 308 
554 151 161 254 246 359 359 308 308 NA 298 178 164 NA 137 NA 271 NA 112 NA 191 212 206 NA 300 
555 175 159 246 242 363 339 NA 308 278 252 174 168 147 133 NA 259 122 116 NA 191 NA 204 NA 318 
556 153 161 240 246 355 355 312 308 278 292 NA 170 NA 137 NA 257 126 130 NA 191 200 210 294 306 
557 169 171 NA 240 NA 355 312 308 306 278 170 170 NA 133 269 263 NA 118 NA 191 NA 208 282 306 
558 169 167 NA 240 NA 355 312 308 306 278 170 170 NA 133 269 263 NA 118 NA 191 NA 206 282 282 
559 169 167 NA 238 NA 355 312 308 306 278 170 170 NA 133 269 267 NA 124 NA 188 NA 206 282 306 
560 NA 177 254 246 355 359 312 312 NA 266 NA 170 135 141 NA 267 112 118 NA 191 NA 198 NA 290 
561 161 167 240 240 339 359 NA 312 NA 286 170 172 NA 141 265 267 NA 124 191 185 206 204 282 294 
562 NA 159 240 242 NA 339 308 312 278 268 NA 172 139 135 269 267 NA 124 191 191 NA 204 290 282 
563 NA 159 240 242 NA 339 308 312 278 268 NA 172 139 135 269 269 NA 124 191 191 NA 204 290 294 
564 NA 157 240 250 355 355 308 312 266 282 NA 176 NA 135 NA 267 118 124 NA 191 NA 206 286 292 
565 NA 157 NA 254 355 363 308 308 286 288 168 164 137 139 NA 267 NA 124 191 191 NA 198 NA 308 
566 NA 165 NA 240 NA 359 312 312 278 278 168 170 137 135 269 259 118 120 191 194 206 208 292 318 
567 157 159 264 254 359 355 NA 312 278 272 168 176 135 135 267 263 NA 124 NA 191 206 206 NA 308 
568 NA 157 240 246 NA 359 NA 308 NA 272 NA 170 NA 143 NA 267 118 120 188 191 198 206 NA 286 
569 157 151 242 246 355 355 312 312 272 254 170 178 NA 143 NA 267 126 120 191 188 206 206 NA 290 
570 157 157 NA 242 359 355 308 312 248 286 170 170 147 135 NA 267 124 116 NA 191 NA 198 278 318 
571 169 157 242 240 339 363 312 308 NA 288 176 170 NA 143 259 263 NA 116 191 191 NA 198 282 284 
572 NA 171 238 252 NA 359 NA 312 290 278 178 170 NA 143 NA 303 NA 120 191 188 NA 206 NA 282 
573 NA 159 NA 246 NA 355 312 308 252 248 182 164 133 133 259 265 NA 124 191 191 198 198 298 294 
574 NA 187 242 242 339 355 312 308 NA 286 NA 172 147 133 263 265 118 118 NA 188 206 200 300 294 
575 NA 173 242 242 339 355 312 308 NA 248 NA 170 147 137 263 263 118 118 NA 188 206 210 300 294 
576 153 165 240 240 359 359 NA 308 298 248 170 170 135 143 265 265 120 124 191 191 206 198 292 284 
577 NA 181 242 240 NA 355 NA 308 NA 278 NA 178 135 135 NA 267 NA 116 188 191 NA 206 280 294 
578 169 157 238 254 359 355 308 312 NA 258 NA 174 NA 139 275 265 124 124 191 191 198 206 NA 282 
579 159 157 NA 246 355 339 312 312 290 286 170 178 137 135 267 263 124 124 NA 191 206 210 290 278 
580 171 159 254 238 355 355 312 308 288 278 168 172 143 137 263 263 122 124 200 191 NA 210 286 286 
581 173 157 242 246 355 355 312 312 278 268 164 170 NA 141 263 265 124 120 191 188 NA 238 NA 282 
582 173 157 242 246 355 339 312 308 278 268 164 170 NA 147 263 267 124 124 191 188 NA 238 NA 298 
583 161 173 240 246 339 355 NA 312 278 278 NA 172 135 133 269 271 120 120 191 200 204 206 NA 282 
584 NA 157 NA 238 NA 359 312 308 272 278 NA 178 NA 141 265 273 118 124 NA 191 206 198 NA 290 
585 NA 173 NA 254 339 355 NA 308 NA 272 176 170 135 139 NA 275 120 120 191 191 210 206 290 292 
586 NA 157 NA 238 355 359 NA 308 NA 266 NA 174 137 135 NA 267 120 126 191 191 208 214 NA 294 
587 NA 157 NA 242 355 359 NA 308 NA 248 NA 170 137 135 NA 275 120 126 191 191 208 208 NA 294 
588 155 167 NA 250 339 339 312 308 286 272 170 176 NA 137 265 263 124 118 NA 191 NA 198 306 304 
589 167 157 NA 248 355 355 312 312 NA 276 178 170 133 135 NA 259 124 118 NA 188 206 204 NA 298 
590 167 157 NA 242 355 355 312 312 NA 278 178 170 133 135 NA 259 124 118 NA 188 206 198 NA 294 
591 167 157 NA 248 355 359 312 312 NA 276 178 170 133 135 NA 259 124 120 NA 188 206 198 NA 294 
592 NA 159 NA 242 355 355 NA 308 294 278 174 176 137 137 NA 265 124 118 NA 194 206 210 300 308 
593 NA 173 NA 240 NA 355 NA 312 NA 276 NA 172 137 137 NA 265 114 124 191 191 206 210 318 290 
594 NA 173 NA 242 355 355 312 308 272 288 NA 178 NA 143 NA 259 112 124 188 191 NA 206 290 282 
595 NA 143 254 240 NA 355 NA 312 298 286 170 168 NA 135 259 267 116 126 NA 191 NA 238 294 282 
596 NA 143 254 240 NA 355 NA 312 298 278 170 168 NA 143 259 267 116 126 NA 191 NA 206 294 292 
597 177 179 NA 242 NA 355 308 312 NA 294 176 178 NA 135 267 237 120 124 NA 191 210 210 282 308 
598 157 169 NA 254 359 355 312 312 248 252 NA 168 135 141 NA 269 120 120 NA 191 198 198 298 278 
599 153 181 254 246 359 355 312 312 NA 278 170 168 133 143 NA 267 NA 118 188 191 198 206 NA 318 
600 NA 169 NA 240 NA 355 312 308 296 286 176 170 143 135 275 259 118 120 191 191 206 190 308 282 
601 171 177 248 254 NA 355 312 312 288 272 176 182 143 137 NA 271 118 120 191 188 206 204 318 280 
602 NA 183 242 278 339 359 NA 308 NA 266 170 170 143 137 NA 303 NA 122 191 191 NA 204 280 284 
603 NA 157 NA 240 NA 355 NA 312 NA 266 176 166 135 137 NA 267 NA 120 191 191 200 198 NA 308 
604 165 161 242 242 NA 359 312 308 278 278 170 170 135 137 NA 263 122 120 NA 191 214 212 298 290 
605 155 171 252 254 NA 363 312 312 298 294 174 170 NA 133 259 269 124 120 NA 185 NA 206 NA 294 
606 155 165 252 254 NA 363 312 312 298 252 174 170 NA 133 259 267 124 120 NA 191 NA 206 NA 294 
607 157 143 254 240 363 355 308 312 254 266 172 178 NA 135 271 263 118 124 NA 191 206 206 NA 298 
608 NA 157 240 278 NA 355 NA 308 266 278 168 172 143 139 265 271 120 120 200 191 204 212 294 282 
609 NA 161 240 242 NA 359 NA 308 266 278 168 170 143 139 265 271 120 124 200 191 204 212 294 298 
610 153 157 NA 240 NA 339 NA 308 286 268 172 170 139 137 NA 265 124 120 NA 185 200 238 294 282 
611 157 173 246 242 NA 355 308 312 NA 278 NA 174 137 137 271 275 116 120 191 191 NA 210 NA 308 
612 159 163 NA 248 NA 355 NA 308 NA 294 176 166 143 143 267 265 NA 120 191 191 206 204 292 286 
613 NA 159 242 248 359 355 308 308 288 272 NA 168 135 133 261 267 NA 130 NA 191 NA 198 NA 318 
614 161 159 246 242 NA 355 312 308 NA 272 170 170 NA 147 267 267 NA 124 NA 191 214 198 NA 306 
615 NA 167 NA 242 355 355 308 312 NA 278 NA 176 143 139 267 303 NA 118 191 191 NA 206 NA 292 
616 163 163 NA 240 355 355 NA 312 252 272 168 174 135 135 265 267 NA 112 191 191 NA 206 290 304 
617 NA 175 NA 242 NA 359 NA 312 268 266 172 178 137 139 269 259 NA 120 200 191 198 206 292 306 
618 NA 167 NA 254 359 359 NA 308 298 288 NA 168 NA 135 NA 263 NA 116 188 191 206 206 294 318 
619 NA 165 242 248 355 355 NA 308 298 272 NA 170 NA 135 NA 265 112 118 NA 191 NA 206 284 290 
620 NA 169 242 250 NA 355 NA 312 278 278 164 170 135 135 NA 259 124 124 191 185 214 198 290 292 
621 143 159 252 254 359 355 NA 308 NA 252 NA 174 139 135 267 267 120 120 191 191 206 206 NA 286 
622 NA 157 260 246 359 355 312 312 266 288 168 170 137 137 NA 269 NA 112 191 200 238 198 290 292 
623 NA 157 260 246 359 355 312 312 266 278 168 170 137 135 NA 269 NA 112 191 191 238 198 290 292 
624 165 157 NA 246 355 355 312 312 298 278 NA 170 NA 135 265 275 116 118 191 191 206 198 288 318 
625 173 155 240 242 NA 355 NA 312 NA 278 NA 170 141 147 NA 259 120 120 NA 200 214 198 284 288 
626 NA 157 246 254 NA 355 NA 312 298 278 170 174 NA 133 265 269 124 112 188 191 NA 212 298 292 
627 NA 157 246 254 NA 355 NA 308 298 258 170 174 NA 133 265 269 124 116 188 191 NA 212 298 294 
628 173 159 242 248 NA 339 308 308 288 272 172 168 135 137 267 263 120 120 191 191 NA 198 282 306 
629 169 159 262 248 NA 355 NA 308 268 272 170 174 141 135 259 271 NA 118 NA 191 206 206 NA 282 
630 173 171 238 242 355 355 312 312 NA 278 NA 170 141 137 NA 263 NA 112 191 191 NA 214 282 306 
631 171 157 NA 242 NA 339 312 312 278 298 NA 176 NA 133 265 265 120 120 NA 188 206 214 278 292 
632 NA 169 240 246 355 355 NA 308 272 278 170 170 NA 135 NA 259 120 124 NA 191 NA 206 294 294 
633 159 171 NA 242 339 339 NA 312 NA 252 NA 170 141 141 NA 267 NA 124 191 188 206 198 NA 292 
634 159 157 242 242 363 339 NA 312 NA 278 170 168 NA 135 NA 271 130 124 191 185 206 210 NA 282 
635 159 157 242 240 363 355 NA 312 NA 278 170 172 NA 135 NA 271 130 124 191 185 206 210 NA 282 
636 NA 157 242 264 355 355 NA 308 278 300 168 168 135 137 267 265 120 112 191 191 NA 198 282 298 
637 NA 169 240 246 359 355 312 312 NA 288 NA 178 135 139 NA 265 124 120 191 191 206 206 288 290 
638 NA 155 246 254 359 355 308 308 272 278 NA 170 135 137 263 267 NA 124 NA 188 206 196 292 292 
639 NA 143 242 238 NA 355 NA 312 NA 278 NA 184 135 135 NA 259 NA 128 191 191 206 198 282 282 
640 159 169 NA 242 355 355 NA 308 288 298 168 178 NA 141 NA 259 NA 118 NA 191 NA 206 294 288 
641 171 157 246 246 339 355 NA 312 NA 268 172 168 135 143 NA 275 124 124 188 191 206 206 NA 286 
642 157 167 NA 240 363 355 308 312 272 268 NA 178 143 135 271 261 NA 124 185 188 206 206 290 318 
643 171 165 NA 240 359 355 NA 308 NA 266 NA 176 NA 135 NA 267 NA 116 NA 191 198 190 284 284 
644 155 159 242 246 355 339 NA 312 NA 278 NA 168 NA 135 NA 265 120 116 NA 191 198 206 NA 290 
645 155 159 242 264 355 339 NA 312 NA 278 NA 168 NA 135 NA 265 120 116 NA 191 198 206 NA 290 
646 163 157 NA 278 355 355 NA 312 278 266 170 170 NA 135 259 265 NA 120 NA 188 206 214 298 290 
647 NA 183 NA 278 339 355 NA 312 NA 278 172 170 143 135 263 265 124 118 191 185 204 198 288 298 
648 153 155 264 248 355 359 312 312 290 298 178 178 137 135 267 263 NA 120 NA 191 206 198 282 300 
649 NA 143 242 278 NA 355 308 308 NA 278 168 166 NA 141 269 263 NA 126 191 188 NA 210 278 294 
650 171 167 246 248 355 355 NA 308 278 278 NA 176 135 143 NA 259 112 122 191 191 196 206 290 286 
651 NA 155 NA 242 NA 355 NA 312 288 268 168 170 135 137 271 267 124 124 NA 191 214 206 286 286 
652 157 161 242 242 355 355 NA 312 NA 278 NA 170 NA 137 NA 267 NA 124 191 191 206 206 294 292 
653 157 157 NA 242 339 355 NA 312 278 278 176 164 135 137 259 265 120 122 191 191 NA 206 290 282 
654 155 161 240 240 355 355 NA 308 NA 298 NA 170 141 139 263 275 120 120 191 191 NA 206 284 282 
655 155 161 240 240 355 355 NA 308 NA 298 NA 176 141 139 263 275 120 118 191 191 NA 206 284 282 
656 181 157 242 240 339 359 NA 308 268 252 170 164 135 135 265 275 NA 118 NA 191 210 238 294 284 
657 NA 169 242 246 355 355 308 312 248 252 NA 176 137 133 NA 271 NA 118 191 191 204 206 286 290 
658 143 153 242 254 NA 355 308 308 266 272 166 170 133 137 267 267 124 124 191 191 NA 214 294 308 
659 NA 165 254 254 363 359 312 308 298 294 176 168 137 135 271 269 124 118 191 191 NA 206 NA 288 
660 NA 165 NA 242 359 339 308 312 NA 290 176 174 137 137 NA 263 NA 116 191 188 NA 206 NA 294 
661 NA 153 NA 242 339 355 NA 308 286 286 176 164 NA 135 NA 269 120 124 191 191 204 206 294 286 
662 NA 153 NA 240 339 355 NA 308 286 298 176 182 NA 135 NA 263 120 130 191 191 204 206 294 286 
663 NA 153 NA 240 339 355 NA 308 286 298 176 164 NA 135 NA 263 120 124 191 191 204 206 294 286 
664 NA 165 242 242 359 355 308 312 272 294 NA 170 NA 135 267 265 NA 120 191 191 NA 190 286 294 
665 NA 157 242 246 359 339 308 312 272 272 NA 170 NA 137 267 259 NA 120 191 191 NA 190 286 294 
666 167 173 254 248 355 339 NA 312 NA 278 NA 168 135 135 NA 267 124 120 191 191 204 206 NA 282 
667 153 153 242 242 NA 359 NA 308 NA 266 NA 168 NA 137 NA 269 120 112 191 188 204 210 NA 282 
668 171 159 238 240 355 355 308 308 278 278 168 176 137 135 269 275 124 124 191 191 NA 206 NA 282 
669 171 163 238 240 355 355 308 308 278 278 168 172 137 135 269 275 124 124 191 191 NA 206 NA 282 
670 171 159 238 240 355 355 308 308 278 278 168 172 137 137 269 259 124 124 191 191 NA 206 NA 282 
671 NA 143 NA 260 NA 359 312 308 296 286 178 172 NA 135 257 275 124 118 NA 185 198 206 NA 306 
672 NA 157 NA 242 359 359 312 312 NA 268 NA 176 NA 133 NA 265 124 120 188 188 208 204 NA 290 
673 181 165 242 242 359 363 312 312 252 248 176 170 139 137 275 265 NA 120 191 191 NA 204 286 290 
674 173 151 248 242 355 339 308 312 278 276 NA 170 135 133 275 273 120 124 191 191 198 206 NA 294 
675 173 151 248 254 355 339 308 312 278 328 NA 170 135 137 275 273 120 120 191 191 198 206 NA 286 
676 NA 157 278 254 NA 355 312 308 NA 272 NA 178 137 137 265 275 130 120 191 191 NA 210 294 298 
677 177 153 240 242 NA 355 NA 308 286 282 NA 176 143 135 NA 271 118 124 NA 191 210 206 NA 298 
678 NA 171 244 242 359 355 312 308 252 304 170 176 137 135 271 271 116 124 188 191 NA 206 NA 286 
679 159 167 254 240 359 339 308 312 288 278 168 178 135 137 259 265 130 126 191 191 206 206 NA 318 
680 159 171 254 254 359 339 308 312 288 298 168 178 135 135 259 265 130 126 191 191 206 206 NA 278 
681 159 171 254 240 359 339 308 312 288 278 168 176 135 137 259 267 130 120 191 191 206 206 NA 318 
682 NA 157 NA 240 355 355 NA 312 252 276 170 172 135 135 265 265 124 118 188 191 206 190 NA 282 
683 157 153 242 242 355 339 312 308 278 298 NA 170 NA 139 NA 267 NA 120 NA 188 NA 206 282 318 
684 171 165 242 246 355 355 NA 308 NA 248 170 170 NA 133 265 269 118 130 NA 200 NA 200 282 292 
685 171 165 242 246 355 355 NA 308 NA 278 170 170 NA 147 265 269 118 130 NA 200 NA 200 282 292 
686 161 171 NA 246 355 355 312 308 NA 272 NA 170 NA 135 NA 265 NA 118 NA 191 206 198 NA 290 
687 NA 165 278 240 NA 339 NA 312 278 258 178 168 135 137 NA 273 124 124 191 191 NA 206 NA 278 
688 159 153 NA 254 355 355 NA 308 NA 296 NA 164 NA 139 265 269 118 124 191 188 206 206 NA 306 
689 NA 173 NA 242 355 355 312 312 NA 278 176 170 143 135 NA 275 124 120 188 191 NA 198 300 290 
690 153 153 242 238 NA 359 NA 312 288 278 176 168 NA 135 265 261 124 112 188 191 206 214 292 300 
691 153 153 242 240 NA 355 NA 312 288 278 176 170 NA 135 265 261 124 116 188 191 206 214 292 286 
692 NA 157 242 242 355 359 308 312 272 288 176 178 NA 133 267 269 112 112 191 188 200 204 308 286 
693 NA 173 NA 246 NA 339 312 312 272 272 176 168 137 137 NA 267 NA 120 185 188 NA 198 NA 282 
694 157 157 NA 242 NA 339 308 312 NA 258 170 168 135 137 271 265 120 120 NA 185 198 206 NA 288 
695 157 153 NA 242 NA 355 308 312 NA 258 170 168 135 137 271 265 120 116 NA 185 198 206 NA 286 
696 157 153 NA 242 NA 355 308 308 NA 258 170 176 135 141 271 265 120 120 NA 185 198 206 NA 288 
697 153 157 NA 240 363 339 NA 312 272 278 182 170 NA 135 NA 299 NA 130 NA 191 NA 238 294 282 
698 165 153 246 240 355 355 NA 312 NA 278 NA 170 137 137 271 267 120 118 191 191 200 206 NA 284 
699 NA 177 242 250 355 359 NA 312 278 286 NA 178 137 135 NA 275 NA 120 200 191 198 210 294 290 
700 143 159 NA 242 NA 355 NA 312 272 278 176 170 143 141 NA 269 120 118 NA 191 198 198 294 292 
701 153 157 NA 242 359 355 308 312 278 298 170 168 NA 137 267 275 NA 124 NA 191 NA 206 306 294 
702 153 157 NA 248 NA 355 NA 308 278 276 170 176 137 137 269 269 124 120 191 191 198 206 NA 300 
703 157 165 242 242 339 355 NA 312 278 268 NA 168 133 141 271 263 NA 120 191 191 206 206 NA 306 
704 157 161 240 242 NA 359 NA 312 NA 266 NA 178 143 135 267 269 NA 118 191 191 NA 198 306 288 
705 169 169 254 254 NA 355 308 312 NA 278 170 176 NA 135 NA 259 112 122 191 191 206 212 300 304 
706 159 173 242 240 363 355 NA 312 NA 278 170 178 137 135 265 263 120 120 194 191 206 190 NA 282 
707 165 163 240 278 NA 355 312 308 252 250 NA 170 NA 135 265 267 118 120 NA 191 198 198 NA 318 
708 NA 157 NA 238 355 355 312 308 248 278 168 170 141 135 NA 275 120 124 191 191 200 210 NA 290 
709 159 157 254 248 355 355 NA 304 258 272 NA 176 137 147 265 267 NA 124 188 191 206 210 NA 318 
710 153 157 NA 240 339 355 312 312 278 304 170 170 135 135 275 265 116 118 191 200 206 204 290 294 
711 157 169 240 242 NA 355 312 308 270 248 NA 164 NA 135 NA 259 126 124 191 188 NA 206 NA 290 
712 187 157 242 250 NA 339 NA 312 278 304 170 170 NA 135 NA 265 NA 120 191 191 196 198 294 294 
713 187 169 242 250 NA 355 NA 312 278 278 170 170 NA 143 NA 267 NA 120 191 191 196 198 294 294 
714 187 169 242 240 NA 339 NA 312 278 278 170 170 NA 143 NA 267 NA 120 191 191 196 206 294 298 
715 NA 137 246 242 NA 359 NA 308 278 292 NA 172 135 133 265 269 124 124 NA 191 206 206 NA 278 
716 NA 171 NA 246 355 359 312 312 278 278 170 170 NA 133 265 263 NA 124 NA 191 206 206 NA 290 
717 169 155 NA 254 355 359 NA 312 286 278 NA 176 137 135 NA 261 124 120 NA 185 NA 206 300 282 
718 157 155 260 242 355 355 NA 312 NA 276 NA 170 143 137 265 271 NA 120 NA 188 NA 210 NA 292 
719 157 161 260 242 355 355 NA 312 NA 276 NA 182 143 137 265 269 NA 124 NA 188 NA 210 NA 290 
720 NA 177 248 252 363 339 312 308 288 278 NA 170 133 135 NA 267 NA 120 191 191 NA 210 290 288 
721 157 153 242 240 359 355 312 308 286 272 NA 170 141 135 NA 265 NA 124 191 191 NA 206 NA 294 
722 NA 169 NA 242 NA 339 NA 308 NA 258 168 178 141 141 267 269 NA 124 NA 200 NA 206 NA 292 
723 NA 153 240 254 355 359 312 308 268 298 180 178 133 139 NA 267 120 120 191 188 208 204 294 290 
724 157 153 NA 242 355 355 312 312 248 258 166 168 141 137 NA 265 NA 116 191 188 208 198 278 308 
725 171 187 240 254 355 359 312 308 292 278 170 184 NA 137 263 257 118 120 188 191 NA 198 306 292 
726 179 157 NA 240 355 351 NA 312 278 294 172 170 135 137 265 273 NA 130 NA 191 NA 200 288 292 
727 165 169 248 238 355 359 308 312 272 292 168 178 135 135 263 269 124 122 NA 188 NA 202 NA 282 
728 157 173 NA 246 355 359 NA 312 NA 298 NA 166 135 137 271 263 116 124 188 191 198 206 278 280 
729 NA 175 238 242 355 355 308 312 278 278 NA 172 135 133 261 263 120 112 188 191 206 206 294 308 
730 NA 153 254 240 355 355 312 308 NA 326 NA 170 NA 147 271 263 130 118 191 191 210 206 NA 282 
731 NA 175 242 252 NA 355 NA 308 NA 278 NA 176 135 133 NA 265 NA 130 NA 191 NA 238 NA 288 
732 NA 153 248 246 339 355 312 312 NA 248 NA 170 139 137 NA 271 112 124 191 191 204 198 294 292 
733 169 151 NA 242 355 355 NA 304 NA 298 170 178 135 133 NA 269 124 120 188 191 198 198 NA 282 
734 157 157 NA 254 355 355 308 312 272 268 172 178 135 139 NA 275 112 124 NA 188 198 208 306 294 
735 143 167 254 246 NA 359 308 308 286 292 170 170 135 135 267 263 116 118 NA 188 NA 214 NA 278 
736 173 153 238 242 NA 359 312 312 NA 278 168 170 143 135 NA 265 124 126 191 191 200 206 306 278 
737 173 153 238 240 NA 359 312 312 NA 278 168 168 143 135 NA 267 124 112 191 191 200 206 306 278 
738 NA 157 NA 240 355 355 NA 312 NA 288 166 168 135 141 275 269 NA 126 191 191 206 206 288 288 
739 177 171 246 246 NA 355 312 308 292 290 166 170 135 143 265 267 NA 124 191 200 NA 208 284 284 
740 143 159 242 242 355 355 312 312 272 268 172 176 135 143 263 265 124 118 NA 191 206 256 306 284 
741 NA 157 248 242 NA 355 NA 308 292 254 NA 178 NA 135 267 259 120 116 191 191 NA 206 NA 282 
742 NA 157 248 242 NA 355 NA 308 292 278 NA 178 NA 135 267 263 120 116 191 191 NA 206 NA 282 
743 NA 157 254 244 355 355 NA 312 252 296 168 166 141 133 265 267 NA 112 NA 191 NA 206 294 294 
744 NA 157 242 240 NA 355 308 308 278 268 172 170 NA 143 267 259 112 124 188 191 206 198 286 286 
745 159 153 246 240 NA 359 312 312 278 268 NA 164 135 135 265 267 NA 116 191 191 198 200 286 282 
746 157 157 240 242 NA 355 NA 308 278 248 176 170 135 137 267 275 116 124 NA 191 198 206 294 282 
747 155 183 240 242 NA 355 308 312 298 298 NA 170 133 137 271 267 NA 124 NA 200 NA 198 306 284 
748 155 165 240 240 NA 355 308 312 298 278 NA 170 133 137 271 263 NA 124 NA 200 NA 208 306 286 
749 155 165 240 240 NA 355 308 312 298 278 NA 170 133 137 271 267 NA 124 NA 200 NA 198 306 284 
750 165 171 240 242 355 359 308 308 NA 278 NA 178 143 141 267 265 NA 124 NA 188 198 210 294 306 
751 157 159 NA 242 NA 355 NA 312 NA 278 170 170 135 137 265 265 NA 118 191 191 NA 198 NA 280 
752 173 157 242 242 359 339 NA 312 NA 250 166 170 NA 135 267 269 NA 124 191 188 204 198 280 284 
753 161 161 242 254 355 359 NA 312 278 278 178 170 127 137 275 259 120 112 NA 191 210 206 300 308 
754 159 157 246 242 355 355 312 312 276 286 NA 170 143 137 263 273 120 112 NA 188 NA 206 NA 306 
755 NA 171 NA 244 339 355 NA 312 278 278 NA 176 NA 133 NA 265 NA 122 200 191 198 206 318 294 
756 161 157 242 242 355 359 312 312 NA 250 176 178 135 135 263 271 124 120 191 191 NA 214 NA 294 
757 NA 173 NA 240 NA 355 308 312 252 252 176 172 135 137 267 265 NA 124 NA 191 NA 206 278 288 
758 173 157 242 264 355 355 312 312 278 278 NA 176 NA 135 275 267 NA 124 191 191 NA 206 290 288 
759 157 153 246 242 NA 355 NA 312 278 272 168 170 135 135 NA 271 120 122 188 188 198 198 292 318 
760 173 157 246 242 355 355 308 308 306 252 NA 178 143 139 271 275 120 124 191 191 214 206 304 290 
761 163 171 238 246 359 355 312 312 248 290 168 170 135 135 NA 267 120 124 188 191 NA 210 290 280 
762 NA 171 238 238 NA 359 312 312 NA 252 170 168 135 135 265 275 120 120 191 191 NA 204 NA 290 
763 163 157 242 246 NA 355 312 308 266 298 NA 174 NA 135 275 265 116 118 191 191 198 206 NA 306 
764 NA 171 NA 248 355 355 NA 308 248 286 164 170 141 137 NA 267 NA 120 188 191 210 198 NA 286 
765 NA 155 240 242 NA 339 NA 308 NA 288 170 176 137 135 257 267 124 118 NA 191 196 204 290 282 
766 153 155 NA 246 339 363 304 312 NA 286 NA 176 135 137 303 271 NA 126 191 191 NA 198 288 294 
767 171 171 254 238 355 339 NA 312 NA 272 166 178 135 133 303 263 126 124 191 191 206 206 294 286 
768 NA 173 240 246 NA 359 312 308 NA 258 174 170 NA 135 275 271 NA 124 200 191 NA 214 292 282 
769 NA 167 240 240 355 363 NA 312 282 278 176 170 NA 135 267 287 120 124 NA 188 198 210 284 290 
770 NA 157 246 246 355 355 312 308 278 278 NA 170 137 135 NA 265 NA 124 NA 191 206 206 NA 290 
771 NA 157 NA 242 NA 359 NA 312 328 286 NA 170 135 135 267 263 120 124 NA 191 214 206 290 318 
772 157 181 242 254 355 359 NA 308 NA 278 172 182 137 141 NA 263 120 124 NA 188 206 208 308 278 
773 155 165 252 238 NA 355 312 308 NA 278 176 176 137 135 275 265 118 120 NA 188 206 206 280 286 
774 169 173 242 240 355 355 NA 312 276 248 NA 168 135 137 267 269 NA 124 NA 191 206 190 290 318 
775 171 169 NA 240 359 355 NA 312 268 290 NA 172 135 137 NA 267 NA 118 NA 191 210 206 NA 290 
776 165 171 242 240 355 355 312 312 248 298 184 178 NA 137 NA 267 116 124 188 191 NA 206 298 282 
777 165 153 242 242 NA 359 312 312 NA 284 NA 172 133 137 NA 265 124 124 191 191 NA 206 286 286 
778 157 157 248 252 NA 355 312 308 278 278 NA 166 137 135 265 271 NA 120 NA 191 NA 198 278 304 
779 NA 165 246 242 355 359 NA 308 252 288 NA 178 143 137 263 271 120 124 188 191 200 206 NA 278 
780 169 143 252 242 359 359 312 312 NA 278 168 178 141 135 NA 275 124 116 NA 191 206 206 282 304 
781 159 165 240 246 359 359 308 312 288 294 NA 170 NA 135 NA 269 120 124 191 191 NA 206 318 294 
782 NA 157 240 246 NA 359 308 312 288 288 NA 168 NA 137 NA 275 NA 120 NA 191 206 208 294 298 
783 NA 169 238 240 359 355 304 312 292 288 NA 178 135 137 275 267 120 120 188 188 NA 206 296 282 
784 NA 169 238 240 359 355 304 312 292 272 NA 178 135 137 275 263 120 116 188 188 NA 196 296 282 
785 NA 169 238 240 359 355 304 312 292 288 NA 178 135 137 275 263 120 120 188 191 NA 196 296 282 
786 171 157 246 240 355 359 308 312 248 278 NA 176 137 135 271 263 124 120 191 188 200 198 294 290 
787 NA 163 NA 242 355 359 308 308 272 248 NA 168 137 137 NA 303 NA 120 191 191 NA 198 NA 286 
788 NA 153 240 240 359 355 312 312 278 278 NA 170 135 135 NA 265 126 124 191 191 NA 208 NA 294 
789 NA 169 240 264 359 355 312 308 278 278 NA 170 135 135 NA 267 126 124 191 191 NA 208 NA 288 
790 NA 153 240 240 359 355 312 308 278 278 NA 170 135 135 NA 267 126 126 191 191 NA 208 NA 294 
791 NA 167 242 254 359 355 312 312 NA 268 170 178 137 147 267 269 NA 124 NA 191 206 198 290 284 
792 NA 169 254 246 NA 355 NA 312 266 296 166 164 NA 137 259 265 116 112 NA 191 206 206 282 298 
793 157 169 240 242 NA 355 312 312 328 296 NA 166 NA 135 NA 265 124 130 200 200 NA 206 306 300 
794 161 153 NA 246 NA 355 312 312 278 268 168 176 NA 135 275 275 118 118 NA 191 NA 206 294 282 
795 169 155 246 242 NA 359 NA 312 278 278 178 170 141 135 NA 263 124 118 191 188 206 214 NA 290 
796 NA 153 242 246 355 355 312 308 NA 278 NA 170 147 135 NA 275 116 124 191 185 NA 206 NA 284 
797 161 153 NA 246 359 355 NA 312 286 278 172 176 137 135 271 267 124 112 NA 191 198 200 282 292 
798 NA 169 NA 242 355 355 NA 312 254 268 168 178 NA 141 267 271 124 120 191 191 NA 206 290 290 
799 NA 173 NA 240 355 355 NA 308 286 288 170 168 141 133 NA 263 NA 124 NA 191 210 198 282 290 
800 NA 169 NA 240 NA 359 NA 312 290 272 176 170 NA 137 261 267 130 120 191 191 NA 206 NA 288 
801 NA 169 NA 254 NA 355 NA 312 290 248 176 178 NA 137 261 275 130 120 191 200 NA 206 NA 288 
802 NA 169 NA 254 NA 355 NA 312 290 272 176 178 NA 137 261 267 130 120 191 191 NA 206 NA 288 
803 171 165 248 248 355 363 308 308 278 278 164 166 135 143 263 267 NA 120 191 191 NA 208 NA 300 
804 157 143 NA 246 NA 355 308 308 272 286 170 184 135 137 NA 265 NA 112 191 191 206 200 NA 282 
805 NA 173 242 242 355 355 NA 308 NA 248 NA 172 NA 133 269 267 124 112 NA 188 196 210 288 290 
806 NA 157 NA 240 NA 339 NA 312 278 278 NA 176 NA 137 NA 267 124 124 NA 191 206 206 294 292 
807 179 153 238 240 359 355 308 308 NA 278 NA 176 135 137 NA 265 124 118 NA 191 200 198 282 294 
808 161 165 254 240 339 355 308 308 286 268 176 182 135 141 NA 267 120 120 191 191 NA 206 NA 292 
809 NA 167 240 242 355 359 308 308 288 252 170 170 NA 141 NA 265 NA 124 NA 191 NA 206 NA 286 
810 NA 167 240 240 355 363 308 304 288 252 170 168 NA 141 NA 265 NA 120 NA 191 NA 206 NA 286 
811 NA 163 242 246 NA 339 312 312 278 272 178 176 143 135 265 265 120 112 191 191 206 200 NA 278 
812 169 175 NA 240 NA 355 312 312 298 278 NA 168 NA 135 267 267 124 120 NA 188 208 210 NA 294 
813 165 175 246 242 355 355 312 308 276 278 178 170 135 139 269 271 NA 120 191 191 NA 190 318 286 
814 NA 161 NA 242 355 355 312 312 294 248 172 170 135 135 267 265 120 116 188 191 206 204 NA 290 
815 NA 143 254 240 355 339 312 308 278 278 170 172 NA 137 NA 275 120 118 NA 188 198 214 300 294 
816 NA 157 254 240 355 339 312 312 278 286 170 164 NA 137 NA 275 120 118 NA 188 198 214 300 294 
817 159 163 NA 240 NA 355 NA 308 NA 278 170 172 NA 143 NA 257 NA 118 191 191 NA 206 NA 290 
818 157 171 NA 264 355 339 312 312 278 298 NA 168 NA 139 261 267 NA 112 191 191 206 206 292 294 
819 163 173 NA 240 355 339 304 312 NA 278 170 170 NA 143 NA 269 116 124 188 191 206 206 288 294 
820 NA 161 246 242 355 355 312 304 298 272 170 170 137 137 NA 267 116 124 NA 188 NA 206 294 292 
821 165 173 246 246 NA 359 308 312 NA 288 NA 164 135 139 265 273 124 120 191 191 206 206 294 306 
822 171 157 242 250 363 339 312 308 288 294 176 170 NA 137 269 267 112 124 NA 188 190 206 290 286 
823 NA 173 NA 250 NA 355 312 308 NA 276 170 166 135 135 NA 269 NA 122 NA 194 206 238 294 294 
824 157 161 NA 240 355 363 312 312 278 298 174 172 NA 135 267 275 NA 124 NA 191 NA 210 294 282 
825 NA 169 250 244 359 355 NA 308 258 278 NA 166 NA 135 271 271 NA 124 200 185 204 206 282 294 
826 157 173 NA 240 355 363 308 308 248 266 NA 178 137 135 NA 265 NA 122 191 191 206 206 292 318 
827 159 157 NA 242 355 355 312 312 NA 248 NA 176 NA 135 NA 257 NA 124 NA 188 200 198 NA 300 
828 159 177 NA 240 355 339 312 312 NA 266 NA 176 NA 135 NA 267 NA 124 NA 191 200 198 NA 300 
829 155 157 NA 242 355 359 312 312 278 272 172 176 NA 135 271 267 120 130 191 191 208 208 294 288 
830 157 157 242 242 355 355 NA 308 NA 272 NA 164 133 137 303 275 116 116 191 191 206 204 280 308 
831 NA 157 NA 240 NA 355 NA 308 272 296 NA 170 137 137 NA 271 NA 120 191 191 206 206 300 286 
832 NA 171 NA 240 339 355 312 312 272 278 NA 168 135 139 267 265 130 120 191 191 NA 204 NA 290 
833 NA 187 250 238 339 339 308 312 266 272 176 164 NA 135 NA 261 NA 124 191 191 206 200 294 294 
834 NA 173 NA 242 359 355 NA 312 288 278 168 178 135 137 261 299 124 118 NA 188 NA 200 308 278 
835 167 161 240 240 NA 355 312 312 NA 288 168 164 135 135 271 259 120 112 188 191 NA 198 NA 306 
836 NA 171 NA 246 339 339 308 312 286 252 NA 170 135 137 NA 265 120 120 NA 191 206 198 NA 318 
837 NA 165 242 278 NA 359 312 308 NA 268 NA 172 NA 135 NA 265 120 124 191 185 198 206 292 292 
838 159 155 NA 248 NA 359 NA 312 266 278 168 164 147 133 NA 267 124 124 191 191 206 198 NA 302 
839 NA 157 NA 238 355 339 312 312 272 272 176 170 141 141 265 259 118 122 191 200 NA 206 290 286 
840 169 159 278 278 339 355 308 312 NA 278 NA 178 141 141 259 263 NA 126 191 191 204 206 286 278 
841 NA 163 246 254 355 359 NA 312 278 278 168 170 NA 135 275 269 130 116 NA 191 NA 198 NA 308 
842 NA 157 246 254 355 355 NA 312 NA 292 170 184 141 143 NA 265 NA 126 NA 191 206 206 290 292 
843 NA 171 240 242 355 355 312 308 286 258 168 170 135 135 NA 275 NA 124 188 191 214 198 294 290 
844 153 159 278 254 359 355 NA 308 286 292 NA 172 NA 139 NA 269 120 120 NA 191 NA 206 NA 306 
845 153 159 278 254 359 355 NA 308 286 288 NA 172 NA 139 NA 269 120 112 NA 191 NA 206 NA 306 
846 NA 165 NA 242 NA 355 NA 312 NA 286 172 170 NA 139 265 269 NA 124 NA 191 210 204 282 294 
847 NA 165 NA 246 NA 355 NA 312 NA 272 172 172 NA 139 265 269 NA 124 NA 191 210 204 282 294 
848 NA 177 NA 242 NA 355 312 312 254 278 NA 168 NA 135 275 267 NA 124 191 191 210 210 292 318 
849 177 165 238 244 363 359 308 312 NA 294 NA 178 137 135 NA 265 124 130 191 191 198 206 NA 308 
850 151 157 NA 254 359 355 308 308 252 248 NA 178 NA 133 NA 267 NA 116 191 188 NA 206 294 306 
851 157 161 240 242 NA 363 308 312 286 252 NA 178 NA 137 275 275 120 124 191 191 206 206 NA 294 
852 NA 157 248 246 NA 359 NA 312 278 278 176 170 135 135 275 269 NA 124 NA 194 NA 210 294 292 
853 181 171 240 240 NA 355 NA 312 NA 296 NA 170 NA 133 263 263 124 120 191 191 NA 204 318 298 
854 NA 157 242 254 359 355 NA 312 NA 296 172 172 137 137 261 267 NA 120 NA 188 206 210 292 318 
855 143 165 242 246 355 359 NA 312 278 296 170 164 147 141 265 263 126 116 191 191 214 206 NA 318 
856 157 171 238 240 355 355 NA 308 252 288 NA 168 141 143 NA 267 NA 122 191 191 198 198 318 294 
857 NA 143 252 242 359 339 308 308 286 278 NA 170 135 137 NA 259 NA 124 NA 191 204 206 NA 282 
858 NA 169 254 246 355 363 312 312 278 286 174 172 143 147 261 269 NA 124 NA 191 214 206 290 284 
859 173 169 254 242 355 355 NA 308 NA 278 NA 178 141 137 275 263 116 126 191 191 NA 208 NA 282 
860 153 163 242 242 339 359 NA 312 NA 252 170 170 137 143 NA 265 120 124 NA 188 190 190 NA 288 
861 NA 159 242 242 355 359 308 312 NA 252 168 170 135 135 NA 269 112 118 191 191 NA 198 NA 278 
862 NA 159 242 242 355 359 308 312 NA 252 168 178 135 135 NA 269 112 118 191 191 NA 210 NA 278 
863 171 159 240 240 NA 359 312 312 NA 286 NA 176 139 139 NA 265 120 124 188 191 210 206 294 294 
864 171 177 240 242 NA 363 308 308 298 272 164 176 135 137 NA 267 124 124 188 191 206 208 292 284 
865 165 171 240 242 NA 355 308 312 NA 268 NA 170 135 137 265 269 NA 120 191 200 200 206 NA 298 
866 165 171 240 240 NA 339 308 312 NA 268 NA 170 135 135 265 269 NA 120 191 200 200 206 NA 298 
867 NA 157 240 242 359 359 312 308 278 288 176 170 139 141 263 257 124 124 191 188 NA 206 294 282 
868 181 167 NA 242 NA 355 312 312 NA 278 170 168 135 135 NA 265 112 116 191 191 198 206 NA 284 
869 177 157 242 240 NA 359 NA 308 288 278 178 178 NA 135 265 265 116 118 188 188 NA 206 NA 300 
870 167 155 NA 242 NA 359 312 308 276 278 170 170 139 137 257 265 120 126 NA 191 NA 204 NA 288 
871 NA 169 NA 238 NA 359 312 308 278 278 172 168 137 135 267 263 126 124 NA 191 206 206 292 298 
872 NA 169 NA 238 NA 359 312 308 278 278 172 168 137 135 267 303 126 120 NA 191 206 206 292 298 
873 NA 153 NA 242 355 339 NA 308 294 286 NA 164 NA 143 275 267 118 124 191 191 198 206 NA 318 
874 NA 171 NA 242 355 339 NA 308 294 268 NA 170 NA 143 275 267 118 116 191 191 198 204 NA 318 
875 153 167 NA 242 NA 355 NA 312 NA 276 168 170 141 135 265 267 124 124 191 191 200 206 NA 292 
876 NA 169 242 262 NA 355 NA 312 NA 248 170 172 NA 135 NA 267 124 118 NA 191 204 206 NA 318 
877 NA 169 242 262 NA 363 NA 312 NA 248 170 172 NA 135 NA 267 124 120 NA 191 204 206 NA 292 
878 153 171 NA 240 NA 355 NA 308 278 278 168 174 NA 135 NA 275 120 122 NA 188 210 206 306 294 
879 NA 183 240 244 NA 355 312 312 NA 278 170 168 135 135 275 269 NA 124 NA 191 NA 210 NA 286 
880 NA 153 NA 242 359 355 NA 312 NA 272 168 180 141 137 259 265 NA 120 NA 191 204 204 304 288 
881 NA 153 NA 254 355 355 312 308 276 276 176 170 135 137 267 267 NA 124 NA 191 198 198 288 288 
882 181 153 NA 278 355 359 308 312 NA 278 168 164 NA 143 263 265 NA 124 191 191 210 198 294 290 
883 171 163 NA 242 NA 359 NA 308 NA 298 NA 168 135 137 269 275 116 120 191 188 206 198 NA 280 
884 NA 163 246 240 355 359 NA 312 NA 272 NA 176 137 147 267 259 116 124 188 191 NA 206 318 284 
885 NA 153 246 254 355 359 NA 312 NA 278 NA 176 137 135 267 259 116 116 188 191 NA 206 318 318 
886 157 143 240 242 NA 355 308 312 NA 272 NA 164 141 137 NA 265 120 112 NA 191 NA 206 NA 286 
887 173 153 242 240 355 355 NA 308 278 276 NA 176 137 133 NA 263 NA 118 NA 191 NA 210 NA 278 
888 173 173 246 242 NA 355 NA 308 NA 248 176 176 NA 135 NA 265 116 124 191 191 210 206 288 292 
889 NA 163 242 240 355 355 NA 312 NA 266 172 170 137 141 NA 269 130 118 191 191 NA 206 278 280 
890 NA 157 242 240 355 355 NA 312 NA 266 172 170 137 137 NA 267 130 124 191 191 NA 206 278 280 
891 173 167 254 240 NA 355 312 308 NA 248 NA 170 137 147 NA 263 120 120 NA 191 198 206 NA 284 
892 153 167 254 246 355 355 312 312 278 252 176 170 135 133 NA 267 112 122 191 191 208 210 NA 278 
893 157 177 242 246 NA 359 312 312 288 272 178 182 139 133 NA 263 124 112 191 191 198 206 282 294 
894 157 173 NA 242 NA 359 308 312 278 278 178 170 137 137 265 269 118 112 NA 188 NA 200 294 292 
895 151 157 244 242 NA 355 NA 312 276 272 178 166 NA 135 269 259 NA 118 NA 185 206 210 318 306 
896 155 159 240 240 363 359 NA 312 288 252 178 176 137 135 NA 271 NA 120 191 191 NA 206 280 282 
897 171 157 NA 240 NA 355 NA 308 272 278 170 168 133 135 NA 269 NA 122 191 191 NA 206 300 286 
898 183 177 NA 240 355 355 312 308 248 272 NA 168 NA 133 NA 261 112 124 191 188 NA 206 288 294 
899 NA 161 248 244 355 355 312 308 296 278 178 170 135 135 269 263 124 118 NA 200 NA 204 318 294 
900 177 169 254 248 363 355 312 308 NA 278 170 170 127 135 273 265 NA 124 194 191 NA 206 298 294 
901 177 173 254 240 363 355 312 308 NA 288 170 170 127 135 273 265 NA 120 194 191 NA 206 298 308 
902 177 169 254 248 363 355 312 308 NA 278 170 170 127 141 273 265 NA 120 194 191 NA 206 298 308 
903 177 173 254 248 363 355 312 312 NA 278 170 168 127 141 273 265 NA 124 194 191 NA 206 298 294 
904 157 159 NA 242 NA 363 312 308 NA 298 NA 176 141 147 263 263 124 120 NA 188 NA 206 NA 282 
905 171 175 240 250 339 355 308 308 272 278 168 170 NA 135 NA 271 NA 124 NA 191 NA 206 286 298 
906 157 181 242 246 355 339 308 312 296 278 168 178 NA 137 267 259 120 116 NA 191 206 206 286 278 
907 153 153 240 240 355 363 312 312 298 278 176 182 NA 135 NA 257 NA 120 NA 191 206 204 290 284 
908 153 153 240 242 355 355 312 312 298 278 176 182 NA 135 NA 257 NA 120 NA 191 206 214 290 288 
909 NA 157 240 238 NA 355 312 312 278 298 NA 170 NA 141 275 269 120 124 NA 191 206 206 NA 282 
910 NA 161 240 278 NA 359 312 312 278 298 NA 184 NA 135 275 259 120 124 NA 191 206 206 NA 306 
911 153 173 238 248 355 359 312 308 292 266 NA 178 137 141 259 265 NA 124 NA 191 206 210 NA 300 
912 163 157 240 242 NA 359 NA 312 248 278 NA 168 135 141 NA 265 118 124 188 191 NA 214 NA 294 
913 NA 175 242 242 NA 355 NA 312 NA 278 172 182 NA 135 NA 273 112 116 191 191 NA 206 NA 294 
914 NA 175 242 242 NA 339 NA 312 NA 278 172 182 NA 135 NA 273 112 126 191 191 NA 206 NA 294 
915 NA 173 NA 242 NA 355 308 308 NA 288 178 164 147 137 265 271 118 118 NA 191 206 190 282 294 
916 NA 173 NA 242 NA 355 308 308 NA 288 178 176 147 137 265 271 118 120 NA 191 206 206 282 294 
917 NA 173 NA 242 NA 355 308 312 NA 288 178 176 147 137 265 271 118 118 NA 191 206 190 282 294 
918 NA 173 NA 242 NA 355 308 312 NA 288 178 176 147 137 265 271 118 120 NA 191 206 206 282 308 
919 165 163 242 242 359 355 308 312 248 288 168 170 135 137 269 265 126 122 191 191 NA 206 NA 284 
920 NA 173 248 242 355 355 308 308 278 278 NA 168 NA 135 275 265 124 124 191 191 210 206 NA 286 
921 175 153 NA 262 NA 355 NA 312 NA 292 NA 168 NA 135 267 259 124 120 NA 191 NA 206 288 318 
922 159 173 242 240 NA 363 NA 312 288 268 NA 166 135 135 NA 263 124 130 191 191 NA 198 290 290 
923 165 153 NA 254 355 355 308 308 NA 328 170 170 135 133 271 275 NA 124 188 191 206 238 NA 284 
924 NA 153 NA 240 NA 355 312 312 292 268 NA 168 135 143 265 265 NA 124 188 185 206 210 NA 298 
925 NA 165 242 242 359 355 NA 312 268 298 178 172 137 141 265 263 NA 124 194 191 NA 210 298 282 
926 NA 171 NA 254 339 355 NA 308 NA 282 NA 174 135 135 NA 269 112 120 NA 191 NA 206 284 282 
927 NA 181 NA 254 NA 355 NA 312 NA 278 NA 176 NA 141 271 275 NA 124 NA 191 198 210 NA 308 
928 NA 181 NA 242 NA 339 NA 308 NA 278 NA 178 NA 141 271 269 NA 124 NA 191 198 210 NA 292 
929 169 153 NA 240 355 355 NA 308 286 272 168 172 NA 147 NA 275 NA 122 185 188 214 208 302 286 
930 165 171 242 240 NA 359 NA 308 292 272 170 178 135 141 NA 259 120 120 191 191 198 200 284 306 
931 165 171 242 238 NA 355 NA 312 292 272 170 168 135 141 NA 269 120 120 191 191 198 200 284 306 
932 157 157 NA 242 NA 355 NA 308 290 298 166 178 135 141 275 275 124 124 188 188 214 206 NA 294 
933 NA 159 NA 240 355 359 308 312 NA 248 170 176 NA 143 NA 259 NA 120 NA 191 206 206 NA 306 
934 171 159 246 240 355 355 312 312 278 268 NA 168 NA 141 NA 271 120 122 191 188 200 198 294 282 
935 171 159 246 254 355 339 312 308 278 268 NA 168 NA 141 NA 259 120 124 191 188 200 206 294 282 
936 159 157 NA 246 359 339 308 312 278 252 166 176 137 135 NA 265 120 120 191 191 NA 206 NA 282 
937 169 165 NA 246 339 355 312 312 266 286 NA 170 137 135 271 259 116 130 NA 200 206 206 294 290 
938 157 155 NA 248 355 355 NA 312 278 278 164 176 135 135 NA 261 NA 126 NA 191 210 214 306 282 
939 NA 157 NA 240 359 359 312 312 294 272 170 170 NA 135 NA 265 130 124 200 191 206 208 NA 294 
940 165 157 248 242 355 355 312 308 278 272 NA 182 141 137 265 265 120 122 NA 191 NA 214 NA 298 
941 165 157 248 242 355 355 312 312 278 272 NA 182 141 135 265 265 120 120 NA 191 NA 206 NA 298 
942 NA 159 240 242 355 363 NA 312 248 272 NA 170 135 135 263 269 NA 116 191 191 198 210 290 294 
943 153 157 242 242 355 355 308 308 278 298 NA 176 NA 135 NA 267 124 120 NA 188 190 198 282 298 
944 NA 157 NA 246 339 359 308 312 NA 272 NA 174 141 143 NA 269 124 126 191 191 NA 206 276 294 
945 167 163 240 244 359 355 312 308 NA 268 168 170 135 143 NA 263 120 120 NA 188 198 238 286 304 
946 NA 179 240 240 359 359 312 312 NA 278 172 170 NA 143 267 267 120 126 188 185 NA 204 288 288 
947 NA 179 240 254 359 359 312 312 NA 278 172 170 NA 141 267 267 120 112 188 191 NA 204 288 288 
948 NA 173 NA 242 NA 355 NA 312 288 286 178 170 141 135 NA 271 120 124 191 191 NA 210 318 318 
949 NA 157 240 242 NA 359 NA 312 288 272 172 172 133 135 NA 265 120 124 NA 188 NA 208 290 304 
950 153 169 NA 242 NA 355 NA 312 278 294 178 176 NA 139 NA 265 NA 112 NA 200 212 206 290 290 
951 153 169 NA 246 NA 355 NA 312 278 294 178 172 NA 139 NA 263 NA 116 NA 200 212 206 290 290 
952 NA 155 NA 242 355 355 308 308 288 266 164 176 137 137 273 271 NA 116 NA 191 210 198 306 278 
953 NA 173 NA 242 355 355 308 308 288 266 164 176 137 141 273 271 NA 116 NA 191 210 198 306 278 
954 157 153 242 242 NA 355 NA 308 298 252 176 170 NA 135 263 267 NA 112 191 191 198 206 NA 280 
955 157 153 242 242 NA 355 NA 308 298 252 176 170 NA 135 263 269 NA 112 191 191 198 206 NA 290 
956 161 165 NA 254 355 355 NA 308 278 288 170 180 NA 137 257 267 NA 120 191 191 NA 206 308 294 
957 NA 169 NA 242 NA 355 312 308 NA 248 178 178 NA 133 NA 265 NA 118 191 200 190 214 292 292 
958 153 157 246 240 359 339 312 308 272 278 168 170 137 135 275 263 120 120 191 191 210 206 294 290 
959 153 169 246 254 359 359 312 312 272 278 168 178 137 135 275 263 120 120 191 191 210 206 294 290 
960 NA 153 NA 242 NA 355 308 312 298 268 NA 166 135 135 269 265 116 120 NA 191 NA 206 284 300 
961 173 153 NA 240 355 359 NA 308 272 292 NA 164 135 143 NA 259 126 120 188 191 NA 210 308 292 
962 143 165 NA 240 NA 355 312 312 272 272 176 170 139 137 263 259 NA 120 191 191 198 206 NA 306 
963 143 171 NA 240 NA 359 312 312 272 286 176 170 139 137 263 259 NA 112 191 191 198 200 NA 306 
964 155 167 NA 242 NA 355 NA 308 NA 278 NA 170 NA 143 NA 269 116 116 NA 191 200 190 294 306 
965 167 171 242 242 NA 339 NA 312 296 248 176 168 143 133 271 269 124 124 NA 191 NA 206 NA 292 
966 NA 157 250 242 NA 355 312 308 270 272 176 170 135 137 NA 259 124 112 NA 191 206 206 294 294 
967 NA 175 246 246 359 355 NA 308 266 278 168 172 135 135 267 269 112 122 188 191 204 208 308 286 
968 NA 181 246 246 359 355 NA 308 266 278 168 172 135 135 267 261 112 122 188 191 204 208 308 284 
969 NA 167 246 248 NA 355 NA 312 NA 288 NA 176 135 135 263 259 118 124 188 191 NA 198 NA 294 
970 NA 159 240 254 NA 355 304 312 266 278 NA 170 135 135 267 265 112 124 191 191 206 206 284 280 
971 153 183 NA 240 339 355 NA 312 288 306 178 168 NA 135 267 265 NA 112 NA 191 NA 206 290 282 
972 183 157 NA 242 NA 355 NA 312 NA 292 NA 170 NA 137 271 271 NA 124 NA 191 198 204 NA 286 
973 153 177 NA 242 NA 355 308 308 272 286 NA 170 147 137 NA 265 NA 120 191 191 NA 206 NA 282 
974 157 171 254 240 359 355 312 312 272 278 NA 166 141 141 269 265 124 124 188 200 210 206 318 290 
975 157 159 254 252 359 355 312 312 272 294 NA 170 141 141 269 265 124 124 188 200 210 206 318 290 
976 165 155 NA 242 359 363 NA 308 268 268 166 170 133 135 263 265 130 112 191 188 206 198 294 298 
977 165 157 NA 246 359 359 NA 308 268 278 166 170 133 135 263 263 130 112 191 188 206 208 294 298 
978 NA 155 NA 238 NA 355 312 312 298 248 NA 170 135 137 NA 263 120 130 NA 191 198 206 NA 318 
979 NA 161 242 248 NA 359 NA 312 298 292 170 170 NA 143 NA 271 NA 120 NA 200 206 206 284 298 
980 NA 171 242 248 NA 359 NA 312 298 252 170 170 NA 143 NA 271 NA 120 NA 191 206 210 284 290 
981 157 157 242 248 355 359 308 308 288 272 NA 168 NA 143 265 265 124 120 NA 188 206 198 290 294 
982 173 157 264 242 339 355 308 312 258 292 178 170 NA 147 271 259 126 124 191 188 NA 206 NA 294 
983 173 165 264 246 339 355 308 312 258 286 178 170 NA 147 271 259 126 124 191 188 NA 206 NA 294 
984 175 173 248 250 355 355 NA 312 NA 292 NA 176 137 135 267 265 120 124 NA 191 206 198 NA 318 
985 169 173 NA 246 NA 359 308 312 272 254 170 176 137 137 NA 271 124 124 188 191 NA 206 NA 288 
986 169 171 NA 242 NA 359 308 312 272 254 170 176 137 137 NA 271 124 112 188 191 NA 212 NA 288 
987 187 181 NA 246 NA 359 NA 308 NA 292 176 170 137 137 269 265 NA 124 NA 191 198 238 282 282 
988 NA 153 252 242 NA 359 312 312 NA 288 170 166 135 137 263 275 NA 118 NA 191 206 206 NA 294 
989 NA 153 252 242 NA 355 312 312 NA 288 170 166 135 137 263 275 NA 118 NA 191 206 206 NA 290 
990 NA 159 NA 240 NA 355 NA 308 278 278 NA 170 137 141 257 267 120 128 NA 191 NA 204 NA 290 
991 NA 157 254 240 339 355 NA 312 278 294 NA 166 135 139 NA 271 120 124 191 191 206 206 NA 294 
992 NA 143 NA 242 NA 359 312 308 298 272 NA 166 135 143 NA 269 124 120 NA 191 NA 214 NA 286 
993 NA 143 NA 242 NA 359 312 308 298 272 NA 170 135 143 NA 267 124 120 NA 191 NA 206 NA 286 
994 169 163 242 246 355 339 NA 308 NA 278 166 166 NA 135 NA 271 NA 120 191 200 206 206 282 294 
995 169 163 242 254 355 355 NA 308 NA 278 166 168 NA 135 NA 275 NA 120 191 188 206 206 282 282 
996 153 171 NA 240 NA 355 NA 312 NA 288 NA 170 139 135 263 271 NA 124 NA 191 198 214 300 290 
997 177 173 246 242 NA 355 NA 312 NA 298 174 170 143 141 NA 259 120 124 191 191 198 206 NA 292 
998 175 155 242 246 NA 355 308 308 278 278 NA 170 143 137 265 263 NA 120 NA 191 206 198 280 294 
999 173 143 240 240 355 363 312 312 NA 278 164 170 135 135 NA 267 NA 124 NA 185 NA 206 292 304 
1000 173 143 240 240 355 355 312 312 NA 278 164 170 135 135 NA 273 NA 128 NA 185 NA 206 292 286 

0 0 !Probabilities that the father and mother of an offspring included in candidates
0 0 !Numbers of candidate males and females



0 0 !Number of known paternities

0 0 !Number of known maternities

0 !Number of known paternal sibships with unknown fathers

0  !Number of known maternal sibships with unknown mothers

0  !Number of offspring with known excluded paternity

0  !Number of offspring with known excluded maternity

0  !Number of offspring with known excluded paternal sibships

0  !Number of offspring with known excluded maternal sibships

