impatiens_pp0.6 ! C, Dataset name, Length<51
impatiens_pp0.6 ! C, Main output file name, Length<21
1000 ! I, Number of offspring in the sample
12 ! I, Number of loci
123 ! I, Seed for random number generator
0 ! B, 0/1=Not updating/updating allele frequency
2 ! 2/1=Dioecious/Monoecious
0 ! 0/1=No inbreeding/inbreeding
1 ! B, 0/1=Diploid species/HaploDiploid species
1 0 ! B, 0/1=Polygamy/Monogamy for males & females
0 ! 0/1=No clone inference/clone inference
0 ! 0/1=No scaling/sibship size scaling
0 0 0 ! B, R, R : Use sibship prior, Y/N=1/0. If Yes, give mean paternal, maternal sibship size
0 ! B, 0/1=Unknown/Known population allele frequency

1 ! I, Number of runs
3 ! I, Length of Run (1, 2, 3) = (Short, Medium, Long)
1 ! B, 0/1=Monitor method by Iterate#/Time in second
60 ! I, Monitor interval in Iterate#/Seconds
0 ! B, 0/1=Other platform/Windows execution
1 ! 1/0=Full-likelihood/pairwise-likelihood score method
3 ! 1/2/3=low/medium/high precision


BT10 B96 BTMS0059 BTMS0081 BTMS0062 B126 BTERN01 B124 BTMS0057 BT30 B10 BTMS0083 !Marker IDs
0 0 0 0 0 0 0 0 0 0 0 0 !Marker types, 0/1=Codominant/Dominant
0 0 0 0 0 0 0 0 0 0 0 0 !Marker-specific allelic dropout rate
0 0 0 0 0 0 0 0 0 0 0 0 !Other marker-specific typing-error rate


Ind1 NA 157 242 238 339 355 304 312 NA 268 170 164 NA 135 NA 299 NA 120 191 191 NA 200 290 292 !Offspring ID and genotypes
Ind2 NA 159 NA 238 NA 355 NA 312 NA 294 NA 170 135 133 263 257 120 124 188 188 NA 198 278 288 
Ind3 NA 171 NA 246 NA 355 312 312 286 278 NA 168 NA 135 NA 259 112 130 200 191 NA 208 NA 282 
Ind4 NA 171 NA 246 NA 355 312 312 286 278 NA 170 NA 141 NA 259 112 118 200 191 NA 208 NA 318 
Ind5 169 159 NA 240 339 355 312 308 NA 288 NA 168 NA 135 NA 269 116 116 NA 191 NA 206 NA 286 
Ind6 NA 153 240 240 339 355 NA 312 278 288 NA 170 NA 137 287 259 NA 116 191 188 214 206 282 306 
Ind7 NA 159 NA 248 359 355 312 312 NA 272 168 170 NA 137 NA 269 NA 130 200 200 NA 190 282 294 
Ind8 NA 159 NA 238 359 355 312 312 NA 272 168 166 NA 137 NA 269 NA 130 200 191 NA 190 282 294 
Ind9 NA 175 242 242 NA 355 NA 308 278 286 164 164 141 137 NA 275 120 124 NA 191 NA 206 NA 286 
Ind10 NA 163 240 248 NA 355 NA 308 NA 288 NA 172 NA 141 269 275 NA 124 191 191 NA 206 NA 300 
Ind11 NA 153 NA 246 355 363 NA 308 NA 278 NA 176 NA 137 275 259 NA 124 NA 191 NA 206 288 286 
Ind12 NA 183 NA 240 359 339 NA 308 298 278 170 172 NA 135 NA 267 120 120 191 191 NA 200 282 290 
Ind13 NA 169 264 240 NA 363 312 312 252 272 NA 168 143 135 275 263 120 120 191 191 NA 198 284 294 
Ind14 NA 159 254 240 NA 355 NA 312 NA 296 166 168 135 137 NA 265 NA 116 188 191 NA 198 282 284 
Ind15 157 173 NA 246 NA 359 NA 312 298 278 NA 170 NA 137 NA 267 120 120 NA 188 NA 206 NA 290 
Ind16 157 173 NA 246 NA 359 NA 312 298 296 NA 168 NA 137 NA 267 120 120 NA 191 NA 206 NA 290 
Ind17 NA 167 244 240 355 355 NA 312 278 278 NA 170 NA 141 265 265 118 120 191 191 NA 204 NA 306 
Ind18 NA 167 244 240 355 355 NA 312 278 278 NA 170 NA 135 265 269 118 120 191 191 NA 204 NA 306 
Ind19 NA 167 244 240 355 355 NA 312 278 278 NA 170 NA 141 265 269 118 120 191 191 NA 204 NA 306 
Ind20 NA 175 NA 240 355 359 NA 312 NA 278 NA 168 135 135 NA 265 NA 112 NA 188 206 206 NA 318 
Ind21 NA 157 242 242 NA 359 NA 308 NA 294 168 178 NA 141 267 263 124 120 NA 188 206 204 NA 290 
Ind22 NA 157 242 242 NA 359 NA 308 NA 248 168 178 NA 141 267 265 124 120 NA 188 206 210 NA 288 
Ind23 NA 171 278 242 359 355 312 312 NA 278 NA 176 NA 141 NA 271 NA 124 188 191 NA 210 NA 284 
Ind24 NA 171 278 242 359 355 312 308 NA 272 NA 176 NA 135 NA 271 NA 118 188 191 NA 210 NA 284 
Ind25 NA 173 NA 240 355 339 312 308 NA 286 164 174 143 137 NA 267 NA 120 191 200 190 198 292 286 
Ind26 153 157 246 246 NA 359 312 308 296 268 170 170 NA 135 271 263 NA 124 188 188 NA 206 NA 288 
Ind27 NA 153 242 254 355 359 NA 312 286 278 176 168 NA 143 265 263 118 124 191 185 206 204 288 288 
Ind28 NA 153 242 238 355 359 NA 312 286 276 176 168 NA 135 265 257 118 124 191 185 206 204 288 288 
Ind29 NA 157 242 254 355 359 NA 312 286 276 176 168 NA 135 265 257 118 124 191 191 206 204 288 306 
Ind30 NA 173 NA 278 NA 355 NA 308 288 272 NA 178 NA 141 267 267 124 120 NA 191 206 198 NA 306 
Ind31 NA 173 NA 242 NA 355 312 312 NA 278 NA 168 141 141 303 267 124 118 NA 191 204 206 NA 294 
Ind32 NA 165 NA 242 NA 355 NA 312 NA 272 NA 180 NA 133 269 275 NA 124 NA 191 NA 206 298 290 
Ind33 NA 157 NA 242 NA 359 NA 308 NA 290 NA 178 NA 141 269 275 NA 120 NA 188 NA 198 282 290 
Ind34 NA 157 NA 240 NA 355 NA 308 NA 290 NA 178 NA 141 269 275 NA 120 NA 191 NA 198 282 290 
Ind35 NA 155 NA 242 NA 359 NA 308 NA 290 NA 176 NA 141 269 269 NA 120 NA 191 NA 198 282 290 
Ind36 NA 157 NA 240 NA 359 NA 312 NA 290 NA 178 NA 141 269 269 NA 118 NA 191 NA 198 282 290 
Ind37 163 163 NA 240 NA 355 NA 312 288 266 168 172 NA 141 NA 263 116 118 NA 191 NA 206 NA 292 
Ind38 163 153 NA 246 NA 355 NA 308 288 278 168 172 NA 141 NA 263 116 122 NA 191 NA 206 NA 292 
Ind39 NA 157 NA 242 355 355 NA 308 NA 248 NA 176 137 135 NA 267 NA 118 NA 191 NA 200 282 294 
Ind40 173 173 242 238 355 355 NA 308 272 248 178 170 135 135 NA 271 NA 124 191 191 204 198 278 306 
Ind41 155 165 NA 242 NA 355 308 308 NA 278 NA 170 NA 135 265 263 124 120 NA 191 NA 210 290 282 
Ind42 157 171 240 246 355 339 NA 308 268 248 NA 176 NA 143 NA 271 NA 118 NA 191 NA 206 NA 292 
Ind43 157 169 240 240 355 355 NA 308 268 248 NA 176 NA 135 NA 271 NA 124 NA 191 NA 206 NA 292 
Ind44 NA 153 NA 246 355 355 312 308 NA 298 NA 172 NA 137 NA 271 130 120 200 191 NA 214 NA 288 
Ind45 NA 157 NA 242 NA 363 NA 308 NA 278 176 170 135 135 267 273 122 124 191 191 200 198 NA 290 
Ind46 NA 157 NA 242 NA 363 NA 308 NA 278 176 170 135 135 267 273 122 124 191 188 200 204 NA 294 
Ind47 NA 157 NA 242 NA 363 NA 312 NA 252 176 168 135 147 267 273 122 124 191 191 200 204 NA 290 
Ind48 169 153 242 242 NA 359 NA 308 286 286 168 170 NA 137 NA 265 112 120 NA 191 NA 206 NA 292 
Ind49 NA 161 242 242 NA 355 304 308 NA 276 NA 166 NA 137 267 265 124 124 NA 191 196 206 NA 280 
Ind50 NA 155 240 264 NA 339 308 312 NA 278 170 178 137 133 259 263 NA 120 NA 188 NA 206 288 292 
Ind51 NA 157 NA 240 355 355 NA 312 NA 278 NA 170 NA 133 NA 271 NA 120 188 191 NA 198 320 294 
Ind52 NA 183 NA 240 NA 339 308 312 296 272 170 164 NA 135 267 275 124 120 NA 191 NA 214 NA 282 
Ind53 159 153 NA 242 359 355 312 312 278 268 178 170 NA 143 269 285 NA 112 191 191 206 200 292 318 
Ind54 173 173 NA 242 NA 355 NA 312 NA 278 NA 176 133 135 261 265 124 122 NA 191 NA 206 NA 286 
Ind55 NA 175 NA 250 NA 359 NA 312 NA 278 NA 172 137 133 NA 271 NA 120 NA 191 NA 206 NA 298 
Ind56 NA 171 NA 246 NA 339 NA 308 NA 248 170 170 133 141 NA 265 NA 118 NA 191 NA 206 308 292 
Ind57 165 171 NA 240 339 359 NA 312 252 298 170 176 NA 139 271 265 NA 120 NA 191 NA 206 308 288 
Ind58 171 161 NA 242 359 355 NA 312 NA 288 NA 176 NA 137 265 269 124 118 191 188 NA 198 NA 300 
Ind59 NA 159 254 240 NA 355 312 308 286 292 170 168 133 143 NA 265 NA 118 NA 191 NA 206 NA 308 
Ind60 NA 161 NA 240 NA 359 NA 312 NA 296 NA 178 135 137 NA 263 130 130 188 191 NA 190 NA 290 
Ind61 NA 169 NA 240 NA 359 NA 312 NA 296 NA 178 135 133 NA 263 130 130 188 191 NA 198 NA 294 
Ind62 NA 163 NA 242 NA 359 NA 312 NA 278 NA 172 NA 135 NA 271 NA 122 188 191 NA 198 282 294 
Ind63 161 157 240 242 NA 355 312 312 NA 276 168 172 NA 135 NA 259 NA 120 NA 191 238 206 298 278 
Ind64 NA 169 NA 242 359 359 308 312 NA 304 NA 170 NA 135 265 271 118 122 NA 191 198 198 280 284 
Ind65 NA 157 NA 246 NA 363 NA 312 NA 286 NA 170 NA 135 NA 263 NA 122 191 191 204 210 NA 300 
Ind66 NA 157 NA 246 NA 339 NA 312 NA 248 NA 170 NA 135 NA 263 NA 122 191 191 204 198 NA 300 
Ind67 167 181 246 246 NA 363 308 312 248 278 174 170 NA 135 NA 269 116 120 NA 191 NA 206 308 290 
Ind68 163 165 NA 246 NA 355 NA 312 278 248 NA 172 137 135 271 263 NA 120 NA 188 206 198 290 282 
Ind69 NA 165 238 246 355 355 308 312 278 278 NA 170 141 133 275 265 NA 126 NA 191 204 206 NA 290 
Ind70 171 165 NA 240 NA 355 NA 312 272 268 NA 168 NA 137 259 267 NA 116 191 191 NA 198 NA 296 
Ind71 NA 173 NA 242 NA 355 NA 312 NA 278 NA 176 137 139 NA 269 NA 120 185 191 206 206 294 318 
Ind72 NA 187 NA 242 339 355 NA 308 NA 272 NA 172 NA 135 NA 269 NA 116 191 191 NA 208 NA 302 
Ind73 NA 183 NA 242 339 355 NA 308 NA 292 NA 172 NA 135 NA 269 NA 116 191 185 NA 208 NA 286 
Ind74 NA 157 NA 246 NA 355 NA 312 NA 278 NA 168 NA 141 267 269 124 112 188 194 NA 198 NA 290 
Ind75 NA 173 252 242 NA 355 NA 312 NA 272 168 176 NA 143 NA 269 120 120 191 191 NA 198 290 308 
Ind76 NA 157 240 254 355 359 312 312 278 252 NA 168 NA 135 NA 265 NA 116 188 191 NA 208 290 282 
Ind77 NA 181 NA 242 NA 355 NA 308 NA 266 NA 170 NA 135 NA 267 NA 120 NA 200 NA 206 282 294 
Ind78 NA 171 NA 242 NA 363 308 308 278 278 NA 178 135 143 NA 263 NA 120 NA 200 206 206 NA 290 
Ind79 161 153 NA 278 NA 355 312 308 NA 288 NA 168 NA 135 269 265 124 116 197 191 NA 198 NA 298 
Ind80 NA 159 NA 254 355 355 NA 308 286 292 164 164 NA 135 NA 267 NA 118 NA 191 210 206 NA 286 
Ind81 NA 173 240 240 359 355 NA 312 NA 248 NA 170 135 135 NA 263 NA 124 NA 191 NA 206 298 284 
Ind82 173 153 NA 242 NA 359 312 308 278 286 174 184 135 137 265 303 112 116 NA 188 NA 198 NA 300 
Ind83 NA 157 NA 242 NA 359 308 308 258 268 172 166 137 135 271 275 NA 124 NA 188 206 206 NA 292 
Ind84 157 157 240 244 NA 359 NA 308 258 298 170 174 NA 143 NA 275 NA 120 NA 191 198 204 NA 308 
Ind85 NA 165 254 242 355 355 NA 312 NA 278 168 168 143 137 265 269 NA 116 191 191 NA 214 294 300 
Ind86 NA 165 254 242 355 355 NA 312 NA 278 168 168 143 143 265 269 NA 116 191 191 NA 206 294 284 
Ind87 NA 165 254 242 355 355 NA 312 NA 278 168 168 143 143 265 275 NA 116 191 191 NA 206 294 300 
Ind88 NA 155 NA 242 359 355 308 308 NA 292 NA 172 NA 137 NA 265 NA 120 191 191 238 210 278 292 
Ind89 NA 155 NA 242 359 355 308 312 NA 292 NA 172 NA 135 NA 265 NA 124 191 191 238 206 278 292 
Ind90 NA 159 242 240 NA 359 312 312 NA 266 NA 180 NA 147 269 271 118 120 188 191 206 206 NA 290 
Ind91 NA 165 NA 252 359 355 NA 312 NA 278 NA 170 NA 137 NA 265 NA 112 NA 188 NA 206 298 286 
Ind92 NA 157 NA 242 NA 359 308 308 NA 278 174 170 NA 137 271 265 NA 120 NA 188 NA 206 318 284 
Ind93 159 157 246 254 355 339 NA 308 NA 288 NA 178 137 143 269 269 120 124 NA 188 206 206 NA 282 
Ind94 159 161 246 240 355 339 NA 308 NA 288 NA 178 137 143 269 271 120 124 NA 188 206 206 NA 284 
Ind95 173 159 254 242 359 339 NA 312 252 292 NA 176 NA 135 269 259 118 118 191 191 206 200 290 298 
Ind96 167 153 NA 240 359 355 312 308 NA 266 178 170 NA 135 257 275 NA 118 191 191 NA 206 NA 278 
Ind97 167 153 NA 240 359 355 312 308 NA 266 178 170 NA 135 257 267 NA 118 191 191 NA 206 NA 278 
Ind98 NA 159 NA 242 NA 339 NA 308 NA 278 176 178 137 137 NA 265 120 120 191 191 198 206 NA 290 
Ind99 173 159 NA 246 355 355 312 312 288 278 174 178 135 135 NA 271 112 112 NA 191 NA 206 298 306 
Ind100 NA 159 242 242 NA 355 312 308 NA 278 NA 170 NA 133 261 267 NA 120 NA 191 206 214 294 286 
Ind101 NA 165 242 242 NA 355 312 312 NA 252 NA 170 NA 133 261 263 NA 120 NA 191 206 214 294 306 
Ind102 NA 159 242 242 NA 355 312 308 NA 278 NA 170 NA 133 261 263 NA 120 NA 191 206 214 294 286 
Ind103 167 157 NA 240 NA 355 NA 312 NA 278 NA 178 NA 139 NA 271 NA 124 191 191 NA 204 318 294 
Ind104 153 175 NA 246 359 339 312 308 NA 294 NA 164 NA 137 265 271 NA 118 191 191 NA 206 NA 294 
Ind105 153 175 NA 254 359 339 312 308 NA 278 NA 182 NA 137 265 267 NA 118 191 191 NA 206 NA 294 
Ind106 NA 165 NA 242 355 359 NA 308 278 276 NA 168 NA 135 NA 273 NA 124 NA 191 NA 198 NA 294 
Ind107 187 153 242 254 355 355 NA 312 288 272 168 170 137 137 263 275 NA 124 NA 188 NA 214 282 290 
Ind108 151 157 242 242 NA 359 312 312 NA 266 NA 172 139 141 263 269 124 118 NA 191 NA 210 NA 284 
Ind109 153 167 242 240 NA 339 NA 312 NA 278 170 176 NA 137 269 271 124 116 NA 191 NA 206 NA 284 
Ind110 143 153 NA 246 NA 363 308 308 294 288 NA 168 137 133 299 263 NA 120 NA 191 NA 206 282 282 
Ind111 173 157 NA 246 NA 359 NA 308 NA 248 NA 168 135 137 NA 267 NA 112 191 188 NA 206 318 282 
Ind112 173 157 NA 242 NA 359 NA 312 NA 288 NA 168 135 135 NA 267 NA 118 191 188 NA 198 318 282 
Ind113 173 173 NA 246 NA 359 NA 312 NA 288 NA 170 135 137 NA 267 NA 112 191 188 NA 198 318 282 
Ind114 NA 153 NA 246 355 339 NA 312 NA 278 NA 170 NA 135 NA 267 NA 120 NA 191 206 214 NA 300 
Ind115 NA 171 NA 242 359 355 304 308 NA 248 164 166 135 135 NA 267 124 118 191 185 206 204 NA 306 
Ind116 173 171 252 240 NA 355 NA 308 NA 278 NA 168 137 135 NA 261 124 120 NA 191 NA 206 290 286 
Ind117 169 175 NA 242 NA 355 312 308 NA 272 NA 174 NA 135 NA 275 NA 112 NA 191 NA 204 NA 280 
Ind118 NA 169 242 240 NA 359 312 312 NA 272 NA 168 NA 137 NA 269 118 120 NA 188 210 210 NA 290 
Ind119 NA 171 NA 246 339 355 NA 312 NA 278 170 164 137 133 NA 269 124 118 NA 188 NA 238 NA 294 
Ind120 187 157 NA 246 355 355 NA 312 298 294 NA 168 NA 143 NA 271 120 124 NA 191 238 206 298 300 
Ind121 NA 157 NA 240 NA 355 NA 312 296 288 NA 164 135 143 NA 265 118 124 185 191 NA 206 NA 292 
Ind122 NA 173 246 246 355 355 NA 312 NA 298 NA 176 NA 135 NA 267 NA 124 191 200 188 210 306 294 
Ind123 NA 159 NA 246 NA 355 NA 312 288 272 178 168 NA 137 NA 265 116 120 NA 191 NA 198 NA 290 
Ind124 NA 157 246 242 355 355 312 308 288 272 NA 176 135 135 269 263 NA 124 NA 191 NA 206 298 298 
Ind125 157 153 238 240 355 355 NA 312 278 252 170 172 143 141 NA 265 NA 124 NA 191 NA 206 NA 278 
Ind126 163 143 NA 240 359 339 NA 308 NA 286 NA 170 135 137 NA 267 NA 124 188 191 NA 200 294 300 
Ind127 NA 177 252 240 359 339 NA 312 NA 278 170 168 NA 135 NA 259 120 122 NA 191 NA 206 300 318 
Ind128 NA 153 252 240 359 355 NA 312 NA 258 170 168 NA 135 NA 263 120 122 NA 191 NA 206 300 318 
Ind129 NA 153 252 240 359 355 NA 312 NA 258 170 168 NA 137 NA 259 120 116 NA 191 NA 198 300 318 
Ind130 NA 161 242 254 NA 355 NA 312 272 258 NA 184 NA 135 NA 269 NA 120 NA 191 198 206 280 292 
Ind131 NA 161 242 240 NA 355 NA 312 272 258 NA 184 NA 135 NA 285 NA 120 NA 191 198 206 280 286 
Ind132 NA 163 242 248 359 355 NA 308 NA 288 168 168 NA 137 NA 265 NA 112 NA 191 NA 206 NA 286 
Ind133 NA 157 NA 242 NA 355 NA 308 NA 252 NA 170 147 137 NA 259 NA 120 188 188 NA 210 NA 306 
Ind134 157 173 240 246 NA 355 308 308 NA 252 172 172 NA 135 NA 267 112 126 NA 188 238 206 292 298 
Ind135 NA 163 NA 240 355 359 312 312 248 278 NA 176 NA 137 NA 267 NA 124 NA 188 206 210 318 300 
Ind136 NA 143 NA 240 NA 359 308 312 NA 296 168 164 135 135 NA 275 NA 116 191 188 NA 204 NA 280 
Ind137 NA 143 NA 240 NA 355 308 312 NA 296 168 176 135 133 NA 275 NA 118 191 200 NA 206 NA 280 
Ind138 NA 157 254 240 NA 355 NA 312 278 286 NA 172 137 139 267 267 116 118 NA 194 NA 204 NA 286 
Ind139 167 169 NA 242 355 355 NA 308 286 272 170 178 137 137 NA 267 120 120 185 191 198 206 NA 292 
Ind140 167 169 NA 246 355 355 NA 312 286 272 170 178 137 135 NA 267 120 118 185 191 198 204 NA 292 
Ind141 NA 171 NA 242 NA 359 NA 308 252 272 170 172 NA 147 NA 265 NA 116 NA 188 NA 212 NA 290 
Ind142 171 155 NA 242 NA 355 NA 312 NA 278 174 170 137 147 271 263 NA 124 NA 188 NA 206 286 318 
Ind143 169 173 NA 240 NA 355 308 312 NA 292 NA 168 NA 139 271 269 NA 124 191 191 NA 208 292 318 
Ind144 157 157 NA 246 339 339 NA 312 NA 278 NA 174 NA 135 257 265 NA 122 NA 191 200 206 NA 282 
Ind145 157 157 NA 246 339 339 NA 312 NA 294 NA 174 NA 135 257 265 NA 122 NA 191 200 206 NA 288 
Ind146 NA 167 NA 246 NA 355 NA 312 286 306 NA 168 NA 137 NA 263 NA 116 NA 191 NA 206 284 280 
Ind147 NA 157 NA 240 NA 355 NA 312 286 306 NA 168 NA 137 NA 257 NA 116 NA 188 NA 206 284 290 
Ind148 NA 157 NA 240 NA 355 312 312 NA 272 NA 170 139 137 NA 261 NA 130 191 191 212 198 292 306 
Ind149 NA 157 NA 240 NA 355 312 312 NA 272 NA 170 139 135 NA 265 NA 130 191 191 212 206 292 292 
Ind150 NA 157 NA 242 NA 355 NA 312 NA 278 NA 174 NA 133 267 303 112 124 NA 191 NA 214 NA 282 
Ind151 169 175 240 254 355 359 NA 308 NA 272 NA 168 133 141 NA 261 120 124 NA 191 NA 198 318 284 
Ind152 157 165 NA 244 NA 359 NA 308 NA 278 168 176 NA 135 267 271 NA 120 191 191 198 204 NA 292 
Ind153 155 157 NA 242 359 355 308 308 NA 278 172 168 NA 141 NA 275 NA 118 NA 191 206 198 NA 294 
Ind154 155 173 NA 242 359 355 308 308 NA 278 172 168 NA 141 NA 263 NA 126 NA 191 206 204 NA 294 
Ind155 157 175 NA 242 NA 339 NA 312 278 278 182 176 141 137 NA 265 NA 120 NA 191 NA 198 NA 308 
Ind156 157 175 NA 242 NA 339 NA 312 278 294 182 176 141 137 NA 265 NA 120 NA 191 NA 206 NA 308 
Ind157 NA 167 NA 246 NA 359 312 308 252 252 176 170 135 141 NA 271 116 120 NA 188 NA 210 NA 294 
Ind158 NA 167 NA 238 NA 359 312 308 252 252 176 176 135 137 NA 259 116 120 NA 191 NA 198 NA 294 
Ind159 NA 169 NA 248 NA 355 NA 312 252 328 176 168 NA 135 269 263 NA 120 191 191 NA 198 294 300 
Ind160 171 169 NA 240 355 355 NA 308 NA 272 NA 178 137 137 NA 263 NA 124 200 191 208 206 NA 290 
Ind161 NA 161 NA 254 359 363 NA 312 NA 252 NA 170 NA 141 265 263 120 112 191 191 NA 198 294 282 
Ind162 NA 173 NA 254 359 359 NA 312 NA 252 NA 164 NA 141 265 263 120 124 191 191 NA 206 294 290 
Ind163 NA 157 NA 242 NA 355 NA 312 NA 286 NA 168 NA 135 265 265 NA 112 191 191 204 206 284 318 
Ind164 NA 157 NA 242 NA 355 NA 312 NA 286 NA 174 NA 135 265 265 NA 112 191 191 204 206 284 292 
Ind165 165 157 242 242 355 359 NA 308 NA 278 176 164 NA 135 NA 259 NA 124 200 191 204 206 NA 308 
Ind166 NA 179 NA 240 355 355 NA 308 278 286 NA 174 NA 135 273 267 NA 124 188 191 206 204 NA 284 
Ind167 NA 167 252 240 355 355 NA 312 NA 272 170 164 NA 135 263 269 NA 112 NA 191 206 206 NA 284 
Ind168 NA 171 NA 242 NA 339 NA 312 278 296 NA 164 143 135 261 271 118 120 191 191 204 206 NA 292 
Ind169 NA 169 NA 240 359 359 NA 312 NA 278 170 166 137 137 NA 263 NA 118 NA 191 NA 206 NA 292 
Ind170 NA 157 NA 254 NA 355 NA 308 NA 298 168 170 NA 137 NA 271 NA 124 NA 200 NA 206 278 308 
Ind171 165 157 NA 242 NA 359 308 308 NA 248 170 170 NA 135 267 267 124 124 NA 191 238 206 NA 282 
Ind172 165 157 NA 244 NA 359 308 308 NA 272 170 170 NA 135 267 271 124 112 NA 191 238 206 NA 284 
Ind173 171 157 242 242 359 355 NA 308 NA 278 172 170 133 133 NA 267 NA 124 NA 191 206 206 NA 290 
Ind174 171 163 242 242 359 339 NA 308 NA 278 172 170 133 141 NA 267 NA 120 NA 191 206 206 NA 290 
Ind175 NA 181 NA 278 355 355 NA 308 NA 272 NA 174 NA 133 267 265 NA 112 NA 191 NA 206 294 286 
Ind176 161 157 242 254 355 359 308 312 NA 278 168 170 NA 139 NA 299 118 124 NA 191 NA 206 290 284 
Ind177 157 175 NA 242 359 355 312 312 NA 286 NA 178 141 135 NA 265 NA 118 191 191 206 198 NA 294 
Ind178 157 175 NA 240 359 355 312 304 NA 278 NA 170 141 143 NA 265 NA 118 191 191 206 198 NA 282 
Ind179 NA 161 NA 246 355 355 308 312 NA 278 NA 164 NA 133 NA 267 118 124 NA 188 198 206 NA 318 
Ind180 159 169 242 240 NA 355 NA 312 NA 278 170 182 NA 135 275 267 NA 124 191 191 NA 198 NA 282 
Ind181 163 161 NA 246 NA 363 312 308 NA 268 NA 172 139 143 269 269 NA 124 NA 188 208 190 NA 282 
Ind182 163 159 NA 246 NA 355 312 308 NA 268 NA 172 139 143 269 269 NA 120 NA 191 208 190 NA 282 
Ind183 157 167 NA 242 363 355 NA 308 NA 292 NA 170 NA 135 NA 269 NA 120 NA 194 198 206 NA 298 
Ind184 157 161 NA 242 363 355 NA 312 NA 292 NA 170 NA 135 NA 269 NA 120 NA 194 198 206 NA 298 
Ind185 153 155 246 242 NA 355 312 308 296 268 NA 164 135 137 NA 265 NA 120 NA 200 214 206 NA 282 
Ind186 NA 173 254 240 355 355 308 312 NA 298 NA 182 137 133 NA 263 NA 120 NA 191 NA 206 NA 290 
Ind187 NA 159 262 242 NA 355 312 312 NA 278 166 170 NA 135 NA 259 NA 118 NA 191 NA 238 NA 288 
Ind188 NA 157 NA 246 NA 355 308 312 NA 286 NA 170 NA 147 257 275 NA 116 NA 191 NA 206 NA 294 
Ind189 NA 165 242 248 NA 359 NA 312 NA 272 NA 170 137 135 NA 267 116 124 191 191 NA 208 NA 282 
Ind190 NA 165 242 248 NA 359 NA 312 NA 306 NA 172 137 139 NA 265 116 124 191 191 NA 208 NA 282 
Ind191 NA 169 242 248 NA 359 NA 312 NA 272 NA 172 137 135 NA 267 116 124 191 191 NA 198 NA 282 
Ind192 177 183 NA 240 359 355 NA 308 NA 268 NA 168 NA 143 267 259 NA 120 NA 191 NA 214 308 290 
Ind193 NA 163 242 240 NA 355 312 312 NA 288 NA 168 NA 137 NA 263 NA 120 NA 191 NA 206 278 306 
Ind194 NA 173 242 250 NA 355 312 308 268 266 NA 168 NA 135 265 267 NA 126 NA 191 206 206 NA 288 
Ind195 NA 157 246 242 359 355 312 308 NA 278 172 170 NA 135 263 265 NA 120 191 191 198 206 NA 290 
Ind196 169 157 NA 240 NA 359 NA 312 288 258 NA 170 NA 147 261 267 NA 124 188 191 198 206 290 308 
Ind197 169 157 NA 242 NA 359 NA 308 288 272 NA 178 NA 139 261 267 NA 124 188 191 198 198 290 308 
Ind198 155 161 NA 264 NA 355 NA 308 NA 288 172 168 NA 133 265 265 NA 120 NA 191 NA 208 NA 292 
Ind199 167 167 240 242 NA 355 NA 308 278 258 NA 170 NA 133 299 267 118 120 NA 191 NA 206 NA 282 
Ind200 NA 169 NA 246 NA 355 NA 308 NA 288 NA 174 143 133 NA 275 NA 120 NA 191 206 214 292 286 
Ind201 NA 163 NA 240 NA 355 NA 308 268 272 NA 180 137 137 NA 271 NA 124 NA 191 200 206 294 300 
Ind202 171 187 NA 244 NA 355 312 312 272 266 NA 166 NA 135 NA 275 118 124 191 188 NA 206 NA 284 
Ind203 NA 165 NA 250 339 355 NA 312 286 276 NA 166 133 137 NA 265 120 120 NA 191 206 198 NA 278 
Ind204 NA 157 NA 246 339 359 NA 304 252 272 178 176 NA 137 NA 259 NA 112 NA 191 NA 200 NA 292 
Ind205 161 181 NA 246 NA 339 NA 308 NA 252 178 176 133 135 NA 299 NA 120 191 188 NA 198 318 292 
Ind206 157 165 240 246 NA 359 NA 308 NA 290 NA 170 NA 135 NA 267 NA 130 191 191 206 204 NA 298 
Ind207 NA 163 NA 240 359 359 NA 312 NA 306 170 178 NA 137 271 265 NA 120 191 191 NA 206 NA 290 
Ind208 NA 187 NA 252 NA 355 312 308 NA 292 NA 168 NA 137 NA 275 130 120 191 191 214 198 NA 282 
Ind209 169 173 NA 248 355 355 NA 308 NA 278 NA 174 137 137 265 275 NA 130 NA 191 NA 198 NA 282 
Ind210 167 159 NA 246 NA 359 NA 308 NA 278 NA 168 NA 133 271 267 NA 118 191 191 214 212 NA 294 
Ind211 143 157 NA 248 355 339 NA 312 NA 292 NA 174 NA 135 NA 303 NA 120 188 191 206 206 NA 294 
Ind212 NA 169 NA 262 NA 355 NA 308 278 298 NA 170 NA 137 263 265 NA 124 191 191 NA 206 294 284 
Ind213 169 153 NA 240 355 339 NA 308 278 288 NA 176 NA 143 NA 257 118 120 NA 191 NA 208 294 292 
Ind214 NA 153 NA 240 NA 355 312 312 NA 288 NA 176 NA 143 257 265 126 120 NA 191 210 210 NA 286 
Ind215 NA 143 NA 246 NA 355 NA 312 276 298 172 178 NA 137 NA 265 112 118 NA 191 206 198 300 282 
Ind216 163 163 242 240 NA 339 312 312 NA 278 NA 168 NA 143 NA 265 116 116 NA 191 NA 198 NA 294 
Ind217 187 171 NA 240 339 355 NA 312 252 286 174 174 NA 137 263 265 NA 120 191 191 NA 198 290 290 
Ind218 NA 157 NA 260 NA 355 312 312 248 286 NA 168 NA 141 265 265 120 120 NA 191 NA 206 282 282 
Ind219 NA 151 240 242 359 355 NA 308 278 272 NA 170 NA 137 257 267 124 124 191 191 NA 198 292 278 
Ind220 NA 165 246 246 NA 355 NA 308 NA 294 NA 164 137 143 NA 267 NA 112 191 191 204 206 NA 284 
Ind221 NA 165 246 246 NA 355 NA 308 NA 294 NA 164 137 135 NA 267 NA 112 191 191 204 206 NA 284 
Ind222 NA 165 NA 254 NA 355 NA 312 248 252 NA 182 135 135 263 269 124 120 NA 197 NA 208 294 290 
Ind223 173 143 NA 242 355 355 NA 308 NA 286 164 168 NA 135 265 263 NA 116 NA 191 NA 214 NA 292 
Ind224 173 157 NA 242 355 359 NA 308 NA 286 164 168 NA 135 265 263 NA 116 NA 188 NA 214 NA 292 
Ind225 NA 171 NA 242 NA 359 308 308 NA 278 NA 164 NA 137 NA 275 NA 120 NA 191 210 204 282 282 
Ind226 NA 165 246 240 NA 339 308 312 NA 268 NA 176 NA 135 NA 263 120 120 191 191 NA 188 282 286 
Ind227 NA 157 246 242 NA 355 NA 312 NA 274 168 170 137 141 NA 259 NA 112 NA 191 NA 198 NA 292 
Ind228 NA 157 246 242 NA 355 NA 312 NA 248 168 166 137 137 NA 259 NA 124 NA 191 NA 198 NA 294 
Ind229 165 169 278 242 NA 355 308 308 NA 272 NA 172 NA 135 271 271 NA 124 191 191 198 214 292 290 
Ind230 NA 157 NA 242 NA 355 NA 312 NA 268 NA 170 135 141 NA 265 112 120 191 191 NA 198 NA 292 
Ind231 153 177 NA 240 NA 355 NA 312 NA 288 178 164 NA 133 NA 265 NA 120 NA 191 206 206 292 284 
Ind232 NA 169 NA 246 359 359 NA 308 272 298 NA 170 NA 135 NA 271 120 120 NA 200 NA 206 NA 318 
Ind233 NA 169 NA 242 359 355 NA 308 272 248 NA 170 NA 135 NA 267 120 120 NA 200 NA 206 NA 318 
Ind234 NA 171 242 242 NA 355 NA 312 NA 278 NA 168 133 143 NA 265 120 128 NA 191 NA 206 NA 292 
Ind235 155 165 NA 242 NA 355 312 312 NA 268 NA 166 NA 135 267 271 NA 118 191 191 204 206 NA 290 
Ind236 171 167 242 242 355 359 NA 308 286 272 NA 178 NA 135 287 257 120 118 NA 188 NA 198 NA 304 
Ind237 157 171 NA 246 NA 339 NA 308 NA 258 176 170 NA 135 NA 259 NA 120 NA 185 204 206 298 296 
Ind238 NA 143 240 242 NA 355 NA 308 286 278 NA 176 141 143 NA 303 NA 120 NA 191 NA 206 290 294 
Ind239 NA 165 NA 242 355 339 312 312 272 272 178 176 NA 135 NA 281 NA 120 191 191 206 206 NA 290 
Ind240 NA 157 NA 264 355 359 NA 308 288 278 NA 170 NA 137 NA 263 NA 124 NA 191 204 198 NA 294 
Ind241 157 159 246 246 NA 339 NA 308 NA 288 NA 168 141 137 NA 265 124 120 NA 188 190 206 290 282 
Ind242 171 163 240 242 355 355 312 312 NA 294 NA 182 NA 141 NA 267 NA 124 191 191 NA 206 NA 294 
Ind243 NA 173 NA 242 NA 355 NA 308 252 296 NA 170 135 141 NA 267 NA 118 191 191 206 206 NA 288 
Ind244 NA 159 240 246 NA 355 NA 308 NA 298 NA 170 137 137 NA 259 120 130 NA 191 206 200 290 318 
Ind245 NA 173 NA 240 355 359 NA 308 NA 294 NA 170 NA 135 NA 267 118 120 NA 191 NA 206 NA 284 
Ind246 NA 177 242 260 NA 355 NA 312 278 254 NA 172 NA 137 267 265 NA 118 NA 191 206 204 282 280 
Ind247 NA 169 NA 246 NA 339 NA 308 NA 266 176 170 NA 135 267 263 NA 124 NA 191 NA 206 NA 318 
Ind248 NA 155 NA 246 NA 339 NA 308 NA 278 176 170 NA 135 267 263 NA 124 NA 191 NA 206 NA 318 
Ind249 161 171 242 242 355 355 NA 312 NA 296 NA 170 135 137 NA 265 124 120 191 188 208 204 NA 278 
Ind250 157 165 264 242 NA 355 NA 312 NA 248 NA 170 133 139 263 265 130 120 191 191 NA 200 NA 282 
Ind251 NA 157 NA 240 NA 355 NA 312 NA 268 NA 174 137 135 NA 269 NA 120 191 191 206 198 286 290 
Ind252 173 161 NA 242 NA 339 NA 312 268 288 NA 176 NA 141 257 275 NA 120 NA 188 206 190 298 290 
Ind253 NA 167 NA 242 355 359 NA 308 NA 278 NA 170 NA 135 265 269 124 124 NA 191 NA 204 NA 306 
Ind254 NA 167 NA 242 355 359 NA 308 NA 278 NA 170 NA 135 265 267 124 124 NA 191 NA 204 NA 294 
Ind255 NA 173 NA 242 NA 355 NA 308 272 298 NA 172 135 147 NA 275 NA 112 NA 191 NA 200 NA 298 
Ind256 165 173 NA 254 NA 355 NA 304 NA 306 NA 178 NA 135 NA 265 116 120 NA 191 206 198 286 284 
Ind257 NA 157 NA 246 359 355 NA 308 NA 248 168 170 NA 141 NA 263 NA 116 185 191 NA 206 284 306 
Ind258 NA 157 NA 252 NA 355 312 312 NA 266 NA 174 NA 133 NA 267 126 124 191 191 NA 206 294 290 
Ind259 173 183 NA 240 NA 355 NA 308 292 278 NA 172 NA 137 NA 267 NA 124 NA 191 NA 206 308 308 
Ind260 173 159 NA 240 NA 355 NA 312 292 286 NA 172 NA 135 NA 267 NA 124 NA 191 NA 206 308 308 
Ind261 171 169 NA 242 NA 355 NA 308 286 278 176 176 137 139 NA 259 NA 124 191 191 NA 206 NA 294 
Ind262 NA 143 NA 254 NA 339 312 312 NA 248 NA 170 NA 135 269 267 NA 120 NA 191 198 206 NA 292 
Ind263 NA 187 NA 242 363 355 NA 308 258 296 NA 178 141 137 NA 263 120 120 NA 191 NA 206 NA 290 
Ind264 NA 173 NA 246 NA 355 NA 312 248 286 NA 174 139 137 NA 271 118 118 NA 191 206 196 286 292 
Ind265 151 171 NA 242 NA 355 NA 308 NA 248 168 174 135 135 257 265 NA 120 191 191 206 206 282 300 
Ind266 NA 167 NA 242 NA 363 308 312 NA 288 NA 178 135 133 267 267 NA 124 191 191 NA 206 NA 318 
Ind267 NA 157 242 246 359 355 NA 312 NA 278 170 166 NA 135 269 257 NA 124 NA 191 206 198 NA 286 
Ind268 NA 157 240 242 NA 355 312 308 288 278 NA 170 NA 135 NA 267 120 120 NA 191 198 210 318 318 
Ind269 171 153 NA 246 NA 355 NA 308 252 288 178 166 NA 147 NA 263 NA 120 191 191 206 208 NA 306 
Ind270 NA 157 246 242 NA 355 312 312 248 286 NA 166 NA 141 NA 271 120 130 NA 188 NA 198 NA 308 
Ind271 165 161 NA 242 NA 339 NA 308 286 278 NA 176 137 141 NA 265 NA 124 188 191 NA 204 NA 294 
Ind272 165 155 NA 242 NA 359 NA 312 286 278 NA 176 137 141 NA 265 NA 124 188 191 NA 204 NA 294 
Ind273 165 155 NA 248 NA 339 NA 308 286 278 NA 176 137 141 NA 267 NA 124 188 191 NA 204 NA 286 
Ind274 165 161 NA 246 NA 355 NA 308 NA 278 178 170 NA 137 NA 265 NA 126 188 188 NA 206 294 294 
Ind275 157 155 NA 248 363 355 NA 312 286 288 NA 176 135 143 275 259 NA 120 188 188 NA 210 NA 282 
Ind276 NA 161 NA 278 363 355 NA 312 258 272 NA 170 NA 143 NA 271 118 124 NA 191 NA 200 NA 318 
Ind277 NA 155 NA 242 NA 355 NA 312 NA 278 NA 170 141 137 NA 271 NA 112 191 185 206 206 NA 298 
Ind278 153 163 NA 238 355 355 NA 308 NA 288 NA 170 NA 135 NA 269 NA 120 NA 191 NA 198 282 290 
Ind279 NA 165 242 242 355 363 308 312 NA 298 168 166 135 135 275 265 124 116 185 191 NA 206 NA 298 
Ind280 NA 177 NA 248 NA 359 NA 312 298 272 NA 178 NA 143 273 275 130 120 NA 191 NA 206 282 300 
Ind281 163 169 246 240 NA 355 NA 312 278 278 178 164 NA 143 NA 267 NA 120 NA 191 NA 198 NA 284 
Ind282 163 169 246 240 NA 355 NA 312 278 278 178 172 NA 135 NA 275 NA 120 NA 188 NA 198 NA 284 
Ind283 177 165 242 246 355 359 NA 312 288 272 168 170 NA 133 267 269 NA 120 NA 191 206 214 300 294 
Ind284 157 157 252 244 355 359 NA 312 NA 252 NA 182 NA 141 NA 269 NA 124 NA 191 198 198 NA 286 
Ind285 NA 153 246 242 NA 355 NA 308 278 266 NA 170 NA 135 NA 265 120 116 NA 200 198 190 NA 320 
Ind286 NA 165 NA 240 NA 355 NA 312 NA 278 174 176 NA 137 NA 267 NA 120 NA 185 NA 206 NA 292 
Ind287 NA 153 NA 246 355 359 NA 312 278 252 NA 170 NA 133 263 267 NA 112 191 191 NA 206 292 308 
Ind288 NA 153 NA 240 355 359 NA 312 278 252 NA 170 NA 133 263 267 NA 112 191 191 NA 206 292 294 
Ind289 NA 169 NA 242 NA 339 NA 312 NA 298 NA 176 137 135 NA 275 NA 124 188 191 NA 206 NA 294 
Ind290 157 169 NA 240 NA 355 312 312 NA 268 NA 168 137 135 NA 271 NA 124 191 191 NA 206 NA 278 
Ind291 157 175 NA 240 NA 355 312 312 NA 278 NA 168 137 135 NA 269 NA 124 191 191 NA 206 NA 278 
Ind292 NA 169 NA 246 NA 355 312 312 288 266 NA 170 NA 135 NA 267 112 118 191 194 NA 198 NA 304 
Ind293 NA 143 NA 246 NA 355 NA 308 NA 278 168 176 137 137 NA 271 124 116 NA 191 206 210 NA 282 
Ind294 NA 175 242 240 339 355 NA 312 276 278 NA 170 133 135 NA 267 NA 124 NA 191 NA 198 NA 292 
Ind295 NA 155 NA 242 NA 339 NA 312 NA 298 170 176 143 143 265 259 112 120 191 191 206 208 NA 286 
Ind296 NA 155 NA 240 NA 355 NA 312 NA 286 168 178 141 135 NA 265 NA 124 191 191 NA 206 NA 294 
Ind297 NA 157 252 242 NA 363 NA 312 274 272 NA 166 135 135 NA 303 NA 120 191 191 NA 208 NA 288 
Ind298 161 183 NA 242 NA 355 NA 312 NA 294 168 170 133 141 NA 269 NA 116 191 191 206 206 288 306 
Ind299 NA 157 264 240 339 359 NA 308 NA 306 170 170 137 135 NA 265 NA 118 191 188 NA 238 NA 288 
Ind300 NA 157 264 240 339 359 NA 312 NA 298 170 176 137 135 NA 269 NA 112 191 188 NA 238 NA 288 
Ind301 NA 153 NA 242 NA 355 NA 312 NA 294 NA 170 141 137 NA 271 116 124 NA 188 NA 198 NA 292 
Ind302 173 157 242 250 NA 355 NA 308 248 278 NA 170 143 137 NA 263 NA 116 NA 191 NA 206 298 280 
Ind303 NA 169 246 242 355 339 NA 312 288 288 170 168 NA 141 267 285 NA 122 NA 191 238 198 NA 290 
Ind304 NA 157 242 246 355 355 NA 312 NA 266 178 170 NA 135 267 267 NA 126 NA 191 NA 206 NA 288 
Ind305 161 171 NA 242 355 355 312 312 NA 266 NA 170 NA 135 NA 259 NA 118 NA 191 NA 206 282 308 
Ind306 161 165 NA 242 355 359 312 312 NA 268 NA 170 NA 143 NA 269 NA 118 NA 191 NA 198 282 308 
Ind307 161 165 NA 242 355 359 312 312 NA 268 NA 170 NA 135 NA 259 NA 118 NA 191 NA 206 282 308 
Ind308 157 179 246 244 359 355 308 312 NA 276 NA 164 NA 133 NA 267 116 120 191 191 206 204 280 290 
Ind309 NA 161 NA 254 355 355 NA 312 NA 278 NA 170 135 143 265 275 NA 118 NA 191 NA 206 294 294 
Ind310 NA 169 NA 240 NA 355 308 308 NA 298 NA 170 NA 135 NA 267 NA 130 191 191 NA 206 284 306 
Ind311 NA 169 NA 240 NA 355 308 312 NA 266 NA 170 NA 135 NA 267 NA 130 191 188 NA 206 284 306 
Ind312 NA 171 NA 248 359 355 NA 308 NA 268 NA 176 135 141 263 263 120 120 NA 191 206 198 282 306 
Ind313 NA 153 NA 248 359 363 NA 312 NA 268 NA 176 135 147 263 269 120 120 NA 191 206 198 282 286 
Ind314 NA 169 252 238 NA 359 NA 308 NA 292 NA 170 NA 137 NA 273 112 126 NA 191 NA 198 288 294 
Ind315 NA 169 252 238 NA 359 NA 308 NA 278 NA 176 NA 137 NA 273 112 126 NA 191 NA 208 288 294 
Ind316 NA 161 244 242 359 355 312 312 268 298 170 164 NA 135 NA 265 NA 112 191 191 NA 198 NA 284 
Ind317 NA 171 NA 246 NA 355 312 308 NA 272 NA 180 NA 137 NA 267 120 124 NA 188 NA 204 NA 286 
Ind318 NA 175 248 240 355 355 308 312 NA 278 NA 168 NA 143 NA 259 124 120 NA 200 206 206 282 292 
Ind319 NA 153 248 248 355 355 308 308 NA 278 NA 168 NA 137 NA 259 124 118 NA 200 206 206 282 292 
Ind320 NA 175 248 248 355 355 308 312 NA 278 NA 168 NA 137 NA 259 124 118 NA 188 206 206 282 292 
Ind321 NA 169 NA 254 355 355 308 308 278 278 NA 170 NA 139 NA 267 118 120 NA 191 206 206 NA 284 
Ind322 171 171 NA 242 NA 359 NA 312 NA 298 NA 172 NA 133 NA 269 120 124 NA 188 NA 206 NA 286 
Ind323 NA 153 NA 264 359 355 NA 312 NA 278 NA 170 NA 135 275 271 124 120 NA 191 NA 198 NA 290 
Ind324 NA 165 238 248 355 355 NA 312 NA 272 170 168 133 135 265 275 NA 124 NA 191 NA 206 290 282 
Ind325 NA 171 242 254 NA 359 NA 312 248 268 NA 170 NA 133 259 269 NA 124 NA 191 206 210 NA 290 
Ind326 NA 159 NA 278 355 355 NA 312 NA 278 NA 170 NA 133 NA 265 NA 118 NA 188 204 206 304 290 
Ind327 157 157 NA 242 NA 355 312 312 278 248 NA 170 NA 135 NA 259 124 120 191 191 NA 206 NA 308 
Ind328 NA 159 NA 248 355 359 NA 312 276 272 168 168 135 137 261 267 120 122 NA 191 NA 198 278 288 
Ind329 183 177 NA 240 NA 355 NA 312 298 278 170 170 NA 141 NA 263 NA 120 NA 191 206 206 NA 282 
Ind330 181 159 NA 264 NA 355 NA 312 NA 296 NA 170 NA 135 NA 263 NA 116 NA 191 198 198 284 288 
Ind331 NA 157 238 246 NA 363 308 312 272 294 164 178 NA 137 261 269 NA 124 191 188 NA 210 306 284 
Ind332 NA 157 238 246 NA 359 308 312 272 294 164 178 NA 137 261 269 NA 120 191 191 NA 210 306 284 
Ind333 171 153 240 240 NA 363 NA 308 NA 298 NA 172 NA 135 271 263 NA 120 188 191 NA 206 NA 308 
Ind334 171 153 240 240 NA 363 NA 312 NA 298 NA 172 NA 135 271 263 NA 120 188 191 NA 214 NA 284 
Ind335 171 173 240 240 NA 363 NA 312 NA 298 NA 172 NA 135 271 263 NA 120 188 191 NA 206 NA 308 
Ind336 161 165 252 246 NA 355 312 312 NA 278 164 172 NA 139 NA 275 NA 124 191 191 NA 206 NA 294 
Ind337 NA 167 NA 242 NA 339 NA 308 NA 278 NA 178 137 135 NA 271 124 118 191 200 NA 206 NA 298 
Ind338 153 171 NA 244 NA 339 312 312 NA 248 NA 176 NA 137 NA 269 NA 124 NA 191 206 196 NA 294 
Ind339 NA 155 NA 242 NA 355 NA 312 NA 278 NA 168 NA 137 NA 257 120 118 NA 191 NA 204 282 292 
Ind340 NA 157 250 240 NA 355 NA 312 NA 292 178 176 127 135 NA 269 130 124 194 191 198 206 NA 290 
Ind341 NA 177 264 254 359 355 NA 312 NA 248 NA 172 135 141 NA 271 120 130 NA 191 NA 198 NA 282 
Ind342 NA 157 264 254 359 355 NA 312 NA 278 NA 172 135 141 NA 269 120 130 NA 191 NA 206 NA 282 
Ind343 NA 163 242 238 NA 355 308 308 NA 278 NA 172 NA 135 NA 275 NA 118 NA 188 NA 200 292 290 
Ind344 NA 157 NA 248 355 339 308 312 NA 266 NA 168 NA 135 271 275 NA 116 NA 191 NA 206 294 294 
Ind345 NA 157 NA 248 355 339 308 312 NA 266 NA 168 NA 135 271 275 NA 116 NA 191 NA 198 294 300 
Ind346 NA 157 NA 246 355 359 308 308 NA 272 NA 168 NA 135 271 275 NA 120 NA 191 NA 206 294 294 
Ind347 167 157 NA 242 NA 359 NA 312 NA 248 NA 168 141 141 NA 263 NA 120 200 191 NA 204 282 282 
Ind348 NA 175 NA 244 355 355 NA 308 NA 296 NA 172 NA 137 263 267 124 120 191 185 NA 206 NA 292 
Ind349 153 143 NA 242 NA 355 NA 308 272 272 172 170 143 135 NA 265 116 118 NA 188 198 206 NA 282 
Ind350 153 159 NA 242 NA 355 NA 312 272 272 172 168 143 135 NA 265 116 118 NA 188 198 206 NA 284 
Ind351 NA 167 NA 240 NA 355 NA 312 272 278 178 170 137 137 NA 259 124 112 191 191 NA 214 NA 290 
Ind352 NA 173 242 254 359 355 312 308 NA 278 NA 170 135 135 269 271 124 124 191 191 NA 206 306 290 
Ind353 NA 173 NA 246 NA 355 NA 308 NA 292 170 168 143 137 NA 267 124 118 191 188 206 206 308 318 
Ind354 NA 143 NA 242 355 355 312 308 268 288 176 168 NA 107 NA 269 NA 118 191 191 NA 198 NA 298 
Ind355 NA 159 NA 240 355 355 NA 304 NA 278 166 178 NA 141 NA 269 120 120 191 191 NA 204 282 306 
Ind356 169 177 248 278 NA 355 312 308 248 278 NA 168 NA 139 269 269 NA 124 NA 191 198 206 NA 280 
Ind357 NA 169 248 238 NA 355 308 308 294 252 NA 174 NA 135 NA 269 NA 116 NA 191 200 214 NA 288 
Ind358 165 175 246 248 NA 355 312 312 292 278 NA 168 NA 143 NA 269 NA 116 NA 191 NA 198 NA 308 
Ind359 NA 143 NA 246 NA 355 312 308 278 278 172 182 135 135 NA 275 NA 126 NA 185 NA 190 NA 292 
Ind360 NA 143 NA 246 NA 355 312 308 278 278 172 182 135 133 NA 263 NA 120 NA 191 NA 190 NA 292 
Ind361 NA 143 NA 246 NA 355 312 308 278 278 172 170 135 135 NA 263 NA 120 NA 191 NA 190 NA 292 
Ind362 NA 171 NA 242 355 355 NA 312 286 272 176 168 135 135 NA 259 120 120 NA 191 206 204 282 284 
Ind363 173 157 NA 252 NA 355 NA 312 NA 272 NA 176 NA 137 NA 263 NA 116 NA 191 NA 206 NA 290 
Ind364 159 159 NA 242 339 359 312 312 NA 298 NA 170 NA 141 263 271 NA 118 NA 194 NA 206 294 278 
Ind365 NA 143 NA 242 NA 359 NA 312 NA 248 170 176 NA 135 NA 275 NA 120 188 191 206 200 278 294 
Ind366 157 167 242 254 355 359 312 312 252 272 NA 176 NA 135 NA 269 NA 124 NA 191 NA 198 292 278 
Ind367 NA 169 NA 242 NA 339 308 312 268 258 170 170 NA 135 NA 259 130 118 NA 191 NA 206 NA 282 
Ind368 NA 157 NA 240 NA 355 NA 308 NA 278 NA 178 147 143 263 263 124 126 191 191 204 198 NA 284 
Ind369 NA 173 246 278 339 363 NA 312 NA 298 172 172 133 135 NA 263 NA 124 NA 191 NA 206 290 306 
Ind370 NA 165 242 240 355 359 312 312 248 278 NA 164 NA 143 259 263 NA 124 NA 191 NA 206 NA 300 
Ind371 153 157 NA 240 355 355 312 312 286 278 172 170 NA 143 271 265 NA 130 NA 191 NA 210 290 298 
Ind372 NA 165 NA 242 NA 355 NA 312 278 258 NA 170 NA 137 269 299 130 124 191 188 NA 198 NA 308 
Ind373 157 171 NA 242 NA 355 312 312 NA 278 NA 178 143 137 NA 259 120 122 NA 191 NA 204 282 282 
Ind374 NA 177 NA 278 359 339 NA 312 NA 278 178 164 135 141 271 267 NA 116 185 191 206 238 290 318 
Ind375 159 165 NA 242 363 359 308 308 272 258 170 184 NA 137 NA 267 NA 120 NA 191 206 206 304 306 
Ind376 169 169 NA 242 NA 359 NA 312 252 306 NA 168 133 137 269 271 NA 130 191 191 210 204 NA 282 
Ind377 151 157 NA 240 NA 359 308 312 NA 278 NA 168 141 141 NA 267 NA 124 188 194 208 206 NA 306 
Ind378 NA 155 NA 240 359 355 NA 312 NA 252 NA 178 NA 135 NA 267 NA 118 NA 191 NA 206 306 290 
Ind379 157 153 NA 250 NA 355 312 312 NA 250 NA 176 NA 135 NA 267 NA 118 NA 188 206 214 NA 298 
Ind380 169 157 242 248 355 339 NA 312 NA 266 176 172 NA 137 267 263 120 120 NA 200 NA 196 286 300 
Ind381 153 153 NA 242 NA 355 312 312 NA 272 164 176 NA 137 267 259 130 120 NA 191 NA 198 NA 318 
Ind382 NA 167 242 252 355 355 312 312 NA 278 NA 170 143 141 NA 303 NA 120 185 191 NA 238 292 290 
Ind383 NA 175 NA 254 NA 359 312 308 NA 272 NA 170 NA 141 NA 269 124 120 NA 191 206 206 286 292 
Ind384 NA 161 NA 242 NA 355 NA 304 NA 278 NA 170 135 137 NA 259 NA 122 NA 191 NA 204 NA 298 
Ind385 NA 175 NA 240 NA 355 308 312 288 278 NA 172 NA 137 NA 275 NA 120 NA 188 256 206 NA 300 
Ind386 157 155 NA 254 NA 359 312 308 248 278 NA 172 137 135 267 265 NA 124 NA 191 NA 210 NA 304 
Ind387 NA 177 NA 242 NA 359 NA 308 NA 278 NA 170 135 135 259 267 120 118 NA 191 NA 206 318 280 
Ind388 NA 143 238 262 359 355 312 308 244 278 NA 178 NA 135 NA 263 112 130 NA 191 NA 206 290 282 
Ind389 NA 157 240 246 NA 355 NA 312 NA 278 NA 166 133 139 NA 275 NA 124 NA 191 NA 206 292 308 
Ind390 157 157 254 240 355 355 NA 312 NA 272 NA 170 NA 135 NA 267 120 124 NA 191 204 214 NA 292 
Ind391 NA 157 242 240 NA 355 312 312 NA 298 164 176 135 135 275 265 NA 120 NA 188 NA 198 NA 288 
Ind392 NA 157 NA 248 NA 359 308 312 NA 272 NA 170 NA 141 NA 271 118 118 NA 191 NA 206 NA 280 
Ind393 NA 157 240 246 359 359 312 304 NA 286 NA 170 NA 143 265 269 NA 122 NA 191 NA 214 NA 278 
Ind394 169 173 242 242 339 359 312 312 288 268 168 170 NA 141 259 269 NA 116 NA 191 NA 198 NA 294 
Ind395 NA 161 240 240 363 355 NA 308 288 286 180 168 NA 135 303 263 124 126 NA 191 202 208 NA 288 
Ind396 NA 171 240 254 363 339 NA 304 288 266 180 168 NA 147 303 267 124 120 NA 191 202 208 NA 288 
Ind397 157 157 240 238 NA 339 NA 308 NA 272 NA 176 NA 141 NA 263 118 124 191 191 206 204 292 288 
Ind398 151 157 NA 240 NA 355 NA 308 288 288 NA 168 143 137 NA 265 NA 120 NA 188 206 206 282 318 
Ind399 153 171 NA 240 NA 355 NA 312 278 298 NA 170 NA 135 NA 267 NA 112 NA 188 206 196 290 290 
Ind400 177 171 NA 240 NA 355 312 312 272 276 170 170 NA 143 259 267 NA 112 NA 191 198 206 NA 290 
Ind401 153 161 NA 240 339 355 NA 312 272 296 NA 164 NA 135 275 269 124 116 188 188 204 204 NA 282 
Ind402 177 159 NA 242 NA 339 NA 312 NA 288 NA 170 NA 135 267 269 124 124 191 191 198 206 NA 298 
Ind403 153 167 264 242 NA 359 NA 312 NA 278 NA 178 NA 135 NA 269 NA 122 188 188 196 210 290 298 
Ind404 155 157 240 242 NA 355 NA 308 NA 270 180 168 NA 141 267 275 112 120 NA 191 206 206 NA 284 
Ind405 155 165 240 246 NA 355 NA 308 NA 270 180 168 NA 133 267 257 112 124 NA 191 206 206 NA 282 
Ind406 NA 157 NA 242 NA 359 308 312 298 248 180 182 139 135 NA 263 NA 124 NA 191 NA 198 NA 294 
Ind407 NA 165 NA 238 355 363 308 312 298 292 NA 164 137 135 NA 263 124 120 NA 191 210 198 290 282 
Ind408 151 157 NA 242 351 355 NA 312 276 248 NA 170 NA 135 263 263 NA 116 NA 191 NA 198 302 318 
Ind409 NA 173 246 248 NA 359 312 312 NA 296 178 172 143 137 NA 263 118 126 188 191 NA 198 NA 300 
Ind410 NA 157 NA 278 363 339 NA 312 NA 258 NA 178 NA 137 NA 267 124 126 191 191 NA 206 302 282 
Ind411 157 153 NA 244 NA 359 308 312 NA 252 176 178 137 143 267 267 124 130 NA 191 206 206 NA 284 
Ind412 NA 153 NA 242 NA 339 312 312 288 278 NA 170 NA 143 265 267 120 116 NA 188 NA 198 294 292 
Ind413 NA 153 NA 246 NA 339 312 312 288 328 NA 170 NA 143 265 267 120 116 NA 191 NA 198 294 292 
Ind414 NA 157 NA 242 355 355 NA 312 NA 272 NA 168 NA 135 NA 267 NA 120 191 191 NA 206 NA 282 
Ind415 NA 155 238 240 NA 355 NA 312 NA 278 NA 178 NA 135 NA 269 NA 120 NA 191 208 212 NA 298 
Ind416 171 159 NA 242 351 355 NA 312 266 298 182 178 135 137 NA 265 NA 118 188 188 NA 206 NA 282 
Ind417 NA 161 242 242 NA 355 NA 308 278 276 NA 170 137 135 265 267 118 116 191 191 NA 206 290 280 
Ind418 173 171 242 242 NA 355 NA 308 NA 278 NA 170 NA 135 NA 263 124 124 NA 188 210 206 NA 300 
Ind419 159 163 NA 246 NA 355 NA 308 NA 276 NA 180 137 135 NA 271 NA 118 NA 191 206 204 286 278 
Ind420 157 157 242 240 359 355 NA 312 NA 278 178 174 NA 141 NA 263 NA 124 191 191 206 200 NA 292 
Ind421 177 173 NA 242 NA 359 NA 308 NA 268 168 178 NA 135 NA 273 124 118 NA 191 NA 198 282 286 
Ind422 NA 157 242 242 NA 355 NA 308 NA 278 NA 176 135 137 NA 265 NA 130 191 191 NA 204 290 282 
Ind423 157 179 NA 242 NA 355 308 308 NA 272 NA 176 137 137 NA 265 118 120 191 191 NA 196 NA 288 
Ind424 NA 171 NA 254 NA 355 312 308 NA 288 164 168 141 137 275 265 NA 124 NA 191 198 190 292 278 
Ind425 177 153 NA 242 NA 355 312 312 248 278 NA 178 NA 135 NA 263 124 120 NA 188 204 204 288 290 
Ind426 157 151 NA 246 NA 355 312 312 NA 272 164 172 NA 137 NA 271 NA 120 NA 188 198 198 290 284 
Ind427 183 171 242 254 355 355 NA 312 NA 296 NA 176 NA 135 NA 267 124 120 NA 191 NA 198 NA 294 
Ind428 NA 175 242 240 363 359 NA 312 278 294 168 174 NA 137 NA 257 124 130 NA 191 NA 214 298 294 
Ind429 153 173 240 242 359 359 308 312 NA 298 168 178 NA 135 NA 267 NA 112 191 191 NA 206 288 282 
Ind430 163 153 254 242 NA 355 NA 312 NA 278 170 172 135 143 NA 265 114 120 191 188 206 190 NA 306 
Ind431 NA 165 NA 242 339 339 NA 312 252 252 172 170 NA 135 263 267 NA 120 NA 191 208 206 NA 286 
Ind432 NA 167 NA 242 355 359 NA 308 278 304 NA 168 NA 143 259 267 NA 120 NA 185 NA 206 NA 286 
Ind433 NA 157 NA 242 NA 363 NA 312 NA 268 NA 170 137 135 NA 273 NA 116 NA 191 212 198 284 282 
Ind434 NA 157 NA 238 NA 363 NA 312 NA 268 NA 170 137 143 NA 267 NA 116 NA 191 212 198 284 300 
Ind435 157 157 246 242 NA 355 NA 312 NA 278 NA 168 141 143 265 267 112 116 NA 191 198 198 NA 288 
Ind436 NA 173 NA 278 359 355 NA 312 298 288 NA 180 NA 137 265 263 NA 112 188 191 206 206 NA 282 
Ind437 NA 169 NA 246 NA 355 NA 308 NA 278 NA 170 141 135 NA 275 NA 124 191 191 NA 198 NA 308 
Ind438 NA 173 NA 246 NA 355 NA 308 NA 278 NA 170 141 137 NA 275 NA 116 191 191 NA 198 NA 306 
Ind439 NA 159 NA 242 NA 339 NA 312 NA 278 176 170 143 135 275 265 NA 118 NA 191 206 198 NA 288 
Ind440 NA 143 NA 246 359 355 NA 312 272 270 NA 172 139 135 NA 267 NA 124 NA 191 198 210 NA 294 
Ind441 NA 167 NA 246 359 359 NA 312 272 270 NA 172 139 135 NA 267 NA 124 NA 191 198 210 NA 294 
Ind442 NA 157 NA 246 NA 355 NA 312 NA 288 NA 166 NA 137 NA 267 120 120 NA 191 NA 206 NA 306 
Ind443 167 157 NA 240 355 355 NA 312 NA 278 NA 178 143 137 NA 275 124 118 NA 191 NA 200 NA 306 
Ind444 167 173 NA 240 355 359 NA 312 NA 278 NA 178 143 133 NA 271 124 120 NA 191 NA 204 NA 306 
Ind445 167 173 NA 240 355 355 NA 312 NA 278 NA 164 143 137 NA 275 124 118 NA 191 NA 200 NA 292 
Ind446 NA 161 NA 242 NA 339 312 308 NA 248 NA 170 135 143 NA 271 NA 122 NA 191 NA 198 298 282 
Ind447 NA 165 NA 242 NA 355 312 308 NA 276 NA 170 135 141 NA 271 NA 122 NA 191 NA 198 298 280 
Ind448 171 157 NA 242 359 355 308 312 278 278 NA 178 139 135 NA 265 NA 118 185 188 NA 206 294 318 
Ind449 161 165 NA 246 NA 359 312 308 NA 328 NA 178 NA 135 NA 269 NA 120 191 191 204 190 NA 294 
Ind450 NA 153 242 242 NA 355 NA 312 NA 278 NA 176 NA 135 NA 265 124 118 NA 191 206 206 NA 280 
Ind451 NA 153 238 242 NA 363 NA 312 NA 272 NA 176 NA 137 NA 303 NA 116 191 191 200 210 NA 294 
Ind452 163 161 NA 242 355 355 NA 308 296 288 172 170 NA 143 NA 265 NA 118 191 188 NA 210 NA 294 
Ind453 153 169 NA 246 339 355 NA 312 278 276 170 178 135 147 NA 269 124 118 191 191 206 198 NA 292 
Ind454 NA 169 NA 254 NA 355 308 308 272 292 NA 174 NA 133 NA 265 NA 120 200 191 198 206 NA 294 
Ind455 165 153 NA 240 NA 339 NA 312 NA 272 168 168 NA 143 267 265 120 124 NA 191 NA 206 NA 298 
Ind456 165 153 NA 242 NA 339 NA 308 NA 272 168 170 NA 143 267 271 120 124 NA 191 NA 190 NA 298 
Ind457 NA 181 NA 246 NA 355 NA 308 278 278 NA 178 NA 143 265 265 NA 124 191 191 NA 206 288 300 
Ind458 157 181 240 242 NA 355 NA 312 NA 252 NA 170 NA 135 NA 267 NA 116 NA 200 NA 206 NA 290 
Ind459 157 181 240 254 NA 355 NA 312 NA 252 NA 164 NA 135 NA 265 NA 112 NA 200 NA 206 NA 286 
Ind460 NA 153 252 242 NA 355 NA 312 272 286 170 170 135 137 NA 267 124 130 NA 188 NA 204 294 284 
Ind461 NA 157 NA 246 NA 355 312 308 NA 248 168 168 135 139 NA 263 NA 120 NA 191 NA 214 NA 306 
Ind462 NA 143 NA 242 355 355 312 308 NA 278 NA 170 137 137 275 267 NA 124 NA 191 NA 190 284 292 
Ind463 NA 143 NA 242 355 355 312 308 NA 278 NA 172 137 137 275 267 NA 124 NA 188 NA 206 284 292 
Ind464 NA 157 NA 246 NA 355 NA 308 278 294 NA 164 NA 135 NA 269 124 118 191 191 NA 210 288 306 
Ind465 NA 157 248 242 359 355 312 312 NA 276 NA 178 NA 135 267 259 NA 122 NA 191 238 238 NA 306 
Ind466 153 155 242 252 339 339 NA 312 NA 298 NA 178 137 141 NA 257 NA 120 NA 191 NA 200 280 290 
Ind467 161 173 246 242 NA 355 312 308 276 252 174 166 135 143 265 269 NA 116 191 191 NA 212 NA 304 
Ind468 161 173 246 240 NA 355 312 308 276 252 174 170 135 135 265 265 NA 118 191 191 NA 206 NA 304 
Ind469 NA 161 NA 240 355 355 308 312 NA 278 NA 178 143 135 NA 265 NA 120 NA 191 206 206 NA 286 
Ind470 NA 159 NA 240 NA 359 NA 308 276 278 NA 174 135 137 263 267 NA 120 NA 191 NA 198 NA 282 
Ind471 NA 159 NA 242 NA 359 NA 308 276 278 NA 168 135 137 263 271 NA 120 NA 191 NA 198 NA 282 
Ind472 157 181 NA 242 NA 355 308 312 278 328 NA 178 NA 133 NA 259 112 126 NA 188 198 206 300 278 
Ind473 175 153 NA 240 355 359 308 312 NA 252 144 176 NA 135 269 267 NA 118 191 191 NA 200 NA 282 
Ind474 NA 171 NA 246 359 355 308 308 NA 248 170 170 NA 135 267 263 NA 120 NA 191 206 198 NA 284 
Ind475 NA 171 NA 240 359 339 NA 312 NA 248 NA 166 NA 137 NA 287 NA 116 NA 191 NA 214 282 286 
Ind476 151 171 NA 278 NA 355 308 304 296 248 NA 168 139 141 263 267 NA 124 NA 191 198 204 318 294 
Ind477 NA 153 NA 248 355 359 NA 308 NA 306 176 170 133 137 265 275 124 120 NA 188 NA 210 294 318 
Ind478 NA 171 NA 248 355 363 NA 312 NA 306 176 166 133 133 265 275 124 120 NA 188 NA 210 294 284 
Ind479 NA 171 NA 248 355 359 NA 312 NA 266 176 166 133 137 265 267 124 120 NA 188 NA 214 294 284 
Ind480 159 157 248 240 355 355 308 312 266 288 NA 178 NA 137 NA 267 NA 120 191 188 NA 198 278 284 
Ind481 NA 163 242 250 NA 363 312 308 248 248 170 164 135 147 265 275 NA 120 NA 191 NA 206 NA 292 
Ind482 NA 173 248 240 NA 339 NA 308 NA 278 NA 170 137 135 NA 271 116 124 NA 188 NA 206 NA 294 
Ind483 NA 159 NA 240 NA 355 308 308 286 258 NA 170 135 141 263 265 124 116 NA 191 NA 204 NA 292 
Ind484 NA 153 278 254 NA 355 NA 308 266 278 NA 168 NA 137 NA 265 NA 120 191 191 206 206 NA 294 
Ind485 NA 157 246 242 355 359 NA 304 NA 296 NA 172 NA 133 267 271 NA 124 200 191 NA 198 294 290 
Ind486 NA 173 240 242 355 363 NA 308 NA 252 170 178 139 143 269 273 NA 118 NA 188 198 206 288 306 
Ind487 NA 173 246 246 NA 359 NA 312 NA 258 NA 170 135 135 NA 263 NA 130 188 191 210 206 294 290 
Ind488 NA 173 NA 240 NA 359 NA 308 NA 252 NA 172 135 137 NA 267 126 124 NA 191 206 214 NA 294 
Ind489 143 159 NA 240 359 339 NA 312 NA 298 NA 172 NA 135 NA 275 112 124 191 200 212 212 292 282 
Ind490 143 143 240 242 NA 363 NA 308 NA 278 NA 170 NA 133 267 271 124 124 NA 191 206 198 318 306 
Ind491 NA 161 NA 238 NA 355 NA 312 NA 248 168 180 143 139 NA 265 118 112 NA 188 NA 204 318 288 
Ind492 NA 171 NA 242 355 355 NA 312 NA 298 176 170 135 135 NA 265 112 116 191 191 206 238 NA 294 
Ind493 NA 153 NA 242 355 355 NA 312 NA 248 176 170 135 141 NA 265 112 116 191 191 206 206 NA 294 
Ind494 NA 173 NA 240 339 355 NA 312 NA 268 170 178 NA 135 271 275 NA 120 NA 194 NA 204 NA 282 
Ind495 NA 171 238 240 NA 363 NA 308 278 272 NA 168 NA 137 NA 269 NA 112 NA 191 190 198 NA 308 
Ind496 NA 157 246 240 NA 359 NA 308 NA 278 170 168 NA 133 NA 257 118 124 NA 188 NA 210 NA 294 
Ind497 NA 153 246 248 NA 359 NA 308 NA 278 170 172 NA 137 NA 257 118 124 NA 188 NA 200 NA 294 
Ind498 NA 161 250 242 355 355 NA 308 266 278 NA 170 135 137 NA 269 118 120 NA 191 206 198 NA 280 
Ind499 151 161 242 240 359 355 NA 308 NA 292 NA 172 NA 137 NA 265 NA 120 NA 188 206 206 308 292 
Ind500 151 169 242 240 359 355 NA 312 NA 292 NA 172 NA 137 NA 265 NA 116 NA 188 206 206 308 292 
Ind501 169 153 242 242 355 355 308 308 NA 292 NA 182 NA 139 263 275 112 126 NA 188 NA 200 NA 290 
Ind502 NA 177 NA 254 NA 355 312 308 NA 278 NA 168 NA 141 NA 267 NA 118 NA 191 198 206 NA 282 
Ind503 NA 169 NA 246 NA 355 312 308 NA 278 NA 168 NA 141 NA 267 NA 118 NA 191 198 206 NA 282 
Ind504 NA 169 240 246 355 359 312 312 272 248 NA 168 135 139 265 271 118 118 NA 191 NA 208 NA 282 
Ind505 NA 159 NA 242 355 359 NA 308 NA 270 NA 168 139 137 265 275 NA 120 188 191 NA 198 290 282 
Ind506 NA 177 NA 242 355 359 NA 308 NA 270 NA 168 139 135 265 275 NA 126 188 191 NA 198 290 282 
Ind507 177 155 240 246 NA 339 NA 312 NA 278 170 178 137 133 265 267 126 116 NA 191 206 206 294 290 
Ind508 157 165 242 246 355 355 312 312 278 252 170 178 NA 137 NA 269 124 118 NA 188 NA 210 NA 306 
Ind509 167 157 NA 242 355 359 312 312 NA 286 NA 172 NA 135 NA 267 124 118 191 188 206 206 NA 294 
Ind510 NA 171 NA 242 355 339 NA 312 278 278 170 172 NA 137 NA 267 120 124 NA 188 198 210 NA 282 
Ind511 NA 171 NA 242 355 339 NA 312 278 288 170 172 NA 137 NA 267 120 120 NA 188 198 210 NA 298 
Ind512 155 157 NA 242 NA 355 308 312 NA 288 170 176 133 137 NA 265 124 120 NA 191 NA 206 NA 286 
Ind513 NA 157 NA 242 355 339 NA 308 NA 286 168 172 NA 137 NA 267 NA 118 NA 185 204 208 298 284 
Ind514 NA 159 262 242 359 339 NA 312 NA 268 170 172 137 137 NA 273 130 126 NA 191 198 206 NA 284 
Ind515 NA 143 238 242 355 355 312 308 272 278 170 178 NA 135 NA 263 NA 112 188 188 NA 198 NA 318 
Ind516 173 153 NA 246 NA 339 NA 312 NA 292 178 170 137 135 257 265 NA 122 191 191 NA 210 NA 284 
Ind517 173 153 NA 246 NA 355 NA 312 NA 298 178 170 137 135 257 265 NA 122 191 191 NA 210 NA 284 
Ind518 173 155 NA 246 NA 355 NA 308 NA 298 178 170 137 135 257 267 NA 122 191 191 NA 200 NA 284 
Ind519 159 153 NA 242 359 339 NA 308 268 278 166 168 NA 143 265 265 124 126 NA 191 206 190 290 292 
Ind520 159 165 NA 246 359 339 NA 312 268 278 166 164 NA 135 265 265 124 116 NA 191 206 190 290 284 
Ind521 159 165 NA 242 359 339 NA 308 268 252 166 164 NA 143 265 265 124 116 NA 191 206 190 290 292 
Ind522 173 173 NA 240 355 363 NA 312 278 296 NA 172 NA 135 259 265 NA 124 191 191 204 206 278 308 
Ind523 NA 177 242 254 355 339 312 312 NA 288 NA 168 NA 135 NA 275 NA 116 191 188 198 208 318 292 
Ind524 NA 165 NA 242 355 339 312 308 NA 292 176 178 135 135 NA 263 NA 126 NA 191 NA 214 290 292 
Ind525 NA 153 NA 242 355 355 312 312 266 278 170 164 NA 143 275 275 NA 124 191 200 208 200 NA 286 
Ind526 NA 159 240 242 NA 359 308 308 NA 278 NA 164 137 135 271 271 120 116 188 191 NA 212 NA 306 
Ind527 NA 157 242 242 NA 355 308 312 NA 258 NA 178 NA 141 269 267 NA 112 188 200 206 206 290 318 
Ind528 NA 157 242 242 NA 339 308 312 NA 278 NA 178 NA 141 269 275 NA 112 188 200 206 206 290 318 
Ind529 NA 157 242 242 NA 355 308 308 NA 278 NA 178 NA 141 269 267 NA 112 188 200 206 214 290 318 
Ind530 155 143 NA 246 NA 339 312 308 252 272 NA 180 NA 137 NA 265 120 120 NA 188 NA 206 298 294 
Ind531 157 187 NA 246 NA 355 NA 308 278 248 168 170 139 135 NA 269 NA 124 NA 185 NA 214 282 292 
Ind532 157 173 NA 246 NA 355 NA 308 278 278 168 170 139 135 NA 269 NA 124 NA 185 NA 214 282 282 
Ind533 157 187 NA 246 NA 355 NA 308 278 248 168 170 139 135 NA 269 NA 124 NA 185 NA 206 282 292 
Ind534 NA 153 NA 248 NA 355 312 312 NA 278 170 176 137 141 NA 259 118 120 191 191 NA 206 NA 294 
Ind535 159 169 278 246 355 339 312 308 NA 266 NA 170 137 143 NA 267 116 120 NA 188 NA 198 284 284 
Ind536 159 169 278 246 355 355 312 308 NA 294 NA 170 137 139 NA 267 116 120 NA 188 NA 198 284 284 
Ind537 159 169 278 246 355 339 312 308 NA 294 NA 170 137 143 NA 267 116 120 NA 188 NA 198 284 292 
Ind538 NA 157 NA 248 355 355 308 312 NA 294 166 164 NA 137 NA 269 NA 124 188 191 NA 198 288 288 
Ind539 NA 157 NA 242 355 355 308 312 NA 294 166 178 NA 135 NA 269 NA 120 188 191 NA 198 288 288 
Ind540 NA 157 NA 254 359 359 NA 312 NA 292 NA 176 NA 135 NA 269 124 118 NA 191 NA 204 298 282 
Ind541 NA 157 NA 240 359 359 NA 312 NA 292 NA 170 NA 135 NA 269 124 116 NA 191 NA 212 298 282 
Ind542 177 157 NA 246 359 355 NA 308 NA 266 NA 164 NA 135 271 273 124 120 NA 191 NA 214 280 290 
Ind543 183 157 242 242 359 355 312 312 NA 278 NA 182 143 139 NA 271 NA 118 191 191 NA 206 NA 292 
Ind544 NA 171 NA 264 NA 339 NA 312 248 288 NA 170 143 135 NA 265 NA 112 NA 191 NA 204 NA 306 
Ind545 169 157 248 242 NA 355 312 312 NA 248 178 170 NA 137 NA 267 NA 118 NA 188 NA 206 NA 286 
Ind546 169 165 248 264 NA 355 312 308 NA 248 178 170 NA 137 NA 265 NA 118 NA 188 NA 206 NA 286 
Ind547 NA 177 NA 238 355 355 NA 308 278 248 170 166 NA 137 NA 303 NA 126 NA 191 206 200 290 298 
Ind548 161 165 NA 242 355 355 312 312 NA 268 NA 170 NA 137 257 303 NA 120 185 191 NA 214 NA 308 
Ind549 167 165 242 240 NA 355 312 312 NA 328 170 178 NA 135 NA 265 NA 120 NA 188 NA 206 NA 290 
Ind550 NA 157 NA 246 355 339 308 308 NA 272 NA 170 137 135 NA 275 118 118 NA 191 NA 206 290 290 
Ind551 NA 175 NA 246 NA 355 312 308 278 252 170 176 NA 137 271 267 124 120 188 188 NA 190 NA 292 
Ind552 NA 173 NA 240 NA 355 NA 312 252 288 170 170 NA 137 NA 265 NA 120 191 191 NA 206 288 294 
Ind553 NA 173 246 254 NA 359 312 312 NA 278 NA 172 143 147 271 263 NA 126 188 191 NA 198 NA 318 
Ind554 NA 161 242 246 355 359 NA 312 278 292 NA 170 143 147 NA 265 NA 124 NA 191 NA 214 290 284 
Ind555 157 169 278 242 NA 339 NA 312 NA 294 NA 176 135 139 267 259 NA 116 185 191 NA 196 284 294 
Ind556 NA 157 NA 242 355 359 NA 312 278 288 NA 178 NA 143 265 263 NA 120 NA 191 206 198 294 308 
Ind557 157 181 254 278 355 363 312 312 NA 278 172 168 135 139 NA 265 NA 126 191 185 NA 238 288 298 
Ind558 157 171 254 278 355 363 312 312 NA 278 172 176 135 139 NA 265 NA 130 191 191 NA 238 288 298 
Ind559 157 171 254 278 355 339 312 312 NA 278 172 168 135 139 NA 265 NA 126 191 185 NA 238 288 298 
Ind560 NA 169 NA 242 355 359 NA 308 NA 258 164 170 137 137 NA 265 NA 118 NA 188 NA 206 NA 290 
Ind561 NA 153 NA 242 NA 355 308 308 NA 286 168 172 135 143 267 265 NA 116 NA 191 NA 206 NA 294 
Ind562 NA 155 242 240 NA 355 NA 308 NA 268 176 164 NA 137 NA 267 120 126 191 191 NA 210 NA 290 
Ind563 NA 155 242 242 NA 355 NA 308 NA 288 176 164 NA 137 NA 267 120 126 191 191 NA 210 NA 288 
Ind564 NA 163 NA 240 NA 339 NA 308 NA 286 NA 170 137 135 NA 267 124 118 191 188 206 204 NA 294 
Ind565 NA 157 NA 240 NA 359 308 308 NA 292 NA 170 NA 135 NA 263 120 120 NA 191 NA 206 NA 288 
Ind566 NA 155 NA 240 355 355 308 312 278 278 170 172 NA 133 NA 259 NA 126 NA 185 206 214 318 292 
Ind567 157 159 242 242 355 355 NA 308 278 288 164 178 NA 137 NA 267 130 124 191 188 214 214 282 294 
Ind568 165 159 240 240 NA 363 NA 312 290 278 168 172 NA 141 NA 265 NA 122 188 191 NA 190 NA 294 
Ind569 175 143 NA 242 NA 355 312 312 NA 306 170 168 NA 141 NA 257 NA 122 NA 188 206 206 NA 294 
Ind570 175 157 NA 278 363 363 312 312 NA 252 NA 170 NA 133 263 269 124 116 191 191 206 204 NA 292 
Ind571 159 179 NA 264 363 359 NA 308 298 298 NA 172 NA 133 NA 275 NA 120 191 191 NA 206 294 288 
Ind572 NA 173 246 248 359 339 312 308 298 272 NA 178 NA 135 NA 263 NA 118 191 191 NA 206 NA 298 
Ind573 169 165 242 246 359 363 NA 312 266 278 164 170 NA 135 NA 275 124 118 NA 191 NA 206 NA 304 
Ind574 NA 159 254 240 355 359 308 312 NA 252 NA 170 135 139 267 263 NA 122 NA 191 NA 214 NA 282 
Ind575 NA 159 254 240 355 359 308 312 NA 252 NA 168 135 147 267 267 NA 122 NA 191 NA 206 NA 280 
Ind576 NA 159 NA 242 359 355 308 308 278 288 NA 170 137 135 NA 263 NA 124 191 191 NA 206 NA 292 
Ind577 NA 171 242 242 355 355 NA 312 NA 272 178 170 NA 135 267 263 NA 114 NA 191 NA 190 NA 308 
Ind578 NA 175 NA 240 NA 339 NA 304 278 278 NA 170 NA 141 NA 269 NA 118 NA 191 NA 198 NA 290 
Ind579 NA 167 NA 240 359 339 NA 308 266 278 NA 176 NA 135 NA 267 NA 124 NA 188 206 206 282 306 
Ind580 NA 159 242 248 355 355 NA 304 NA 278 178 178 135 143 265 259 NA 120 191 191 188 206 NA 308 
Ind581 NA 143 240 240 359 363 NA 312 NA 278 NA 176 135 107 265 267 NA 130 191 191 208 210 308 284 
Ind582 NA 143 240 242 359 339 NA 312 NA 278 NA 176 135 135 265 267 NA 130 191 191 208 210 308 318 
Ind583 157 157 242 242 NA 355 312 312 NA 278 NA 168 133 141 NA 267 NA 122 NA 191 214 214 NA 292 
Ind584 NA 183 240 240 355 359 NA 312 NA 300 NA 178 NA 135 NA 269 118 124 NA 191 NA 196 NA 318 
Ind585 NA 159 NA 242 359 339 NA 312 NA 296 170 178 NA 137 NA 265 124 126 NA 191 NA 206 286 284 
Ind586 NA 173 246 242 NA 359 312 312 NA 286 NA 170 NA 135 NA 263 118 118 191 191 206 210 NA 288 
Ind587 NA 173 246 240 NA 359 312 308 NA 286 NA 170 NA 135 NA 263 118 118 191 191 206 208 NA 288 
Ind588 NA 157 NA 240 339 355 NA 308 272 272 NA 170 NA 141 299 263 NA 124 NA 191 198 206 NA 294 
Ind589 NA 157 240 248 NA 359 308 312 NA 278 NA 170 NA 137 NA 273 NA 120 NA 191 NA 210 NA 282 
Ind590 NA 157 240 238 NA 359 308 312 NA 278 NA 166 NA 135 NA 273 NA 120 NA 191 NA 210 NA 282 
Ind591 NA 157 240 248 NA 359 308 312 NA 292 NA 170 NA 135 NA 257 NA 120 NA 191 NA 210 NA 282 
Ind592 NA 165 240 240 NA 355 NA 312 NA 254 NA 176 135 135 271 259 NA 118 191 200 NA 206 NA 282 
Ind593 119 153 NA 242 355 339 NA 312 266 252 NA 170 NA 137 267 259 124 120 191 188 238 214 NA 290 
Ind594 NA 175 242 242 NA 355 NA 312 NA 292 NA 178 NA 137 NA 259 NA 118 191 191 198 214 NA 294 
Ind595 NA 153 NA 246 355 355 NA 308 NA 298 NA 168 NA 143 275 267 124 120 NA 185 NA 206 NA 304 
Ind596 NA 153 NA 246 355 355 NA 312 NA 298 NA 168 NA 143 275 269 124 120 NA 191 NA 206 NA 304 
Ind597 143 153 242 242 339 355 NA 308 278 278 174 170 143 135 263 267 NA 116 NA 191 NA 210 286 290 
Ind598 161 165 242 252 NA 355 308 312 NA 278 166 178 NA 135 265 269 NA 120 191 191 NA 206 294 282 
Ind599 171 167 NA 254 NA 359 312 312 278 286 178 178 133 135 NA 263 120 118 188 191 NA 206 290 318 
Ind600 NA 159 NA 252 NA 359 308 312 NA 278 NA 172 NA 137 NA 263 NA 120 191 191 206 210 318 294 
Ind601 153 171 NA 242 NA 363 NA 312 278 288 172 168 NA 135 267 275 NA 124 191 191 NA 206 292 298 
Ind602 NA 165 NA 246 355 359 NA 312 NA 268 176 176 NA 137 NA 275 NA 120 NA 185 206 210 288 286 
Ind603 175 171 240 238 355 363 NA 308 NA 272 164 178 NA 135 NA 269 NA 120 NA 191 206 198 NA 278 
Ind604 NA 153 NA 242 355 355 312 308 278 298 NA 178 NA 143 271 265 120 120 185 191 NA 212 288 290 
Ind605 NA 157 NA 242 NA 355 312 312 NA 248 NA 168 NA 137 NA 269 120 124 NA 188 NA 200 280 284 
Ind606 NA 157 NA 242 NA 355 312 308 NA 248 NA 178 NA 137 NA 275 120 124 NA 191 NA 200 280 282 
Ind607 NA 157 NA 260 NA 363 NA 308 286 296 NA 172 137 141 NA 267 NA 124 NA 191 NA 206 NA 292 
Ind608 NA 157 NA 242 355 355 NA 312 NA 294 NA 168 NA 139 259 265 124 120 NA 200 206 190 280 282 
Ind609 NA 157 NA 242 355 355 NA 312 NA 294 NA 168 NA 139 259 267 124 120 NA 200 206 190 280 318 
Ind610 NA 177 242 254 NA 339 NA 312 NA 278 NA 172 NA 135 NA 281 NA 114 191 188 NA 206 308 282 
Ind611 NA 151 240 240 NA 355 NA 308 NA 278 NA 166 NA 141 NA 275 120 128 NA 191 NA 206 NA 288 
Ind612 157 157 246 240 359 339 308 308 NA 278 NA 176 135 135 NA 257 124 124 191 191 NA 238 NA 282 
Ind613 157 155 NA 248 NA 359 NA 312 NA 248 NA 176 147 135 265 259 NA 120 188 191 212 198 308 304 
Ind614 175 159 NA 242 355 359 NA 312 298 278 NA 176 143 135 275 269 NA 126 191 191 NA 190 NA 292 
Ind615 NA 165 NA 242 355 355 312 308 300 266 NA 174 143 133 267 275 NA 118 NA 191 NA 206 282 282 
Ind616 157 167 246 242 NA 355 308 308 NA 272 NA 170 133 135 263 267 NA 112 NA 191 NA 198 290 282 
Ind617 159 157 244 242 NA 359 NA 308 NA 248 NA 174 NA 141 269 267 126 124 NA 191 NA 214 NA 290 
Ind618 NA 183 NA 242 363 339 NA 312 NA 278 NA 176 NA 135 NA 273 112 118 NA 191 NA 198 286 282 
Ind619 161 157 242 246 NA 359 312 312 252 292 NA 166 NA 135 271 265 120 120 NA 191 196 206 294 292 
Ind620 NA 157 NA 242 339 339 312 312 NA 278 NA 166 NA 135 259 265 NA 120 185 191 NA 206 308 288 
Ind621 NA 159 NA 242 355 339 312 312 298 278 NA 164 133 135 271 303 NA 120 NA 191 NA 198 NA 286 
Ind622 157 165 242 242 355 339 NA 312 286 276 NA 170 135 137 271 261 120 118 191 191 NA 206 290 290 
Ind623 157 159 242 242 355 359 NA 308 286 278 NA 170 135 137 271 267 120 118 191 191 NA 206 290 292 
Ind624 NA 171 NA 244 NA 355 NA 312 286 252 170 170 NA 135 269 267 120 126 NA 191 NA 208 NA 318 
Ind625 153 155 NA 238 355 359 NA 308 290 252 NA 176 NA 135 NA 267 NA 112 191 188 206 198 NA 290 
Ind626 NA 153 NA 242 NA 363 308 312 NA 272 NA 166 NA 137 NA 269 120 124 NA 185 NA 206 NA 294 
Ind627 NA 159 NA 242 NA 339 308 312 NA 272 NA 166 NA 137 NA 271 120 118 NA 185 NA 206 NA 290 
Ind628 NA 157 242 248 359 355 NA 308 272 248 170 170 141 137 NA 273 124 120 191 191 198 206 NA 282 
Ind629 181 159 NA 246 NA 355 NA 312 286 278 172 174 NA 135 NA 259 NA 124 NA 191 NA 210 NA 290 
Ind630 159 143 242 248 355 339 NA 308 252 258 NA 174 NA 143 NA 259 120 130 188 191 NA 206 NA 292 
Ind631 157 153 NA 238 355 355 312 312 NA 266 NA 170 NA 135 263 265 NA 126 NA 191 NA 208 NA 284 
Ind632 NA 157 NA 242 NA 339 NA 312 NA 274 168 170 NA 135 NA 267 NA 120 NA 191 214 206 282 292 
Ind633 173 161 NA 246 355 359 NA 312 278 272 164 176 133 137 269 267 NA 124 NA 191 NA 198 282 308 
Ind634 171 143 240 278 NA 363 308 312 252 248 NA 164 NA 135 NA 267 NA 116 NA 188 NA 206 NA 300 
Ind635 171 143 240 278 NA 363 308 308 252 248 NA 164 NA 135 NA 263 NA 124 NA 188 NA 206 NA 300 
Ind636 NA 167 NA 246 339 355 NA 312 252 248 168 178 NA 141 NA 259 124 124 NA 191 190 206 NA 286 
Ind637 167 157 238 246 359 359 308 312 328 304 NA 168 NA 137 NA 271 NA 124 NA 191 198 204 NA 278 
Ind638 NA 169 NA 254 NA 363 NA 304 NA 306 174 170 135 137 NA 271 NA 124 NA 191 206 204 284 284 
Ind639 165 161 NA 246 NA 355 312 308 272 252 NA 178 NA 147 NA 265 120 112 NA 188 NA 206 NA 298 
Ind640 NA 165 240 242 359 355 NA 312 272 268 NA 168 NA 135 NA 303 NA 118 NA 191 NA 206 294 294 
Ind641 NA 165 NA 254 351 339 312 308 288 278 NA 170 NA 135 NA 263 112 118 191 191 198 210 NA 300 
Ind642 165 153 242 242 NA 355 NA 312 278 306 168 172 NA 137 269 271 NA 112 NA 188 NA 204 NA 290 
Ind643 NA 159 NA 242 NA 363 NA 308 278 298 172 172 135 141 265 259 120 124 191 188 206 206 NA 294 
Ind644 NA 161 NA 250 355 359 NA 308 NA 272 NA 170 NA 135 NA 263 NA 120 NA 191 NA 190 284 306 
Ind645 NA 161 NA 252 355 355 NA 312 NA 278 NA 170 NA 135 NA 263 NA 120 NA 188 NA 190 284 306 
Ind646 169 173 NA 240 355 355 308 308 NA 258 182 174 NA 135 NA 275 124 124 191 191 208 214 294 278 
Ind647 NA 171 NA 240 355 355 312 308 NA 298 NA 172 NA 133 263 267 116 120 NA 191 198 206 NA 286 
Ind648 NA 157 240 246 NA 359 312 312 NA 298 174 168 NA 135 275 267 NA 116 188 191 206 198 NA 318 
Ind649 159 177 NA 240 355 355 NA 308 248 278 NA 170 NA 135 NA 269 NA 112 191 200 NA 200 NA 280 
Ind650 153 137 NA 242 359 363 NA 308 NA 294 NA 176 135 141 NA 271 116 120 NA 191 NA 198 NA 292 
Ind651 NA 157 240 242 355 355 NA 312 NA 272 NA 170 NA 143 NA 265 112 124 191 191 NA 198 NA 294 
Ind652 NA 165 242 242 339 355 NA 308 NA 278 NA 170 NA 135 271 261 NA 130 NA 191 NA 206 304 286 
Ind653 NA 161 NA 246 NA 359 312 308 278 252 168 176 NA 137 265 265 NA 120 NA 191 NA 204 NA 288 
Ind654 NA 143 254 248 355 355 312 308 NA 278 170 176 NA 135 267 271 NA 120 NA 188 206 206 NA 282 
Ind655 NA 143 254 248 355 355 312 308 NA 278 170 176 NA 135 267 271 NA 120 NA 188 206 206 NA 282 
Ind656 171 169 NA 238 NA 355 308 308 286 296 NA 176 135 137 NA 275 NA 112 191 191 NA 196 NA 286 
Ind657 157 177 NA 242 359 339 308 312 278 278 NA 170 NA 141 NA 271 120 120 188 188 NA 256 NA 282 
Ind658 NA 159 NA 238 NA 355 NA 308 278 298 NA 172 NA 141 267 275 NA 120 NA 191 NA 210 318 308 
Ind659 NA 153 248 246 NA 355 312 308 278 276 NA 168 NA 143 271 265 120 124 NA 191 206 198 NA 290 
Ind660 NA 177 240 240 NA 355 308 312 NA 274 170 176 139 135 NA 265 120 130 191 191 NA 210 282 292 
Ind661 167 157 240 242 NA 355 NA 312 NA 278 170 170 133 141 275 273 NA 124 NA 191 198 206 298 286 
Ind662 167 177 240 248 NA 355 NA 312 NA 252 170 176 133 141 275 273 NA 124 NA 191 198 206 298 286 
Ind663 167 177 240 248 NA 355 NA 312 NA 278 170 170 133 141 275 263 NA 124 NA 191 198 206 298 286 
Ind664 NA 163 246 240 359 359 NA 312 278 294 NA 168 NA 133 265 275 NA 116 NA 188 206 214 NA 292 
Ind665 NA 165 246 240 359 355 NA 312 278 294 NA 178 NA 137 265 275 NA 124 NA 188 206 214 NA 292 
Ind666 177 157 NA 240 NA 355 312 312 276 278 NA 168 135 135 265 267 112 124 NA 191 NA 206 NA 298 
Ind667 153 169 NA 240 NA 355 308 312 NA 278 NA 172 NA 135 NA 259 NA 116 188 191 190 206 300 284 
Ind668 NA 167 242 242 NA 355 NA 312 NA 248 NA 164 135 141 NA 263 NA 130 NA 191 NA 206 318 282 
Ind669 NA 143 242 250 NA 355 NA 308 NA 248 NA 164 135 141 NA 263 NA 130 NA 191 NA 206 318 290 
Ind670 NA 143 242 242 NA 355 NA 308 NA 248 NA 164 135 135 NA 263 NA 130 NA 191 NA 206 318 282 
Ind671 161 151 NA 254 NA 355 308 312 NA 248 166 164 NA 135 NA 267 NA 116 NA 191 206 206 318 318 
Ind672 NA 153 242 238 NA 355 NA 312 NA 276 170 178 135 137 NA 263 NA 124 NA 191 NA 198 NA 318 
Ind673 151 165 244 246 355 355 312 308 NA 248 NA 170 141 139 265 267 124 124 NA 191 NA 206 NA 292 
Ind674 155 165 NA 278 NA 355 NA 308 252 286 164 168 137 135 NA 267 NA 118 188 200 NA 204 NA 282 
Ind675 155 171 NA 278 NA 355 NA 312 252 266 164 168 137 135 NA 267 NA 120 188 191 NA 204 NA 282 
Ind676 NA 153 246 242 NA 339 NA 312 276 266 178 166 135 147 NA 265 NA 124 191 197 206 206 290 278 
Ind677 NA 157 NA 248 359 355 NA 308 NA 296 172 170 135 135 NA 269 NA 112 NA 191 NA 238 294 286 
Ind678 NA 169 238 246 NA 359 NA 308 NA 278 178 168 135 135 269 259 NA 112 NA 188 NA 208 NA 306 
Ind679 165 157 NA 248 355 339 312 308 NA 298 NA 164 143 147 NA 265 NA 118 NA 191 NA 206 NA 290 
Ind680 165 173 NA 248 355 359 312 308 NA 298 NA 168 143 141 NA 265 NA 118 NA 191 NA 206 NA 290 
Ind681 165 157 NA 248 355 339 312 308 NA 278 NA 168 143 141 NA 267 NA 118 NA 191 NA 206 NA 290 
Ind682 NA 163 NA 242 NA 359 NA 308 278 268 170 174 NA 137 NA 267 NA 124 NA 188 NA 206 NA 282 
Ind683 NA 157 NA 240 355 359 312 312 NA 266 NA 178 135 135 NA 269 NA 116 NA 191 200 206 290 298 
Ind684 NA 143 242 240 NA 355 NA 312 NA 272 NA 170 NA 135 265 263 NA 118 188 191 NA 198 NA 318 
Ind685 NA 143 242 240 NA 355 NA 312 NA 272 NA 170 NA 135 265 269 NA 128 188 191 NA 206 NA 318 
Ind686 NA 155 242 242 355 355 312 312 292 282 NA 178 147 135 265 271 NA 120 NA 188 206 206 NA 290 
Ind687 NA 169 NA 240 NA 363 312 308 NA 278 170 170 135 141 NA 275 NA 124 NA 191 NA 204 284 318 
Ind688 157 159 NA 248 NA 339 308 312 NA 278 NA 170 NA 135 NA 267 NA 116 NA 191 NA 206 290 290 
Ind689 NA 173 NA 238 NA 355 NA 308 NA 268 172 170 NA 135 NA 267 130 124 NA 188 NA 206 300 306 
Ind690 NA 157 242 242 NA 355 NA 308 272 278 NA 176 137 135 271 265 122 120 NA 188 NA 210 318 300 
Ind691 NA 157 242 242 NA 355 NA 308 272 298 NA 176 137 143 271 265 122 130 NA 188 NA 210 318 294 
Ind692 NA 173 242 246 355 359 308 312 NA 272 174 178 137 143 NA 271 NA 130 NA 191 NA 206 NA 300 
Ind693 171 173 246 248 NA 355 NA 312 NA 286 NA 178 NA 137 265 269 NA 124 188 191 NA 198 NA 292 
Ind694 NA 173 NA 240 NA 355 NA 312 NA 296 NA 168 133 137 NA 267 NA 124 188 191 204 198 318 290 
Ind695 NA 173 NA 240 NA 355 NA 312 NA 258 NA 168 133 137 NA 267 NA 124 188 191 204 198 318 292 
Ind696 NA 169 NA 240 NA 355 NA 312 NA 296 NA 170 133 135 NA 267 NA 124 188 191 204 198 318 292 
Ind697 161 157 NA 246 NA 355 308 312 NA 278 NA 172 NA 137 NA 267 120 124 NA 191 198 206 NA 318 
Ind698 153 157 NA 242 355 355 312 308 NA 252 172 172 133 135 269 259 112 120 188 200 198 208 NA 288 
Ind699 175 155 242 242 355 355 NA 312 NA 272 172 178 NA 135 269 259 124 124 NA 191 206 190 NA 282 
Ind700 157 157 242 254 NA 355 308 308 NA 278 NA 170 NA 137 265 263 NA 120 188 188 214 206 290 282 
Ind701 NA 157 NA 242 NA 355 NA 304 272 278 NA 170 NA 133 267 271 124 124 NA 191 NA 208 280 308 
Ind702 NA 157 NA 264 355 355 NA 308 278 274 NA 170 135 135 271 267 NA 124 NA 188 198 190 NA 290 
Ind703 NA 161 244 242 355 355 NA 308 268 278 NA 168 143 139 NA 263 NA 124 NA 191 NA 206 286 292 
Ind704 153 167 NA 254 359 355 NA 312 NA 288 NA 178 NA 137 NA 265 NA 124 NA 191 206 206 294 292 
Ind705 NA 157 NA 246 359 355 NA 312 294 268 NA 164 NA 137 267 267 NA 124 NA 191 NA 214 318 282 
Ind706 NA 171 242 240 NA 363 308 312 278 272 NA 168 NA 137 NA 275 NA 120 NA 188 NA 198 288 292 
Ind707 NA 173 NA 242 NA 359 312 308 270 294 NA 168 NA 135 265 303 NA 116 NA 191 NA 206 318 294 
Ind708 157 161 NA 240 355 355 308 312 NA 288 NA 172 141 135 273 257 NA 120 191 191 NA 206 NA 290 
Ind709 173 157 NA 242 NA 359 312 312 286 278 178 178 133 141 299 267 120 120 NA 191 NA 210 286 280 
Ind710 NA 157 NA 240 339 355 NA 312 NA 268 170 172 137 137 263 277 NA 120 188 191 NA 196 NA 294 
Ind711 179 171 242 240 NA 359 304 312 NA 278 NA 168 133 135 NA 275 118 124 191 200 NA 214 292 282 
Ind712 157 169 NA 238 359 339 NA 308 288 278 NA 172 NA 135 263 257 NA 124 NA 191 NA 204 286 282 
Ind713 157 157 NA 238 359 339 NA 308 288 272 NA 172 NA 135 263 271 NA 124 NA 191 NA 204 286 292 
Ind714 157 157 NA 238 359 339 NA 308 288 278 NA 168 NA 137 263 257 NA 124 NA 191 NA 204 286 292 
Ind715 157 157 NA 242 NA 339 308 308 266 272 170 168 141 137 NA 275 120 118 NA 188 216 198 306 298 
Ind716 NA 169 NA 242 NA 339 308 312 NA 278 NA 176 141 137 267 259 NA 124 191 191 NA 204 NA 292 
Ind717 153 187 242 240 355 359 NA 312 NA 278 NA 176 135 133 275 267 NA 124 NA 188 NA 206 NA 294 
Ind718 145 171 240 250 359 355 NA 312 292 278 NA 170 NA 137 303 263 NA 118 NA 191 NA 212 278 306 
Ind719 145 173 240 242 359 355 NA 312 292 278 NA 178 NA 137 303 263 NA 116 NA 191 NA 212 278 306 
Ind720 173 157 240 242 339 359 NA 312 NA 248 NA 168 135 135 NA 263 NA 126 NA 191 NA 206 294 298 
Ind721 NA 155 246 252 NA 359 NA 312 276 272 170 178 NA 135 285 267 NA 112 NA 191 NA 198 NA 278 
Ind722 NA 165 246 246 339 359 NA 312 296 268 NA 170 NA 137 275 271 NA 124 200 191 NA 206 NA 306 
Ind723 NA 153 242 254 NA 339 312 308 NA 266 NA 172 NA 141 275 267 120 116 NA 191 NA 214 NA 318 
Ind724 165 159 NA 240 339 359 NA 308 NA 278 178 174 NA 135 271 259 NA 130 NA 185 NA 204 NA 292 
Ind725 NA 165 NA 246 NA 339 NA 308 266 296 NA 176 NA 135 261 271 NA 112 NA 191 190 200 282 294 
Ind726 NA 157 NA 240 339 359 NA 312 288 248 NA 172 NA 135 265 257 NA 124 NA 191 206 206 NA 290 
Ind727 181 157 254 242 NA 355 NA 312 NA 298 NA 168 NA 135 NA 275 NA 118 NA 191 200 210 NA 294 
Ind728 NA 157 NA 254 355 355 312 312 272 278 176 178 NA 135 NA 265 NA 124 NA 191 206 206 NA 282 
Ind729 157 165 NA 240 NA 359 308 312 278 272 NA 170 135 137 NA 257 NA 124 NA 191 198 238 288 282 
Ind730 NA 159 NA 242 NA 355 312 312 NA 278 NA 172 135 135 NA 267 NA 112 188 188 NA 198 290 292 
Ind731 165 153 NA 244 NA 355 308 312 NA 278 170 164 NA 135 269 265 NA 112 NA 200 NA 204 NA 290 
Ind732 157 157 NA 242 355 359 312 308 NA 272 168 164 135 135 267 271 NA 118 NA 188 190 206 NA 288 
Ind733 NA 175 246 242 NA 339 NA 308 NA 278 164 166 139 135 269 259 116 116 191 191 NA 206 NA 306 
Ind734 NA 157 NA 240 NA 359 NA 312 NA 278 NA 178 NA 135 265 263 124 120 NA 188 NA 204 NA 288 
Ind735 157 159 NA 242 NA 339 NA 308 266 286 NA 170 NA 135 273 265 124 120 191 188 NA 198 NA 290 
Ind736 NA 159 NA 252 363 355 312 312 NA 278 NA 170 NA 143 265 263 NA 120 188 191 198 206 288 318 
Ind737 NA 165 NA 238 363 355 312 312 NA 278 NA 180 NA 133 265 263 NA 124 188 191 198 206 288 318 
Ind738 157 171 246 254 339 339 NA 304 272 248 170 170 137 139 NA 269 124 126 188 191 NA 214 286 318 
Ind739 NA 153 NA 240 NA 355 NA 312 252 272 NA 168 137 135 267 263 NA 124 NA 191 NA 198 286 290 
Ind740 NA 157 NA 248 NA 363 NA 308 NA 278 NA 178 NA 135 NA 263 120 124 191 188 214 212 NA 280 
Ind741 NA 177 NA 242 NA 359 NA 312 278 298 NA 178 NA 133 NA 269 NA 122 NA 191 210 204 282 298 
Ind742 NA 177 NA 242 NA 359 NA 312 278 272 NA 168 NA 133 NA 269 NA 122 NA 191 210 204 282 298 
Ind743 163 175 NA 240 359 355 NA 308 NA 276 NA 182 NA 147 NA 265 118 120 NA 191 NA 206 286 294 
Ind744 NA 171 NA 242 355 339 308 308 NA 278 NA 178 NA 133 267 263 120 124 NA 185 210 190 NA 292 
Ind745 NA 157 NA 240 NA 355 312 308 NA 294 NA 182 NA 135 275 275 NA 120 NA 188 NA 214 292 292 
Ind746 173 165 248 242 NA 355 308 312 NA 286 NA 170 135 139 265 267 NA 112 191 191 NA 206 290 306 
Ind747 NA 157 NA 254 NA 355 NA 312 278 286 NA 172 137 135 NA 267 NA 118 191 191 NA 210 NA 300 
Ind748 NA 157 NA 240 NA 355 NA 308 278 286 NA 168 137 135 NA 267 NA 118 191 191 NA 210 NA 300 
Ind749 NA 157 NA 254 NA 355 NA 308 278 286 NA 168 137 135 NA 267 NA 124 191 191 NA 210 NA 300 
Ind750 157 153 NA 242 359 339 312 308 NA 266 NA 170 143 135 NA 269 130 124 NA 188 208 238 NA 318 
Ind751 177 155 NA 246 355 339 NA 308 NA 278 NA 170 NA 141 NA 265 NA 124 191 188 214 206 290 318 
Ind752 NA 171 NA 238 NA 355 312 308 278 286 170 184 NA 135 NA 287 112 122 NA 191 NA 206 294 308 
Ind753 NA 169 242 238 359 355 312 308 NA 288 NA 170 137 133 303 271 124 130 NA 191 NA 206 310 282 
Ind754 165 177 NA 240 NA 359 NA 312 NA 278 174 178 NA 133 NA 269 NA 118 NA 191 NA 198 282 300 
Ind755 171 187 254 240 355 339 NA 308 NA 278 170 170 137 137 265 265 NA 124 NA 191 198 206 NA 286 
Ind756 175 173 NA 240 NA 359 NA 312 NA 268 NA 176 NA 137 267 269 NA 130 191 191 208 198 282 294 
Ind757 NA 159 NA 254 355 339 NA 312 NA 288 NA 172 NA 139 NA 267 112 120 NA 191 206 206 NA 318 
Ind758 NA 143 242 242 NA 355 NA 312 NA 278 NA 166 NA 143 NA 275 NA 120 NA 191 198 206 NA 292 
Ind759 NA 157 NA 246 359 355 NA 304 NA 272 170 178 NA 143 NA 267 120 112 NA 191 NA 206 NA 300 
Ind760 169 157 242 246 NA 355 312 312 NA 292 NA 178 NA 135 NA 257 NA 124 191 191 NA 210 NA 282 
Ind761 NA 165 NA 242 NA 355 NA 312 248 288 NA 170 NA 135 271 257 NA 124 NA 191 NA 214 NA 280 
Ind762 NA 165 NA 246 NA 359 NA 312 278 278 170 168 137 137 265 271 NA 126 NA 191 NA 214 290 306 
Ind763 NA 157 254 242 NA 363 NA 308 298 296 NA 164 NA 137 NA 267 120 124 NA 191 NA 206 294 294 
Ind764 171 155 242 240 NA 359 312 308 278 278 NA 178 NA 141 NA 263 NA 124 188 200 204 206 318 286 
Ind765 NA 167 264 242 NA 355 312 308 NA 278 NA 166 NA 135 NA 271 NA 126 NA 191 238 204 NA 318 
Ind766 NA 177 246 246 NA 363 NA 312 268 278 NA 172 135 135 NA 275 NA 124 NA 191 NA 198 NA 284 
Ind767 NA 157 NA 246 355 355 312 312 NA 252 NA 176 137 137 NA 265 124 130 NA 191 200 208 NA 306 
Ind768 NA 153 238 254 363 359 NA 308 286 268 NA 178 NA 135 NA 265 NA 120 191 191 NA 210 318 290 
Ind769 165 159 242 278 355 339 NA 308 NA 272 NA 178 147 135 269 259 NA 126 NA 191 NA 204 NA 294 
Ind770 NA 143 NA 242 NA 355 NA 308 NA 278 NA 164 NA 143 275 271 NA 124 191 188 206 190 NA 286 
Ind771 175 153 240 242 339 355 312 312 NA 290 NA 178 NA 137 NA 265 112 124 191 191 NA 204 292 290 
Ind772 169 173 NA 246 NA 355 308 308 278 286 NA 178 NA 137 263 263 118 120 NA 188 NA 206 286 286 
Ind773 169 165 242 238 NA 363 NA 312 NA 278 NA 170 135 135 NA 265 NA 124 200 191 NA 206 288 290 
Ind774 NA 157 246 254 NA 359 NA 312 NA 286 NA 168 NA 143 NA 275 NA 120 191 191 206 214 296 306 
Ind775 157 157 240 254 NA 355 NA 308 298 278 NA 172 NA 139 259 265 112 120 NA 188 NA 214 NA 294 
Ind776 NA 169 NA 242 359 355 NA 312 278 252 170 180 NA 137 NA 267 NA 120 NA 191 NA 198 NA 288 
Ind777 173 165 NA 252 NA 359 NA 308 278 248 NA 174 139 133 NA 271 NA 124 191 191 198 214 NA 282 
Ind778 NA 157 246 242 NA 339 312 312 NA 294 170 176 NA 137 NA 263 116 120 191 185 206 198 308 290 
Ind779 NA 169 NA 240 359 339 NA 312 266 272 NA 182 NA 143 269 265 120 126 NA 191 NA 198 NA 290 
Ind780 NA 165 NA 240 NA 355 312 312 NA 292 170 178 NA 133 267 267 124 124 191 188 NA 198 NA 284 
Ind781 165 157 NA 254 NA 355 308 308 NA 294 NA 172 NA 135 NA 263 NA 120 NA 191 NA 206 290 290 
Ind782 165 177 NA 240 NA 355 NA 308 278 294 178 168 NA 143 NA 265 124 112 188 191 NA 206 NA 286 
Ind783 NA 157 NA 242 NA 363 NA 312 NA 258 NA 170 135 137 275 263 126 116 NA 191 200 210 318 290 
Ind784 NA 157 NA 242 NA 363 NA 312 NA 258 NA 170 135 137 275 299 126 126 NA 191 200 198 318 290 
Ind785 NA 157 NA 242 NA 355 NA 312 NA 258 NA 170 135 137 275 263 126 126 NA 191 200 210 318 290 
Ind786 NA 169 NA 246 355 355 NA 312 NA 290 NA 170 NA 135 267 275 NA 130 191 191 198 204 290 294 
Ind787 167 153 NA 242 355 359 312 312 296 298 NA 170 NA 137 267 265 NA 118 NA 188 206 210 304 284 
Ind788 NA 171 NA 240 NA 355 NA 312 NA 278 168 170 NA 137 NA 265 NA 124 NA 191 198 206 NA 282 
Ind789 NA 171 NA 240 NA 339 NA 308 NA 278 168 170 NA 137 NA 265 NA 124 NA 191 198 206 NA 278 
Ind790 NA 171 NA 240 NA 355 NA 312 NA 278 168 170 NA 137 NA 265 NA 124 NA 188 198 206 NA 282 
Ind791 157 157 242 238 NA 355 NA 312 278 268 NA 170 NA 143 NA 267 NA 118 NA 191 NA 206 NA 286 
Ind792 169 167 NA 246 359 339 312 308 278 254 178 164 139 135 NA 269 NA 124 188 191 NA 198 NA 286 
Ind793 NA 175 NA 240 NA 355 NA 308 NA 272 NA 172 NA 135 NA 265 NA 120 NA 191 206 206 282 318 
Ind794 NA 171 NA 246 NA 355 NA 308 278 292 NA 168 NA 143 267 271 NA 122 191 191 208 206 294 284 
Ind795 NA 167 NA 250 NA 359 NA 308 NA 278 182 170 NA 141 259 269 NA 120 NA 191 NA 198 NA 304 
Ind796 NA 173 NA 242 NA 359 NA 308 NA 272 168 170 NA 137 265 271 112 124 194 188 NA 212 NA 318 
Ind797 161 179 NA 240 355 355 NA 312 278 278 170 168 NA 135 NA 259 NA 112 NA 191 NA 206 292 308 
Ind798 NA 157 254 246 NA 339 NA 312 278 286 NA 170 NA 135 269 259 124 120 NA 191 206 198 NA 286 
Ind799 NA 157 242 240 NA 363 NA 308 NA 272 178 168 NA 135 263 269 130 124 191 191 NA 204 NA 284 
Ind800 159 173 NA 240 NA 355 312 312 NA 272 NA 174 NA 147 265 257 NA 118 191 191 198 204 292 286 
Ind801 159 153 NA 240 NA 355 312 312 NA 272 NA 174 NA 147 265 275 NA 118 191 191 198 204 292 294 
Ind802 159 153 NA 240 NA 355 312 312 NA 278 NA 174 NA 137 265 275 NA 118 191 191 198 204 292 286 
Ind803 NA 165 NA 248 NA 339 312 312 NA 272 178 178 135 135 NA 267 120 118 NA 191 NA 204 294 278 
Ind804 NA 167 NA 240 NA 359 NA 308 288 278 NA 172 NA 137 265 263 118 112 191 188 206 206 NA 292 
Ind805 NA 173 242 240 339 359 NA 312 272 278 178 168 NA 135 269 271 NA 118 191 191 NA 206 NA 282 
Ind806 NA 157 240 240 NA 355 NA 304 NA 278 NA 178 NA 137 269 267 NA 120 NA 191 206 206 NA 290 
Ind807 157 165 NA 264 NA 355 312 312 250 278 NA 168 135 135 NA 259 120 120 191 188 206 206 286 318 
Ind808 NA 157 NA 246 NA 359 NA 308 278 248 NA 174 NA 137 NA 267 NA 118 200 191 NA 206 NA 318 
Ind809 NA 159 NA 240 359 355 NA 308 306 266 168 176 NA 135 NA 275 NA 116 191 191 206 206 NA 288 
Ind810 NA 159 NA 240 359 359 NA 308 306 266 168 170 NA 135 NA 269 NA 116 191 200 206 200 NA 290 
Ind811 NA 157 NA 246 NA 339 NA 308 NA 294 NA 172 137 143 267 267 NA 120 NA 191 NA 214 306 286 
Ind812 169 157 NA 248 NA 339 312 312 NA 296 168 166 NA 141 NA 267 118 124 NA 191 238 198 286 288 
Ind813 NA 175 NA 242 NA 355 308 308 NA 272 NA 170 NA 139 NA 265 NA 112 NA 191 208 204 NA 278 
Ind814 171 143 NA 238 NA 359 312 312 NA 276 NA 170 NA 133 NA 267 NA 120 NA 191 204 206 298 290 
Ind815 NA 169 NA 238 NA 359 308 312 NA 292 170 168 135 141 NA 273 NA 126 NA 191 NA 204 282 292 
Ind816 NA 169 NA 238 NA 355 308 312 NA 286 170 180 135 133 NA 267 NA 126 NA 191 NA 198 282 292 
Ind817 NA 167 242 240 355 367 NA 308 NA 282 NA 170 NA 137 263 263 NA 118 NA 191 204 206 292 276 
Ind818 NA 173 242 242 359 363 NA 308 NA 296 NA 164 135 141 267 269 NA 124 191 191 NA 206 294 282 
Ind819 NA 171 NA 242 339 339 312 312 278 278 NA 170 NA 137 265 271 NA 116 NA 191 238 210 NA 292 
Ind820 NA 183 264 240 355 339 NA 312 250 252 170 170 NA 137 267 259 NA 124 NA 191 NA 196 NA 282 
Ind821 169 173 252 242 NA 355 NA 308 NA 278 NA 176 NA 135 NA 265 126 112 NA 191 NA 214 NA 282 
Ind822 NA 153 240 242 NA 355 304 312 252 266 NA 168 NA 143 271 263 116 124 191 191 NA 208 NA 292 
Ind823 NA 171 NA 254 NA 355 NA 312 NA 278 144 176 133 147 NA 269 NA 124 NA 191 NA 206 NA 288 
Ind824 NA 165 NA 242 339 339 308 312 NA 258 178 176 NA 141 NA 263 NA 120 NA 191 238 198 318 298 
Ind825 NA 153 NA 242 355 355 NA 308 NA 266 NA 170 NA 139 NA 265 NA 116 191 191 NA 214 288 286 
Ind826 175 157 242 278 NA 355 NA 308 292 278 174 176 NA 135 NA 269 NA 124 NA 191 206 204 294 294 
Ind827 NA 187 NA 238 355 355 308 312 290 278 NA 168 135 141 NA 265 NA 112 191 191 NA 238 NA 300 
Ind828 NA 187 NA 254 355 339 308 312 290 278 NA 168 135 137 NA 265 NA 112 191 191 NA 206 NA 300 
Ind829 NA 163 NA 242 NA 355 NA 308 286 278 NA 178 133 135 NA 275 118 120 191 191 NA 206 294 288 
Ind830 NA 157 242 242 NA 359 NA 308 NA 266 NA 178 139 139 271 269 NA 116 191 191 NA 206 NA 286 
Ind831 175 175 NA 242 339 355 308 312 278 268 NA 168 NA 135 257 271 NA 112 NA 191 NA 206 NA 292 
Ind832 NA 153 NA 242 NA 359 NA 308 278 278 164 168 NA 135 267 267 NA 124 NA 188 NA 206 300 290 
Ind833 157 157 254 246 NA 339 NA 312 272 288 170 164 141 139 NA 269 NA 124 NA 185 NA 256 NA 294 
Ind834 NA 165 NA 242 NA 355 NA 308 266 266 170 168 135 137 NA 269 112 116 NA 191 NA 206 NA 304 
Ind835 167 153 NA 250 NA 339 NA 308 278 286 168 182 137 135 NA 263 116 116 NA 191 NA 204 NA 318 
Ind836 157 175 NA 238 NA 355 312 312 298 248 170 172 NA 143 NA 267 120 120 NA 191 206 206 NA 298 
Ind837 167 157 244 246 355 339 NA 312 NA 252 NA 170 NA 139 265 267 NA 120 200 191 NA 206 306 282 
Ind838 NA 153 NA 240 339 355 308 312 252 278 NA 168 NA 141 NA 263 120 124 191 191 NA 206 NA 286 
Ind839 NA 153 242 242 NA 359 NA 308 272 272 NA 170 NA 137 269 267 118 120 191 191 198 206 318 284 
Ind840 NA 161 252 254 355 359 NA 308 NA 278 168 168 NA 137 NA 265 NA 116 NA 191 NA 198 NA 318 
Ind841 NA 159 NA 242 NA 355 NA 308 NA 298 168 170 137 133 NA 259 NA 130 NA 191 NA 214 294 304 
Ind842 NA 157 242 246 359 355 NA 308 NA 304 NA 168 135 141 NA 267 NA 118 191 188 NA 206 NA 278 
Ind843 NA 175 242 240 NA 339 312 312 NA 268 NA 168 NA 141 265 265 NA 126 191 191 NA 208 NA 284 
Ind844 163 165 240 242 NA 359 NA 304 NA 266 NA 168 NA 137 NA 259 NA 124 191 191 200 198 NA 288 
Ind845 163 165 240 242 NA 359 NA 312 NA 272 NA 168 NA 137 NA 259 NA 124 191 200 200 198 NA 288 
Ind846 NA 169 NA 240 NA 359 312 304 NA 248 NA 168 143 137 NA 275 NA 130 NA 191 NA 210 290 294 
Ind847 NA 171 NA 240 NA 359 312 312 NA 248 NA 168 143 137 NA 265 NA 130 NA 191 NA 210 290 308 
Ind848 NA 187 242 242 355 363 NA 312 NA 276 172 168 137 135 275 263 NA 126 NA 191 204 200 NA 282 
Ind849 NA 153 242 248 339 359 NA 312 NA 268 NA 176 133 135 263 265 NA 120 NA 191 NA 208 NA 308 
Ind850 NA 157 NA 246 355 359 NA 308 NA 278 NA 164 135 135 NA 273 NA 120 NA 188 206 214 NA 282 
Ind851 165 153 NA 240 NA 355 312 308 298 288 NA 174 141 147 NA 263 NA 120 188 191 NA 200 NA 308 
Ind852 NA 177 242 242 NA 355 312 308 NA 272 176 178 141 133 NA 267 NA 124 NA 200 NA 206 NA 292 
Ind853 159 181 250 242 355 355 308 308 NA 288 170 170 NA 143 NA 259 NA 122 NA 191 198 200 NA 294 
Ind854 NA 159 NA 248 NA 359 NA 308 NA 298 NA 172 143 135 259 265 NA 118 191 191 206 206 NA 290 
Ind855 NA 159 NA 238 NA 339 NA 312 NA 266 178 168 NA 143 263 269 116 120 NA 191 206 206 NA 294 
Ind856 NA 159 NA 240 NA 359 NA 312 274 298 170 174 NA 141 NA 277 NA 124 188 188 NA 210 NA 318 
Ind857 NA 157 242 240 NA 339 312 312 278 272 NA 174 NA 135 271 265 NA 120 NA 191 206 204 298 284 
Ind858 NA 153 NA 242 355 339 NA 312 NA 286 NA 172 135 135 NA 267 NA 124 NA 191 NA 206 NA 294 
Ind859 157 177 NA 246 NA 359 NA 308 278 252 168 176 NA 135 269 273 130 126 NA 191 NA 206 NA 318 
Ind860 157 175 NA 242 355 355 NA 312 NA 292 NA 164 135 133 NA 265 118 120 NA 191 190 188 300 290 
Ind861 NA 157 NA 240 NA 339 308 312 NA 278 182 174 NA 135 267 271 118 130 NA 191 NA 206 292 282 
Ind862 NA 157 NA 242 NA 339 308 312 NA 278 182 174 NA 135 267 271 118 118 NA 191 NA 206 292 288 
Ind863 161 153 240 252 NA 355 312 312 286 328 NA 168 NA 141 NA 275 NA 118 NA 191 NA 208 278 288 
Ind864 NA 169 242 242 NA 355 NA 308 278 272 NA 168 NA 137 259 263 120 124 191 200 NA 206 NA 290 
Ind865 NA 157 NA 242 NA 355 NA 312 266 276 170 174 135 143 267 259 124 124 NA 191 204 212 NA 286 
Ind866 NA 163 NA 242 NA 355 NA 312 266 248 170 174 135 143 267 259 124 120 NA 191 204 212 NA 286 
Ind867 NA 171 NA 240 NA 363 NA 308 NA 272 NA 170 135 135 265 265 120 124 NA 191 NA 206 282 294 
Ind868 NA 169 242 242 355 355 NA 312 268 252 NA 170 139 137 259 259 NA 124 188 191 NA 206 318 294 
Ind869 NA 157 NA 242 NA 359 NA 312 NA 278 176 178 139 137 275 269 NA 124 NA 191 NA 206 NA 292 
Ind870 NA 169 240 250 NA 355 312 312 NA 248 NA 172 137 133 263 267 NA 126 191 188 NA 206 NA 300 
Ind871 165 155 NA 240 355 355 NA 308 286 276 NA 168 NA 135 NA 263 NA 124 NA 191 200 190 NA 284 
Ind872 165 171 NA 240 355 355 NA 312 286 278 NA 172 NA 135 NA 263 NA 124 NA 191 200 198 NA 284 
Ind873 NA 151 248 242 359 355 308 312 278 276 NA 174 NA 139 267 267 126 118 NA 188 NA 206 NA 294 
Ind874 NA 151 248 246 359 355 308 312 278 286 NA 174 NA 139 267 267 126 116 NA 188 NA 206 NA 318 
Ind875 165 169 NA 242 NA 355 312 312 NA 278 NA 170 NA 141 NA 271 NA 130 191 200 NA 198 NA 284 
Ind876 187 175 NA 242 NA 339 NA 312 NA 296 170 178 NA 143 269 267 124 116 NA 191 NA 210 NA 290 
Ind877 187 175 NA 242 NA 339 NA 312 NA 248 170 168 NA 143 269 267 124 116 NA 191 NA 210 NA 290 
Ind878 NA 167 246 246 359 355 312 312 NA 278 178 180 NA 135 271 299 NA 112 NA 191 NA 198 NA 306 
Ind879 153 169 NA 240 NA 355 NA 312 NA 278 NA 164 NA 141 267 265 NA 112 NA 188 204 196 294 320 
Ind880 165 179 NA 260 NA 355 312 312 NA 292 170 170 NA 135 NA 263 NA 124 NA 188 NA 206 NA 284 
Ind881 159 157 NA 242 NA 355 NA 308 NA 272 166 176 141 143 265 259 NA 118 NA 191 NA 208 NA 292 
Ind882 NA 169 NA 242 NA 355 NA 312 272 278 NA 182 NA 135 265 275 118 118 188 191 210 206 NA 286 
Ind883 181 175 238 242 355 355 NA 308 NA 266 NA 168 135 135 NA 265 NA 124 NA 191 NA 206 NA 300 
Ind884 NA 167 NA 240 NA 355 NA 308 NA 272 NA 166 137 137 NA 263 NA 130 NA 188 204 204 NA 294 
Ind885 NA 169 NA 240 NA 355 NA 308 NA 272 NA 166 137 143 NA 263 NA 130 NA 188 204 206 NA 292 
Ind886 NA 153 246 242 355 355 312 312 278 248 170 172 NA 135 NA 275 NA 120 191 191 238 206 294 298 
Ind887 NA 165 242 240 NA 355 308 304 298 272 NA 170 139 133 275 271 130 118 NA 191 206 198 NA 318 
Ind888 NA 171 244 238 355 355 NA 304 NA 282 NA 170 NA 137 NA 275 NA 118 185 191 NA 206 NA 282 
Ind889 157 165 NA 242 359 355 NA 312 248 286 170 178 NA 135 267 265 NA 120 191 191 NA 210 NA 292 
Ind890 157 157 NA 240 359 355 NA 312 248 266 170 178 NA 133 267 263 NA 120 191 194 NA 238 NA 290 
Ind891 NA 173 240 240 NA 339 312 308 NA 290 NA 168 NA 135 NA 259 128 116 191 191 208 206 292 282 
Ind892 NA 143 NA 246 NA 359 NA 308 278 298 170 168 NA 137 269 271 112 120 NA 191 NA 214 NA 282 
Ind893 157 167 242 242 NA 355 NA 308 NA 258 NA 170 NA 137 265 267 NA 112 191 188 NA 238 298 286 
Ind894 163 159 NA 264 NA 339 312 312 NA 272 170 176 NA 135 NA 261 NA 118 NA 191 NA 206 NA 294 
Ind895 NA 155 NA 242 355 355 NA 312 NA 248 172 176 143 147 NA 261 NA 120 NA 191 NA 206 NA 282 
Ind896 NA 157 246 242 NA 359 308 308 278 274 NA 168 NA 143 NA 265 120 124 191 191 NA 206 NA 290 
Ind897 NA 157 NA 248 NA 355 NA 312 278 248 172 170 139 135 NA 265 116 124 NA 188 NA 198 290 306 
Ind898 155 171 NA 242 NA 359 NA 312 248 272 NA 164 NA 141 NA 269 NA 120 188 191 NA 206 288 286 
Ind899 NA 173 NA 242 NA 339 NA 312 294 272 170 164 NA 141 NA 267 126 118 191 191 NA 214 NA 278 
Ind900 159 167 NA 246 355 363 NA 312 272 278 NA 178 NA 135 265 259 NA 120 191 191 206 206 NA 284 
Ind901 159 159 NA 246 355 355 NA 312 272 278 NA 182 NA 137 265 269 NA 124 191 191 206 206 NA 280 
Ind902 159 167 NA 246 355 355 NA 312 272 278 NA 182 NA 135 265 259 NA 124 191 191 206 206 NA 284 
Ind903 159 159 NA 246 355 355 NA 312 272 278 NA 182 NA 137 265 269 NA 120 191 191 206 206 NA 280 
Ind904 151 153 242 240 NA 359 312 308 272 278 164 164 NA 147 271 265 130 120 NA 200 210 208 308 284 
Ind905 165 167 NA 254 NA 355 NA 312 NA 288 NA 172 NA 135 NA 263 NA 124 NA 185 NA 210 NA 290 
Ind906 NA 167 NA 246 NA 359 312 312 306 252 170 176 NA 135 NA 267 120 120 188 191 206 214 NA 292 
Ind907 NA 157 NA 238 359 355 NA 312 NA 290 176 170 139 135 265 261 NA 124 NA 191 200 198 NA 286 
Ind908 NA 157 NA 238 359 355 NA 312 NA 290 176 170 139 135 265 261 NA 124 NA 191 200 206 NA 282 
Ind909 165 183 246 242 NA 355 NA 312 NA 278 NA 170 133 135 NA 269 NA 118 200 191 NA 214 NA 288 
Ind910 165 183 246 240 NA 355 NA 312 NA 278 NA 170 133 135 NA 269 NA 118 200 191 NA 204 NA 294 
Ind911 NA 169 NA 246 NA 339 312 312 278 288 NA 170 NA 135 265 265 118 120 NA 191 206 214 NA 292 
Ind912 NA 171 NA 240 355 339 NA 312 NA 278 176 166 NA 139 267 267 NA 118 191 191 NA 206 NA 286 
Ind913 159 157 NA 242 339 355 NA 312 272 266 NA 170 NA 135 261 265 NA 128 NA 188 NA 198 NA 282 
Ind914 159 157 NA 242 339 355 NA 312 272 266 NA 172 NA 135 261 265 NA 128 NA 188 NA 206 NA 286 
Ind915 NA 159 NA 242 359 359 NA 308 266 286 176 176 NA 135 NA 267 NA 130 NA 185 206 198 NA 290 
Ind916 NA 159 NA 238 359 359 NA 308 266 286 176 168 NA 143 NA 265 NA 124 NA 191 206 208 NA 290 
Ind917 NA 159 NA 242 359 355 NA 308 266 272 176 176 NA 143 NA 265 NA 130 NA 191 206 198 NA 292 
Ind918 NA 159 NA 238 359 359 NA 308 266 272 176 176 NA 143 NA 265 NA 124 NA 185 206 208 NA 292 
Ind919 NA 143 NA 238 359 339 NA 312 NA 288 NA 170 NA 143 NA 269 112 124 NA 194 NA 198 NA 308 
Ind920 NA 171 246 248 359 355 NA 304 NA 278 NA 170 137 133 259 267 NA 118 191 191 NA 206 NA 284 
Ind921 NA 157 242 240 NA 355 NA 308 278 278 NA 178 147 137 NA 267 NA 112 NA 194 206 206 NA 294 
Ind922 NA 157 NA 246 355 355 308 312 NA 278 170 170 NA 135 NA 257 124 116 188 191 204 206 282 318 
Ind923 157 167 242 240 351 359 312 312 NA 306 NA 170 NA 135 NA 275 NA 116 NA 200 NA 198 NA 290 
Ind924 NA 157 240 242 359 355 308 308 NA 278 170 174 NA 137 271 267 124 120 191 191 198 204 NA 298 
Ind925 NA 167 NA 248 355 355 308 312 276 288 NA 178 135 141 NA 267 120 124 NA 191 NA 210 NA 318 
Ind926 NA 165 240 240 NA 355 NA 312 278 288 174 172 137 135 263 267 NA 124 191 191 NA 206 278 318 
Ind927 173 153 NA 240 NA 359 NA 308 258 248 NA 174 133 137 NA 267 120 124 191 200 NA 196 286 290 
Ind928 173 157 NA 240 NA 359 NA 308 258 248 NA 174 133 135 NA 269 120 124 191 191 NA 196 286 290 
Ind929 NA 159 240 238 355 355 NA 312 NA 248 NA 168 NA 137 263 267 NA 120 NA 191 206 200 NA 292 
Ind930 NA 163 NA 242 NA 355 312 312 NA 298 NA 176 NA 137 NA 269 124 124 NA 191 NA 198 NA 292 
Ind931 NA 157 NA 242 NA 355 312 312 NA 248 NA 182 NA 137 NA 267 124 116 NA 191 NA 198 NA 292 
Ind932 NA 163 NA 246 NA 339 NA 308 272 294 176 170 NA 135 261 265 120 112 191 191 NA 206 280 298 
Ind933 NA 173 246 242 NA 359 312 312 NA 298 NA 178 137 135 271 263 NA 116 191 191 238 204 NA 284 
Ind934 NA 157 NA 246 NA 355 NA 312 NA 278 NA 168 NA 135 NA 263 124 118 NA 188 NA 206 NA 290 
Ind935 NA 157 NA 240 NA 355 NA 312 NA 278 NA 172 NA 135 NA 269 124 120 NA 191 NA 206 NA 300 
Ind936 173 167 NA 242 NA 355 NA 308 288 278 NA 166 NA 139 NA 267 NA 112 191 185 NA 214 NA 300 
Ind937 NA 161 242 242 NA 359 NA 308 268 278 NA 168 NA 137 NA 273 124 120 NA 191 NA 200 292 300 
Ind938 157 159 240 244 NA 355 NA 308 NA 278 170 170 NA 135 269 267 NA 118 NA 191 NA 198 NA 300 
Ind939 155 165 240 238 NA 339 NA 308 NA 272 170 176 NA 135 NA 259 124 120 NA 188 198 206 NA 318 
Ind940 NA 157 NA 242 NA 355 308 312 298 278 NA 168 NA 139 NA 271 NA 126 NA 191 NA 206 NA 318 
Ind941 NA 157 NA 242 NA 355 308 312 298 278 NA 168 NA 135 NA 271 NA 126 NA 191 NA 206 NA 318 
Ind942 NA 143 240 242 355 339 NA 312 NA 278 NA 176 NA 135 269 271 NA 120 NA 191 NA 206 NA 288 
Ind943 NA 153 NA 240 NA 355 NA 308 NA 328 164 178 NA 137 271 271 116 118 NA 188 214 206 NA 306 
Ind944 157 159 NA 240 NA 359 NA 312 NA 248 NA 176 NA 135 NA 263 NA 124 NA 191 NA 198 280 294 
Ind945 NA 161 240 240 355 359 312 312 272 272 NA 176 NA 135 NA 267 NA 120 188 191 NA 200 NA 298 
Ind946 175 175 NA 246 355 339 NA 312 278 252 166 172 141 135 NA 265 120 124 NA 191 NA 206 308 282 
Ind947 175 175 NA 246 355 355 NA 312 278 252 166 166 141 137 NA 263 120 124 NA 188 NA 206 308 290 
Ind948 NA 153 NA 242 NA 363 308 312 NA 278 168 178 NA 135 NA 263 116 118 NA 191 214 204 NA 294 
Ind949 167 159 238 246 359 339 312 312 268 278 NA 164 135 141 NA 265 124 118 NA 191 190 214 294 294 
Ind950 157 157 NA 242 NA 339 308 312 278 254 NA 176 143 133 273 257 116 120 NA 191 NA 204 NA 286 
Ind951 157 157 NA 242 NA 339 308 312 278 272 NA 176 143 141 273 275 116 120 NA 191 NA 198 NA 286 
Ind952 143 173 NA 246 NA 355 NA 312 252 278 NA 176 133 135 257 257 NA 118 191 188 198 204 NA 282 
Ind953 143 173 NA 240 NA 355 NA 312 252 274 NA 176 133 135 257 257 NA 124 191 191 198 206 NA 280 
Ind954 NA 153 NA 250 355 339 NA 308 NA 268 168 170 NA 133 267 267 118 120 NA 191 NA 238 NA 294 
Ind955 NA 153 NA 242 355 355 NA 312 NA 268 168 170 NA 133 267 263 118 116 NA 185 NA 238 NA 294 
Ind956 167 157 278 242 355 359 308 312 NA 278 NA 170 NA 135 NA 275 120 124 NA 191 NA 206 284 294 
Ind957 175 165 NA 246 NA 355 308 304 NA 278 168 168 141 135 259 265 NA 116 NA 191 214 198 NA 290 
Ind958 165 171 NA 238 359 355 308 308 NA 272 176 176 NA 135 265 269 NA 126 191 188 NA 238 NA 280 
Ind959 165 157 NA 238 359 355 308 312 NA 278 176 168 NA 135 265 269 NA 112 191 191 NA 238 NA 294 
Ind960 NA 143 248 246 359 363 312 312 NA 278 NA 184 NA 141 NA 275 NA 124 197 191 NA 206 NA 284 
Ind961 157 155 NA 240 NA 355 NA 308 288 288 168 170 NA 137 NA 267 NA 120 NA 191 NA 198 NA 300 
Ind962 NA 165 246 254 359 355 308 312 NA 298 NA 170 NA 141 NA 269 124 124 NA 191 NA 206 294 282 
Ind963 NA 165 246 248 359 359 308 312 NA 298 NA 166 NA 141 NA 269 124 120 NA 191 NA 214 294 282 
Ind964 177 171 NA 242 NA 339 308 312 NA 252 172 178 NA 143 NA 267 130 112 191 191 NA 206 NA 294 
Ind965 187 153 NA 246 NA 355 NA 312 278 292 NA 168 NA 135 NA 265 NA 122 NA 188 206 214 NA 282 
Ind966 159 175 NA 242 NA 355 308 308 NA 278 NA 170 147 137 NA 257 NA 120 191 191 198 214 NA 294 
Ind967 NA 157 NA 240 NA 355 308 312 NA 266 166 170 NA 135 267 265 NA 124 NA 191 198 206 298 286 
Ind968 NA 171 NA 240 NA 339 308 312 NA 266 166 174 NA 133 267 265 NA 124 NA 191 198 206 298 298 
Ind969 NA 157 246 254 359 355 NA 312 NA 258 172 168 NA 133 NA 299 112 124 NA 191 NA 238 298 294 
Ind970 175 173 NA 240 355 359 312 312 NA 278 178 176 NA 141 NA 275 NA 112 NA 191 NA 190 NA 292 
Ind971 153 157 NA 248 NA 355 NA 308 272 278 NA 170 NA 147 NA 271 124 124 191 188 NA 206 NA 280 
Ind972 NA 183 NA 242 355 355 NA 312 NA 290 NA 170 NA 135 265 275 NA 126 191 191 198 198 NA 318 
Ind973 167 167 246 248 NA 355 NA 308 278 278 NA 170 135 137 271 269 120 124 NA 191 210 206 NA 288 
Ind974 157 167 NA 254 NA 359 NA 312 278 278 172 170 137 147 NA 265 NA 120 NA 191 212 198 NA 284 
Ind975 157 171 NA 246 NA 359 NA 312 278 278 172 170 137 137 NA 271 NA 120 NA 188 212 198 NA 286 
Ind976 NA 169 NA 248 NA 359 308 312 278 248 168 170 141 137 NA 259 NA 120 NA 191 204 190 NA 286 
Ind977 NA 169 NA 278 NA 359 308 308 278 248 168 170 141 137 NA 259 NA 120 NA 191 204 190 NA 286 
Ind978 159 171 NA 240 355 355 NA 312 NA 278 170 170 135 135 269 265 NA 124 NA 188 NA 204 284 306 
Ind979 173 173 NA 242 NA 339 NA 312 NA 278 NA 170 NA 137 NA 275 NA 120 191 191 NA 190 NA 284 
Ind980 173 173 NA 242 NA 339 NA 312 NA 278 NA 170 NA 137 NA 275 NA 120 191 191 NA 200 NA 284 
Ind981 NA 157 246 242 NA 355 312 312 NA 298 170 174 NA 143 NA 267 NA 112 NA 191 NA 198 NA 290 
Ind982 187 167 NA 242 355 355 312 308 NA 286 176 164 NA 135 NA 261 NA 120 191 188 NA 206 NA 294 
Ind983 187 143 NA 278 355 355 312 312 NA 286 176 164 NA 135 NA 261 NA 120 191 188 NA 206 NA 294 
Ind984 159 157 240 254 355 363 312 312 NA 272 NA 170 NA 141 269 267 NA 124 NA 191 210 198 308 308 
Ind985 NA 161 NA 254 NA 355 312 312 292 278 168 166 NA 135 275 267 NA 130 NA 191 NA 206 284 294 
Ind986 NA 161 NA 242 NA 355 312 312 292 294 168 166 NA 135 275 267 NA 124 NA 191 NA 206 284 292 
Ind987 173 165 NA 240 339 355 NA 312 278 284 NA 178 137 135 NA 275 120 120 NA 191 NA 198 NA 318 
Ind988 NA 159 NA 242 NA 355 NA 308 266 272 NA 170 135 135 NA 275 120 120 NA 188 NA 200 278 288 
Ind989 NA 173 NA 242 NA 355 NA 308 266 272 NA 170 135 135 NA 275 120 120 NA 188 NA 200 278 288 
Ind990 163 155 NA 246 355 355 NA 312 NA 296 170 176 143 135 NA 259 NA 118 NA 188 206 238 NA 298 
Ind991 153 165 242 242 NA 359 NA 304 NA 278 NA 164 NA 133 NA 275 NA 112 NA 191 206 206 NA 290 
Ind992 NA 151 254 248 NA 359 NA 312 NA 286 NA 176 NA 135 NA 269 116 124 NA 200 NA 204 318 294 
Ind993 NA 151 254 242 NA 355 NA 312 NA 286 NA 176 NA 135 NA 269 116 124 NA 194 NA 204 318 298 
Ind994 NA 171 248 240 359 363 312 308 252 278 NA 170 NA 135 267 265 124 124 NA 191 204 238 286 300 
Ind995 NA 171 248 242 359 355 312 312 252 278 NA 170 NA 135 267 259 124 112 NA 191 204 238 286 286 
Ind996 NA 159 242 264 NA 355 NA 312 268 248 168 178 NA 135 275 267 120 124 188 191 198 206 NA 294 
Ind997 NA 173 NA 242 NA 355 312 308 298 286 NA 172 NA 141 NA 265 120 124 NA 191 NA 214 NA 294 
Ind998 157 155 NA 254 355 355 NA 312 272 296 NA 176 137 135 NA 269 NA 124 NA 188 NA 206 NA 298 
Ind999 NA 157 246 240 355 359 NA 308 NA 278 NA 168 NA 137 269 271 NA 118 191 191 206 206 NA 282 
Ind1000 NA 167 246 240 355 359 NA 312 NA 278 NA 172 NA 137 269 271 NA 120 191 191 206 190 NA 282 

0 0 !Probabilities that the father and mother of an offspring included in candidates
0 0 !Numbers of candidate males and females



0 0 !Number of known paternities

0 0 !Number of known maternities

0 !Number of known paternal sibships with unknown fathers

0  !Number of known maternal sibships with unknown mothers

0  !Number of offspring with known excluded paternity

0  !Number of offspring with known excluded maternity

0  !Number of offspring with known excluded paternal sibships

0  !Number of offspring with known excluded maternal sibships

