mixtus_pp0.2 ! C, Dataset name, Length<51
mixtus_pp0.2 ! C, Main output file name, Length<21
1000 ! I, Number of offspring in the sample
10 ! I, Number of loci
123 ! I, Seed for random number generator
0 ! B, 0/1=Not updating/updating allele frequency
2 ! 2/1=Dioecious/Monoecious
0 ! 0/1=No inbreeding/inbreeding
1 ! B, 0/1=Diploid species/HaploDiploid species
1 0 ! B, 0/1=Polygamy/Monogamy for males & females
0 ! 0/1=No clone inference/clone inference
0 ! 0/1=No scaling/sibship size scaling
0 0 0 ! B, R, R : Use sibship prior, Y/N=1/0. If Yes, give mean paternal, maternal sibship size
0 ! B, 0/1=Unknown/Known population allele frequency

1 ! I, Number of runs
3 ! I, Length of Run (1, 2, 3) = (Short, Medium, Long)
1 ! B, 0/1=Monitor method by Iterate#/Time in second
60 ! I, Monitor interval in Iterate#/Seconds
0 ! B, 0/1=Other platform/Windows execution
1 ! 1/0=Full-likelihood/pairwise-likelihood score method
3 ! 1/2/3=low/medium/high precision


BT10 BTMS0057 BTMS0086 BTMS0066 BTMS0062 BTMS0136 BTMS0126 BL13 BTMS0083 B126 !Marker IDs
0 0 0 0 0 0 0 0 0 0 !Marker types, 0/1=Codominant/Dominant
0 0 0 0 0 0 0 0 0 0 !Marker-specific allelic dropout rate
0 0 0 0 0 0 0 0 0 0 !Other marker-specific typing-error rate


1 132 134 266 268 126 132 274 277 NA 146 251 263 176 172 114 110 169 175 NA 182 !Offspring ID and genotypes
2 NA 134 NA 266 124 126 274 277 146 134 NA 241 184 174 112 112 177 170 NA 276 
3 NA 134 266 266 126 124 274 274 NA 146 243 235 176 176 112 114 169 170 190 278 
4 NA 134 266 266 126 124 274 274 NA 146 243 247 176 176 112 169 169 177 190 278 
5 144 132 266 266 NA 128 274 274 134 146 243 245 168 170 NA 112 170 172 202 168 
6 134 132 266 266 NA 128 274 277 146 143 245 247 NA 184 163 177 NA 169 174 268 
7 136 134 NA 266 126 130 277 274 146 146 241 241 170 172 169 163 NA 170 190 280 
8 136 134 NA 266 126 130 277 277 146 146 241 241 170 172 169 163 NA 168 190 280 
9 138 138 266 266 NA 126 274 274 143 143 235 241 NA 180 NA 114 NA 179 280 184 
10 134 136 266 266 NA 126 277 277 119 143 NA 231 178 176 NA 167 170 168 NA 268 
11 144 140 268 266 122 128 NA 274 NA 146 243 251 170 174 171 114 168 172 170 178 
12 144 140 266 266 NA 126 274 274 NA 134 249 245 172 172 112 167 170 175 274 276 
13 140 138 NA 266 116 124 274 274 140 137 241 253 190 168 NA 167 168 168 280 280 
14 NA 134 266 266 128 126 277 274 134 146 NA 235 174 180 114 110 171 169 172 172 
15 138 140 268 266 NA 122 274 274 149 146 251 255 184 184 169 110 170 185 270 270 
16 138 140 268 266 NA 122 274 274 149 140 251 255 184 184 169 110 170 166 270 196 
17 152 140 NA 266 122 130 274 274 146 140 243 241 176 170 167 171 168 168 176 176 
18 152 140 NA 266 122 130 274 274 146 140 243 241 176 170 167 171 168 170 176 176 
19 152 134 NA 268 122 130 274 274 146 140 243 241 176 170 167 171 168 170 176 270 
20 134 134 266 266 130 122 NA 274 146 158 255 289 NA 172 169 167 NA 174 270 280 
21 144 160 266 266 NA 122 277 277 146 134 NA 255 NA 174 NA 114 171 166 172 176 
22 144 144 266 266 NA 122 277 277 146 134 NA 241 NA 174 NA 114 171 166 172 268 
23 140 134 266 266 NA 124 274 274 NA 146 247 241 182 180 167 112 171 170 172 280 
24 140 134 266 266 NA 126 274 274 NA 146 247 241 182 180 167 112 171 170 172 186 
25 140 134 266 266 NA 126 NA 277 140 146 241 243 184 180 NA 112 NA 170 NA 172 
26 NA 144 NA 266 NA 124 277 274 NA 149 243 243 NA 176 114 167 177 187 176 276 
27 138 134 268 266 126 124 274 274 155 146 235 247 176 176 167 167 172 175 268 182 
28 138 134 268 266 126 130 274 274 155 146 235 245 176 178 167 112 172 175 268 268 
29 138 134 268 266 126 124 274 274 155 146 235 245 176 176 167 112 172 169 268 268 
30 NA 132 268 268 128 124 274 274 140 143 257 241 180 178 167 112 172 169 268 178 
31 144 142 266 266 NA 122 274 274 140 137 241 255 174 186 112 167 187 174 NA 176 
32 144 132 266 266 130 124 274 277 146 143 241 235 178 174 112 114 173 169 276 172 
33 132 134 266 266 NA 126 274 277 134 140 241 243 NA 168 112 112 170 167 170 280 
34 132 138 266 266 NA 126 274 274 134 152 241 243 NA 176 112 112 170 167 170 280 
35 132 138 266 268 NA 124 274 277 134 140 241 247 NA 176 112 112 170 167 170 280 
36 132 134 266 268 NA 124 274 274 134 152 241 243 NA 176 112 112 170 167 170 174 
37 132 140 268 266 130 124 274 274 140 143 243 241 190 184 169 112 170 176 170 278 
38 132 146 268 266 130 124 274 274 140 143 243 243 190 184 169 112 170 170 170 268 
39 132 132 266 266 128 128 NA 274 143 146 249 241 184 182 114 112 175 175 172 178 
40 138 140 266 266 126 130 274 274 146 146 243 249 NA 182 169 169 NA 169 172 280 
41 134 138 NA 266 NA 124 NA 274 140 146 NA 239 NA 178 171 116 175 168 NA 268 
42 132 136 266 266 130 128 277 274 146 137 247 241 168 180 NA 169 170 170 276 276 
43 132 136 266 266 130 124 277 274 146 137 247 235 168 180 NA 169 170 170 276 276 
44 134 138 268 266 122 128 274 274 146 134 NA 257 190 168 112 114 170 168 176 172 
45 134 134 266 266 130 128 274 274 140 137 243 251 NA 188 110 108 173 175 276 188 
46 134 140 266 266 130 128 274 274 140 137 243 251 NA 182 110 108 173 175 276 188 
47 134 140 266 266 130 128 274 274 140 137 243 251 NA 182 110 108 173 175 276 276 
48 136 142 NA 266 124 122 277 274 146 143 257 261 168 184 NA 167 181 173 176 274 
49 NA 132 NA 266 122 124 274 274 143 140 243 239 174 178 112 112 170 167 280 280 
50 144 132 NA 266 128 126 274 274 146 146 239 251 174 178 112 169 168 168 174 268 
51 132 128 NA 266 NA 122 274 274 NA 113 243 243 176 174 175 114 168 169 172 278 
52 NA 132 NA 266 NA 124 274 274 146 143 253 241 NA 182 114 110 177 170 170 278 
53 134 138 266 266 124 124 NA 277 137 146 247 263 184 176 169 167 193 168 NA 178 
54 146 140 266 268 126 122 274 274 143 182 243 235 NA 168 112 185 168 173 276 176 
55 136 134 266 266 128 128 NA 277 146 143 235 241 172 180 167 112 167 170 NA 276 
56 NA 136 266 266 124 124 274 274 NA 146 241 241 182 154 112 110 171 170 276 276 
57 134 134 268 266 124 130 274 277 146 137 239 249 NA 196 114 114 187 175 188 170 
58 138 132 266 266 NA 124 277 274 146 146 235 241 172 168 167 112 171 170 178 276 
59 134 136 266 268 126 126 274 274 NA 143 251 243 170 186 108 171 173 174 268 176 
60 NA 132 268 266 130 126 274 277 149 134 243 247 178 188 171 114 172 173 280 280 
61 NA 132 268 266 130 122 274 277 149 134 243 247 178 188 171 114 172 174 280 280 
62 134 138 266 268 136 122 274 274 134 140 245 247 170 178 167 112 171 177 170 270 
63 140 140 266 266 132 126 274 277 146 146 255 263 180 178 NA 112 174 179 NA 270 
64 138 138 266 266 124 128 NA 277 143 140 243 245 166 174 112 112 171 168 172 276 
65 132 132 266 268 124 130 277 274 143 155 241 241 180 168 NA 169 171 187 NA 172 
66 132 142 266 268 124 130 277 274 143 155 241 253 180 184 NA 169 171 187 NA 172 
67 140 128 266 266 128 124 277 274 NA 146 235 255 174 180 112 171 168 175 190 278 
68 134 134 268 266 124 122 NA 277 140 146 235 255 190 176 114 112 170 174 180 170 
69 140 132 266 266 126 126 274 274 146 143 243 241 180 180 169 169 172 166 278 276 
70 132 134 266 266 124 128 NA 274 146 146 235 247 172 186 165 167 169 168 172 170 
71 132 144 NA 266 130 132 274 277 146 146 253 241 180 168 116 169 171 168 276 270 
72 134 134 266 266 128 126 274 274 146 149 NA 241 NA 162 169 169 167 170 274 270 
73 134 134 266 266 128 128 274 277 146 143 NA 243 NA 186 169 169 167 171 274 278 
74 132 134 266 266 122 128 274 274 140 146 243 241 170 186 169 112 NA 169 278 276 
75 142 132 NA 266 128 126 274 277 140 146 241 241 170 178 112 112 176 169 278 188 
76 140 132 266 266 128 124 277 274 NA 119 239 241 182 178 167 167 168 167 NA 172 
77 NA 140 266 268 130 126 NA 274 146 146 243 249 188 180 171 112 169 169 170 276 
78 136 134 266 268 130 126 274 277 NA 143 NA 245 176 176 NA 169 166 169 178 270 
79 136 138 266 266 122 124 277 274 134 146 241 235 NA 180 169 112 173 173 172 280 
80 NA 132 266 266 126 124 274 274 140 137 239 253 176 176 116 114 189 166 278 172 
81 134 134 268 268 128 128 277 274 152 146 235 247 180 178 112 112 NA 173 172 172 
82 140 140 266 266 NA 128 277 274 140 143 247 235 178 176 112 177 NA 187 276 174 
83 134 140 NA 266 124 122 277 274 146 143 NA 253 168 184 112 169 167 169 174 268 
84 134 134 268 266 124 126 274 274 143 146 251 235 NA 168 167 112 NA 177 170 172 
85 140 138 NA 266 124 128 274 277 137 146 247 253 168 178 169 167 169 170 NA 172 
86 140 138 NA 266 124 130 274 277 137 146 247 241 168 178 169 167 169 171 NA 172 
87 140 138 NA 266 124 130 274 277 137 146 247 253 168 182 169 167 169 170 NA 172 
88 128 148 268 266 124 128 274 274 NA 146 235 241 172 178 112 112 175 169 270 268 
89 128 148 268 268 124 128 274 274 NA 140 235 235 172 178 112 112 175 170 270 170 
90 NA 134 268 266 NA 124 277 274 119 149 245 241 178 182 169 167 168 171 272 192 
91 134 134 266 266 124 128 274 277 143 140 249 241 168 174 112 112 175 171 170 172 
92 134 132 266 266 130 130 NA 274 146 149 243 235 NA 168 112 112 NA 172 280 278 
93 134 134 NA 266 128 126 277 277 134 143 231 251 NA 180 169 114 173 168 174 276 
94 134 144 NA 266 128 126 277 274 134 143 231 247 NA 180 169 169 173 168 174 280 
95 140 132 268 266 130 128 274 274 140 146 255 235 178 178 112 114 171 177 276 284 
96 140 138 266 266 126 130 274 274 146 134 255 251 178 180 114 167 NA 166 NA 276 
97 140 140 266 266 126 128 274 274 146 134 255 251 178 180 114 167 NA 166 NA 276 
98 140 138 268 266 NA 128 NA 274 NA 146 243 239 182 192 171 169 169 176 176 276 
99 NA 136 266 266 130 128 277 274 149 143 247 269 184 174 114 165 169 170 178 268 
100 138 134 266 266 122 124 274 274 137 140 247 241 174 172 114 165 170 172 280 172 
101 138 134 266 266 122 130 274 274 137 143 247 251 174 172 114 165 170 172 280 176 
102 138 144 266 266 122 124 274 274 137 143 247 241 174 172 114 169 170 171 280 172 
103 138 134 266 266 NA 126 274 274 134 140 241 249 NA 172 169 167 169 193 NA 174 
104 140 148 NA 266 126 124 NA 274 143 134 243 249 188 190 112 114 NA 174 172 268 
105 140 148 NA 266 126 122 NA 274 143 134 243 249 188 190 112 112 NA 174 172 268 
106 138 138 266 266 NA 126 274 274 143 149 241 243 172 182 112 169 170 168 170 278 
107 140 146 266 266 126 122 274 274 NA 143 243 247 178 168 167 169 179 171 NA 168 
108 132 140 NA 266 116 124 NA 274 NA 146 235 241 172 170 177 165 168 171 268 278 
109 136 134 266 266 126 122 NA 274 146 143 235 235 NA 180 NA 110 175 171 276 170 
110 NA 146 266 266 128 126 274 274 NA 146 NA 247 170 180 167 169 172 173 176 268 
111 132 134 266 266 126 126 NA 274 140 146 245 247 178 184 167 112 NA 169 270 276 
112 132 134 266 266 126 128 NA 274 140 140 245 279 178 184 167 112 NA 177 270 170 
113 132 134 266 266 126 128 NA 274 140 146 245 247 178 176 167 112 NA 169 270 276 
114 132 132 268 266 128 124 274 274 140 149 241 243 176 180 114 169 NA 176 268 172 
115 150 138 268 268 NA 126 277 277 146 140 NA 239 NA 182 112 116 169 175 282 182 
116 136 134 266 266 124 124 NA 274 146 143 269 241 188 172 169 169 168 171 172 272 
117 134 144 266 266 126 124 277 274 134 149 245 241 178 170 179 112 170 174 276 178 
118 134 144 266 266 128 124 274 277 NA 146 245 255 174 190 169 167 170 170 178 176 
119 128 134 266 266 132 132 NA 277 146 134 247 231 186 168 177 112 172 170 170 268 
120 NA 134 266 268 128 128 NA 274 140 140 255 243 172 184 175 167 NA 175 NA 172 
121 132 134 266 266 126 126 274 277 149 146 235 235 184 180 110 112 170 169 NA 276 
122 132 136 266 266 126 122 277 277 134 143 241 257 182 182 NA 169 170 169 NA 172 
123 138 140 266 266 128 126 274 274 143 119 243 255 NA 184 167 112 170 171 180 280 
124 136 138 NA 266 132 124 274 274 140 146 243 249 NA 176 NA 110 171 168 278 174 
125 134 134 NA 268 128 124 274 277 NA 146 251 241 176 174 112 112 NA 170 NA 174 
126 128 146 NA 266 130 124 274 274 146 140 251 253 170 176 110 173 168 169 268 172 
127 134 134 266 266 124 124 274 274 155 140 241 259 186 160 167 114 NA 170 178 276 
128 134 134 266 266 124 124 274 274 155 140 241 259 186 154 167 114 NA 170 178 276 
129 134 138 266 266 124 124 274 274 155 182 241 259 186 160 167 110 NA 170 178 270 
130 142 138 266 266 NA 124 NA 277 146 143 247 243 190 182 108 169 NA 173 174 276 
131 142 138 266 266 NA 124 NA 274 146 152 247 243 190 180 108 169 NA 171 174 276 
132 140 138 266 266 128 124 274 274 146 149 241 241 NA 172 173 169 168 168 276 276 
133 144 132 NA 266 128 124 274 274 134 146 235 255 166 168 NA 169 179 177 NA 278 
134 NA 148 266 266 124 130 274 274 NA 146 247 243 168 176 112 112 NA 170 178 174 
135 144 138 266 266 130 128 274 274 146 146 249 255 170 172 NA 165 170 172 268 280 
136 136 146 266 266 126 124 274 274 176 149 289 235 NA 182 167 112 168 175 268 270 
137 136 142 266 266 126 128 274 274 176 149 289 235 NA 176 167 169 168 177 268 284 
138 NA 138 NA 266 124 124 NA 274 158 143 249 251 184 184 112 114 179 168 174 280 
139 134 136 266 266 122 124 274 274 NA 146 235 241 162 186 167 114 170 175 178 268 
140 134 136 266 266 122 124 274 274 NA 146 235 241 162 178 167 112 170 167 178 276 
141 142 134 266 266 124 128 NA 274 152 146 243 255 180 168 169 167 170 172 276 268 
142 132 132 266 266 128 128 274 274 146 146 NA 239 168 178 169 167 169 170 278 168 
143 136 136 266 266 126 124 274 274 NA 149 241 241 184 180 169 173 NA 172 276 270 
144 134 134 266 266 124 124 277 274 140 146 241 251 NA 176 167 112 177 169 NA 172 
145 134 134 266 266 124 124 277 274 140 146 241 235 NA 178 167 112 177 169 NA 182 
146 NA 142 266 266 NA 128 274 274 134 146 NA 289 172 168 169 110 168 170 280 186 
147 NA 140 266 266 NA 128 274 274 134 140 NA 289 172 168 169 167 168 170 280 186 
148 132 134 266 266 130 126 274 274 146 119 247 247 178 172 116 112 170 170 284 268 
149 132 134 266 266 130 126 274 274 146 119 247 247 178 172 116 173 170 172 284 276 
150 136 132 266 266 130 126 274 274 NA 140 NA 241 174 190 114 177 170 174 NA 174 
151 NA 136 NA 266 130 128 274 274 NA 140 243 239 NA 186 NA 110 172 169 NA 276 
152 NA 132 266 266 124 124 274 274 146 143 247 241 180 172 116 112 169 168 NA 172 
153 140 138 NA 268 NA 126 277 274 149 140 245 241 166 176 114 171 170 173 276 170 
154 140 138 NA 266 NA 126 277 274 149 140 245 251 166 176 114 112 170 175 276 170 
155 144 128 266 268 126 126 NA 277 146 146 NA 235 170 186 NA 110 169 174 170 180 
156 144 128 266 266 126 126 NA 277 146 146 NA 235 170 170 NA 110 169 174 170 172 
157 134 136 266 266 126 126 NA 277 143 119 241 255 NA 168 108 114 170 166 276 272 
158 134 136 266 266 126 132 NA 277 143 119 241 273 NA 168 108 114 170 170 276 174 
159 142 140 NA 266 124 130 274 274 134 155 235 235 180 178 169 112 169 179 268 268 
160 138 140 266 266 126 128 274 274 137 134 243 243 170 182 116 114 168 169 170 268 
161 142 134 NA 266 128 126 277 274 146 146 255 243 176 176 108 165 170 169 NA 174 
162 142 132 NA 266 128 122 277 274 146 146 255 243 176 180 108 165 170 169 NA 274 
163 132 142 NA 266 126 124 274 277 155 152 231 241 NA 180 169 167 179 175 NA 278 
164 132 130 NA 266 126 126 274 277 155 152 231 241 NA 180 169 167 179 187 NA 278 
165 140 134 266 266 128 122 277 274 119 143 245 241 184 178 169 169 171 170 NA 280 
166 132 132 268 266 124 126 277 274 134 140 243 243 154 174 110 112 174 168 NA 170 
167 NA 134 NA 266 126 128 277 274 143 146 241 231 182 186 165 112 173 170 NA 176 
168 134 132 266 266 124 122 274 274 134 134 243 241 184 168 NA 169 169 169 276 276 
169 NA 134 266 266 124 122 274 274 NA 146 247 235 180 178 167 114 167 179 168 276 
170 152 146 266 266 130 128 277 274 NA 155 243 243 182 172 169 167 172 171 NA 182 
171 134 134 NA 266 130 124 274 274 146 143 247 241 186 174 112 114 168 172 NA 168 
172 134 142 NA 268 130 126 274 274 146 146 247 251 186 170 112 114 168 172 NA 172 
173 134 144 266 266 NA 130 274 274 146 146 245 235 184 178 112 167 NA 172 170 178 
174 134 144 266 266 NA 130 274 274 146 134 245 235 184 186 112 167 NA 172 170 178 
175 138 136 266 268 128 124 NA 277 146 146 243 235 176 184 NA 110 174 170 174 278 
176 138 132 266 266 124 130 NA 274 NA 146 239 241 170 172 112 112 177 169 268 176 
177 134 134 266 266 130 124 274 277 146 143 247 241 174 178 112 169 172 167 276 276 
178 134 144 266 266 130 124 274 277 146 143 247 241 174 182 112 167 172 177 276 276 
179 140 134 266 266 122 122 274 274 146 146 269 255 NA 176 173 114 167 173 268 174 
180 134 138 268 266 126 126 274 274 NA 143 231 247 172 170 167 112 167 166 268 280 
181 138 128 NA 266 126 126 274 277 146 167 251 235 NA 174 NA 112 NA 167 172 170 
182 138 128 NA 266 126 126 274 277 146 167 251 235 NA 174 NA 169 NA 167 172 176 
183 132 144 266 266 126 130 277 274 140 140 247 245 168 172 112 167 170 175 280 170 
184 132 144 266 266 126 130 277 274 140 140 247 235 168 172 112 167 170 175 280 170 
185 136 140 266 268 128 126 274 277 NA 143 NA 255 172 168 167 110 170 169 276 172 
186 140 148 266 266 128 128 274 277 149 146 231 247 174 178 116 169 170 185 NA 178 
187 138 142 NA 266 128 128 274 277 149 164 245 259 NA 174 167 171 NA 171 178 278 
188 144 134 266 266 128 126 274 274 146 140 243 247 170 184 167 167 177 168 178 170 
189 144 166 268 266 NA 122 NA 274 146 146 NA 235 176 168 112 112 166 170 176 170 
190 144 166 268 266 NA 124 NA 277 146 146 NA 235 176 180 112 169 166 170 176 176 
191 144 166 268 266 NA 122 NA 274 146 146 NA 251 176 180 112 169 166 173 176 170 
192 138 138 266 266 NA 130 NA 274 146 137 243 241 178 186 112 112 170 168 280 178 
193 136 134 266 268 130 122 NA 277 179 149 239 241 176 188 112 167 168 168 280 270 
194 138 132 266 266 NA 124 274 277 146 146 245 243 178 182 169 114 170 179 NA 178 
195 132 134 266 266 122 126 274 274 146 146 251 241 176 178 112 165 172 175 268 176 
196 134 152 NA 266 124 126 277 274 155 149 NA 251 NA 178 112 112 NA 172 176 278 
197 134 152 NA 266 124 126 277 277 155 149 NA 251 NA 178 112 112 NA 172 176 274 
198 144 142 266 266 NA 130 NA 274 NA 167 247 257 172 176 112 171 NA 174 172 280 
199 140 146 266 266 128 130 274 277 NA 146 243 247 174 176 112 169 169 193 276 268 
200 134 140 266 266 124 126 274 277 NA 146 253 247 NA 168 112 106 169 168 NA 268 
201 134 134 266 266 124 122 NA 274 146 146 241 239 184 178 112 169 170 169 278 280 
202 134 134 266 266 122 122 274 274 140 146 247 235 184 176 112 169 NA 172 172 278 
203 132 132 266 266 NA 128 274 274 146 146 241 245 180 180 112 165 166 167 280 192 
204 134 146 NA 266 126 128 274 274 143 146 NA 241 NA 170 110 112 170 170 NA 172 
205 NA 132 NA 268 130 130 274 274 170 146 251 261 162 176 NA 110 171 170 276 186 
206 134 150 268 266 126 122 274 274 NA 146 NA 239 172 176 116 171 170 177 174 276 
207 142 136 NA 266 124 124 274 274 161 146 241 241 168 182 112 167 169 187 270 176 
208 132 132 266 266 122 124 274 277 146 137 241 253 178 180 169 167 164 175 174 268 
209 144 142 266 266 128 130 277 274 140 140 NA 231 184 174 NA 112 168 175 274 188 
210 NA 144 268 266 124 128 274 277 155 143 273 249 NA 180 NA 169 170 170 268 276 
211 140 144 266 266 126 126 274 274 146 143 NA 245 NA 166 114 112 NA 177 NA 172 
212 134 144 266 266 NA 122 274 274 140 143 NA 241 NA 172 169 167 NA 173 170 176 
213 128 140 266 268 132 126 274 274 146 149 NA 247 174 176 167 112 168 171 278 170 
214 138 138 266 266 128 130 NA 274 NA 152 243 269 176 178 112 167 169 169 276 176 
215 132 144 266 266 130 122 274 274 146 167 235 247 184 180 114 112 167 168 172 268 
216 130 138 266 266 NA 122 274 274 146 140 247 251 178 176 165 112 179 169 174 178 
217 132 140 266 268 128 126 274 274 146 143 249 255 172 178 108 169 172 170 270 174 
218 NA 136 266 266 130 126 274 274 146 149 267 241 182 174 114 169 172 179 NA 170 
219 132 132 266 266 132 126 277 274 NA 134 247 235 174 178 173 116 NA 177 188 176 
220 134 138 NA 266 126 122 274 274 140 143 241 251 176 170 114 177 171 173 276 174 
221 134 138 NA 266 126 122 274 274 140 146 241 241 176 170 114 112 171 173 276 174 
222 134 138 268 268 NA 132 274 277 146 146 NA 239 NA 170 169 114 169 170 268 172 
223 138 138 266 266 NA 128 277 274 140 143 NA 251 188 168 112 112 168 172 280 276 
224 138 140 266 266 NA 124 277 277 140 149 NA 251 188 168 112 112 168 172 280 276 
225 NA 128 266 266 116 124 274 277 146 146 255 259 NA 174 169 169 170 173 280 176 
226 134 140 266 266 128 122 274 277 140 134 241 243 NA 176 169 167 NA 171 282 280 
227 NA 144 NA 266 128 130 274 274 146 134 243 243 NA 174 173 114 168 173 276 276 
228 NA 144 NA 266 128 130 274 274 146 134 243 243 NA 174 173 167 168 173 276 276 
229 134 138 266 268 124 130 NA 274 146 149 251 235 168 176 NA 112 172 168 NA 174 
230 132 140 266 266 126 128 277 277 146 140 257 241 172 154 106 169 170 170 172 174 
231 134 142 266 266 126 124 NA 274 149 140 235 273 186 174 116 167 175 168 270 176 
232 134 134 266 266 NA 122 277 277 146 161 259 263 174 186 169 165 168 168 NA 268 
233 134 134 266 266 NA 122 277 274 146 146 259 263 174 186 169 165 168 168 NA 176 
234 144 132 266 266 124 128 277 277 176 134 235 269 166 172 NA 108 168 171 276 280 
235 134 134 266 266 130 122 274 274 140 155 255 241 172 174 112 167 169 176 276 276 
236 NA 132 266 266 132 122 274 274 NA 143 269 241 NA 182 116 167 NA 169 NA 270 
237 NA 128 266 266 130 124 274 274 140 146 247 267 178 174 167 167 185 168 NA 276 
238 142 134 268 266 128 124 NA 277 NA 134 269 251 190 184 114 167 172 189 NA 178 
239 NA 134 266 266 126 128 274 277 170 134 NA 235 186 192 177 112 169 168 270 178 
240 144 132 266 268 126 130 NA 274 137 140 247 245 168 178 108 167 169 171 192 176 
241 NA 144 266 268 128 126 277 274 143 143 243 243 168 170 167 112 167 168 276 170 
242 NA 142 266 266 126 122 274 274 146 134 247 243 NA 176 NA 167 170 172 NA 268 
243 136 140 268 266 130 124 274 277 146 155 259 247 168 176 163 112 NA 172 NA 278 
244 140 134 266 266 124 128 274 274 NA 140 241 249 172 176 112 112 171 168 176 170 
245 NA 134 266 266 NA 130 274 274 146 146 NA 241 178 170 165 167 168 177 174 172 
246 144 136 266 266 124 130 NA 274 NA 146 249 241 NA 186 110 169 175 173 174 174 
247 132 134 NA 266 126 128 NA 274 152 143 241 235 184 178 112 167 169 175 268 174 
248 132 128 NA 266 126 128 NA 274 152 149 241 255 184 178 112 167 169 175 268 174 
249 134 144 NA 266 NA 126 274 277 NA 143 NA 241 174 182 116 167 NA 173 176 280 
250 138 134 NA 266 NA 126 274 277 NA 134 251 235 170 184 177 167 168 172 276 172 
251 140 144 266 266 126 124 277 277 137 146 251 241 NA 168 112 110 172 171 170 170 
252 NA 132 266 266 124 126 277 274 140 146 241 247 NA 182 169 167 171 181 176 268 
253 138 134 268 266 132 126 274 274 149 143 241 241 188 178 169 112 170 168 268 268 
254 138 134 268 266 132 128 274 274 149 143 241 241 188 180 169 112 170 168 268 268 
255 134 140 266 266 124 126 NA 274 146 146 245 263 178 170 171 165 179 177 180 178 
256 140 134 266 266 132 122 277 274 146 140 243 239 188 176 179 167 NA 167 NA 178 
257 128 138 NA 266 NA 128 274 277 134 146 243 251 178 182 169 167 171 169 276 270 
258 142 134 266 266 130 126 274 277 119 146 NA 255 168 180 169 169 169 173 176 170 
259 138 134 266 266 NA 130 274 274 146 155 241 243 176 172 171 173 169 173 NA 170 
260 138 134 266 266 NA 126 274 274 146 146 241 269 176 172 171 173 169 170 NA 280 
261 144 134 268 268 130 126 274 274 NA 164 247 235 170 170 167 169 NA 173 186 172 
262 144 140 NA 266 126 128 274 277 146 143 255 241 176 182 114 112 172 187 268 276 
263 134 134 268 266 124 126 277 277 146 167 NA 249 172 168 175 110 176 168 268 178 
264 132 142 266 266 126 124 274 274 134 143 243 253 174 168 167 112 177 174 276 268 
265 NA 132 266 268 126 128 NA 274 146 140 243 247 166 180 167 167 NA 168 268 268 
266 130 134 266 266 128 130 274 274 146 146 261 231 168 170 NA 114 176 169 174 280 
267 136 132 266 266 NA 126 277 274 146 155 257 263 182 180 116 112 169 169 270 176 
268 138 140 266 266 124 122 274 274 140 134 247 235 180 178 108 112 168 171 176 268 
269 140 134 266 266 NA 124 277 274 125 143 NA 235 180 182 112 169 172 170 274 270 
270 134 134 266 268 122 126 NA 274 137 113 251 257 180 184 167 112 179 170 274 182 
271 NA 138 266 266 NA 122 NA 274 140 146 241 243 178 176 171 112 NA 175 276 270 
272 NA 138 266 268 NA 126 NA 277 140 146 241 241 178 176 171 110 NA 173 276 268 
273 NA 138 266 266 NA 122 NA 274 140 146 241 241 178 180 171 110 NA 173 276 268 
274 NA 138 268 266 124 130 277 274 140 134 259 245 170 186 112 169 171 179 276 168 
275 140 134 266 266 124 126 274 274 NA 155 255 269 NA 184 112 173 173 182 176 268 
276 136 140 266 268 124 122 274 277 146 146 243 243 170 168 114 167 NA 172 276 276 
277 NA 132 266 266 124 126 274 274 146 152 243 243 186 178 NA 169 178 172 276 268 
278 134 134 NA 268 124 124 277 277 149 146 259 245 NA 168 NA 114 185 169 174 172 
279 134 140 266 266 128 126 274 277 146 146 243 239 NA 172 177 112 NA 170 NA 276 
280 140 130 268 266 122 124 274 274 137 140 249 239 188 186 110 167 168 167 NA 272 
281 134 136 266 266 124 124 274 274 140 146 NA 235 168 168 NA 169 172 170 176 172 
282 134 136 266 266 124 124 274 274 140 146 NA 241 168 168 NA 169 172 169 176 172 
283 128 142 266 268 126 124 274 277 NA 143 235 263 176 180 NA 167 170 172 176 276 
284 138 132 266 266 128 126 274 274 134 137 263 249 168 170 112 112 176 187 276 270 
285 134 132 266 266 124 126 274 274 146 134 NA 269 178 184 NA 114 NA 173 176 284 
286 144 128 NA 266 126 122 277 274 NA 134 247 247 NA 176 169 169 187 170 270 268 
287 NA 136 266 266 NA 128 277 277 NA 134 NA 229 174 186 112 167 169 171 176 170 
288 NA 136 266 266 NA 130 277 277 NA 140 NA 255 174 186 112 167 169 169 176 170 
289 NA 140 268 266 122 130 274 274 NA 155 247 243 NA 184 114 169 169 175 172 176 
290 132 134 NA 268 126 126 274 274 140 146 257 239 186 180 114 112 170 170 270 268 
291 132 134 NA 268 126 126 274 277 140 140 257 239 186 180 114 169 170 171 270 282 
292 138 160 NA 266 124 122 274 274 146 134 277 251 NA 174 116 112 177 170 174 270 
293 134 134 266 266 124 124 NA 277 134 137 251 243 NA 178 171 112 NA 170 NA 172 
294 138 144 266 268 126 128 274 274 146 146 255 243 176 182 NA 167 171 168 280 270 
295 NA 134 266 266 126 124 277 274 NA 146 247 235 188 154 112 112 NA 171 280 270 
296 140 134 266 266 126 126 274 274 NA 146 239 269 170 184 NA 112 172 175 270 280 
297 132 134 266 266 126 130 274 274 146 140 243 241 182 180 114 169 168 168 280 174 
298 132 134 NA 266 NA 126 274 274 146 137 235 241 180 170 114 173 172 170 280 170 
299 134 130 NA 266 128 126 274 274 134 140 249 249 184 180 NA 169 173 170 172 172 
300 134 138 NA 266 128 126 274 274 134 182 249 249 184 180 NA 112 173 169 172 172 
301 130 132 266 266 124 132 277 274 146 140 235 241 174 174 NA 167 168 168 NA 176 
302 NA 130 266 266 122 122 274 274 149 140 NA 231 178 172 167 167 NA 170 276 268 
303 134 132 266 268 126 122 274 277 146 146 243 247 194 172 169 112 175 171 276 276 
304 144 134 NA 268 124 130 274 277 119 140 NA 243 184 172 112 169 171 172 NA 172 
305 136 132 266 266 122 124 274 277 143 146 241 251 NA 182 114 112 NA 179 NA 268 
306 136 132 266 266 122 124 274 277 143 146 241 251 NA 182 114 114 NA 185 NA 268 
307 136 144 266 266 122 124 274 277 143 146 241 251 NA 182 114 112 NA 185 NA 268 
308 134 134 268 266 NA 124 277 274 167 134 NA 249 174 180 167 112 171 168 NA 268 
309 138 140 266 266 128 126 274 274 NA 140 247 247 NA 186 114 167 169 173 NA 268 
310 128 134 NA 266 130 124 274 277 146 143 253 247 172 174 110 169 174 172 276 170 
311 128 144 NA 266 130 122 274 274 146 143 253 269 172 174 110 169 174 168 276 170 
312 134 132 266 266 128 128 274 274 140 140 NA 235 168 170 167 171 172 170 NA 268 
313 134 132 266 266 128 132 274 274 140 140 NA 235 168 170 167 112 172 170 NA 270 
314 134 132 266 268 124 128 274 277 140 140 241 241 180 176 167 112 170 168 276 268 
315 134 132 266 266 124 128 274 277 140 146 241 241 180 178 167 112 170 168 276 268 
316 140 134 NA 266 122 126 NA 274 137 140 NA 247 NA 168 167 112 193 168 172 276 
317 138 130 NA 266 130 126 274 274 146 146 241 247 178 172 NA 167 173 168 172 268 
318 138 134 266 266 NA 130 277 277 NA 143 NA 251 174 178 NA 118 187 168 178 170 
319 138 134 266 266 NA 130 277 277 NA 149 NA 251 174 178 NA 118 187 172 178 268 
320 138 134 266 266 NA 130 277 277 NA 149 NA 251 174 176 NA 118 187 172 178 268 
321 132 146 266 268 NA 124 277 274 149 134 241 247 188 168 167 167 166 187 280 182 
322 142 142 266 266 132 128 NA 274 146 146 NA 241 174 174 114 114 168 187 172 268 
323 132 134 NA 266 126 124 274 277 NA 152 251 243 182 176 112 116 169 177 170 170 
324 146 136 268 266 NA 124 NA 274 128 146 257 231 NA 186 114 169 172 168 280 174 
325 134 132 NA 266 124 126 274 274 NA 146 NA 241 180 188 165 112 170 171 268 270 
326 NA 136 266 266 126 130 274 274 143 134 251 253 NA 174 169 112 172 173 NA 178 
327 132 132 266 266 122 130 274 274 NA 140 NA 255 174 166 169 169 174 169 184 276 
328 142 134 NA 266 124 130 274 274 140 146 243 255 NA 176 NA 167 168 175 174 276 
329 134 132 266 268 122 128 277 274 140 137 243 241 NA 176 112 171 173 171 272 280 
330 128 134 NA 266 NA 122 274 274 152 149 241 247 172 166 167 114 171 172 276 282 
331 146 138 NA 268 124 122 274 277 146 140 NA 235 182 168 169 112 171 171 276 274 
332 146 138 NA 266 124 132 274 274 146 143 NA 235 182 178 169 114 171 167 276 274 
333 134 140 266 266 122 128 274 274 NA 146 NA 247 178 154 112 112 NA 175 268 280 
334 134 140 266 266 122 132 274 274 NA 134 NA 243 178 154 112 112 NA 175 268 280 
335 134 140 266 266 122 128 274 274 NA 146 NA 247 178 186 112 112 NA 169 268 280 
336 138 140 266 266 128 126 274 274 143 176 235 241 174 174 169 171 187 172 186 280 
337 NA 134 266 266 NA 130 274 274 146 140 241 243 190 180 167 165 166 175 170 278 
338 NA 138 NA 268 122 124 274 277 149 146 251 243 172 174 169 114 169 176 174 172 
339 NA 132 268 266 NA 122 277 277 146 134 243 241 NA 176 167 112 175 171 268 190 
340 132 134 NA 268 126 124 274 274 155 146 257 241 176 174 NA 167 170 170 272 172 
341 NA 134 266 266 NA 128 274 277 146 134 NA 243 176 174 110 112 170 168 278 170 
342 NA 134 266 266 NA 128 274 277 146 134 NA 237 176 188 110 112 170 168 278 268 
343 136 138 266 268 128 124 NA 274 146 158 241 251 NA 182 112 116 175 170 268 174 
344 134 132 266 266 128 124 274 274 146 146 229 241 180 174 167 112 169 172 170 276 
345 134 132 266 268 128 124 274 274 146 155 229 249 180 174 167 112 169 171 170 280 
346 134 132 266 268 128 124 274 274 146 155 229 241 180 174 167 112 169 172 170 280 
347 134 134 266 266 122 122 274 274 140 119 235 245 NA 168 167 175 166 168 NA 276 
348 128 132 266 266 126 124 277 274 134 146 243 255 NA 182 171 171 171 173 NA 186 
349 148 134 266 266 122 126 277 274 152 146 241 241 162 180 112 169 NA 168 NA 276 
350 148 134 266 266 122 122 277 274 152 146 241 241 162 170 112 169 NA 168 NA 276 
351 134 140 266 266 128 122 274 274 NA 119 247 231 172 178 NA 114 NA 168 280 276 
352 134 134 266 266 126 132 277 274 NA 140 241 241 NA 174 171 169 170 175 280 172 
353 138 134 266 266 130 124 NA 274 155 134 241 269 180 182 112 114 168 171 276 176 
354 NA 128 266 266 130 126 274 277 146 140 241 243 186 178 112 110 189 168 174 172 
355 134 142 266 266 124 122 274 274 NA 149 NA 251 168 184 NA 112 NA 179 NA 268 
356 NA 132 268 266 128 124 274 277 146 140 241 243 172 170 169 112 170 166 170 268 
357 134 134 NA 266 126 128 277 274 146 137 235 241 176 196 112 114 169 169 NA 270 
358 NA 134 266 266 NA 126 274 274 NA 140 NA 241 NA 168 112 167 170 170 NA 170 
359 140 132 266 266 130 124 274 274 140 119 235 243 168 180 169 169 NA 170 176 170 
360 140 132 266 266 130 124 274 274 140 119 235 243 168 180 169 169 NA 170 176 170 
361 140 132 266 266 130 124 274 274 140 146 235 243 168 180 169 169 NA 174 176 170 
362 138 138 266 266 NA 126 277 274 134 134 241 243 NA 174 169 112 NA 169 NA 172 
363 132 144 266 266 NA 130 274 274 143 146 NA 231 NA 176 110 171 170 169 190 278 
364 138 134 266 266 NA 126 274 277 140 146 241 243 180 176 NA 171 170 168 176 272 
365 134 138 266 266 126 126 277 277 149 146 NA 255 NA 168 169 112 170 167 NA 172 
366 132 130 266 268 128 124 274 274 NA 176 245 247 168 176 NA 173 187 167 276 280 
367 130 138 266 266 126 126 274 274 143 137 241 243 188 184 NA 167 169 177 268 276 
368 146 144 268 266 126 122 274 274 137 146 NA 247 182 180 NA 112 172 175 172 176 
369 NA 132 266 266 126 124 274 274 140 149 267 247 NA 176 112 114 NA 185 268 172 
370 132 144 NA 266 126 124 274 274 140 146 251 243 NA 176 112 114 NA 170 276 268 
371 132 134 268 266 NA 126 277 274 146 146 235 243 174 186 169 171 170 172 176 176 
372 136 138 266 266 130 122 274 277 146 146 241 239 180 180 112 110 176 172 174 178 
373 132 138 266 266 NA 126 274 274 NA 143 253 249 178 186 169 112 170 173 276 170 
374 136 132 266 266 124 124 274 274 146 140 241 249 NA 172 NA 114 175 170 268 268 
375 NA 144 266 266 NA 128 274 274 119 134 259 259 172 162 112 116 170 175 276 276 
376 NA 132 NA 266 126 126 274 274 140 140 241 243 174 190 167 169 193 168 176 270 
377 132 134 266 266 128 128 274 277 140 146 NA 241 182 178 167 112 NA 167 280 274 
378 142 140 266 268 122 124 274 274 146 137 NA 247 NA 182 169 114 168 172 270 170 
379 NA 142 266 266 124 124 274 274 146 137 235 259 178 178 NA 112 169 170 280 170 
380 132 140 NA 266 128 126 NA 274 146 143 241 251 176 176 112 169 NA 177 280 172 
381 144 144 266 266 NA 130 277 274 NA 143 251 243 186 160 NA 110 NA 195 280 174 
382 134 144 266 266 122 126 274 274 143 143 NA 247 180 180 167 167 174 172 182 178 
383 134 132 266 266 122 122 274 274 146 140 241 239 178 188 114 165 173 168 276 172 
384 138 134 NA 266 124 130 277 274 146 125 241 241 172 178 173 112 167 169 278 176 
385 130 144 NA 266 NA 124 274 274 149 134 243 243 172 184 171 171 NA 172 NA 184 
386 NA 138 266 266 124 132 277 277 146 146 241 253 178 166 169 167 NA 177 268 276 
387 136 132 NA 266 126 126 274 274 146 140 261 241 186 176 112 114 168 171 178 186 
388 168 144 266 266 128 126 274 274 146 140 253 255 170 186 169 114 174 171 170 170 
389 NA 140 266 266 130 122 277 274 134 146 241 255 180 172 167 167 170 170 278 170 
390 NA 132 266 266 124 124 277 266 146 113 247 247 NA 174 167 112 172 168 NA 172 
391 NA 134 268 266 126 124 274 274 137 140 229 255 174 178 110 116 169 172 176 176 
392 142 134 266 266 126 130 274 277 125 143 239 255 182 182 169 167 169 171 NA 270 
393 144 134 268 266 NA 124 277 277 140 146 235 243 174 172 NA 169 170 170 NA 268 
394 132 136 266 268 128 126 274 274 NA 146 269 241 168 176 112 167 NA 171 172 276 
395 134 138 NA 266 128 116 277 277 143 113 243 243 190 178 169 114 170 174 NA 174 
396 134 138 NA 266 128 116 277 274 143 146 243 243 190 178 169 110 170 174 NA 174 
397 132 134 266 266 124 122 274 274 146 146 259 253 176 180 171 114 NA 187 NA 276 
398 132 140 266 266 126 126 NA 274 NA 146 241 261 176 172 169 175 170 171 276 278 
399 NA 132 266 268 126 122 274 277 NA 146 NA 241 154 182 112 114 170 171 170 170 
400 134 132 268 268 130 122 274 274 146 146 255 235 178 178 112 114 170 169 170 176 
401 134 128 266 266 122 126 274 277 134 155 269 241 178 176 177 110 171 172 268 172 
402 136 134 266 266 124 124 274 274 146 152 NA 241 188 180 112 112 168 172 170 276 
403 132 134 NA 266 126 130 274 274 140 143 247 235 172 178 167 112 187 169 190 276 
404 144 134 266 266 124 124 NA 274 143 146 255 235 176 166 114 114 NA 172 280 276 
405 144 132 266 266 124 124 NA 274 143 140 255 241 176 170 114 114 NA 169 280 172 
406 138 132 NA 266 122 122 NA 274 146 137 243 247 172 180 116 112 170 177 186 276 
407 132 132 NA 266 126 130 274 277 NA 140 NA 241 NA 176 112 167 173 172 174 172 
408 134 132 266 268 NA 124 NA 274 143 146 NA 255 172 182 112 112 NA 172 176 168 
409 146 132 266 266 128 122 274 274 146 152 NA 241 170 168 112 165 172 172 NA 274 
410 162 140 266 268 130 122 274 274 146 146 247 247 172 186 169 169 NA 172 176 172 
411 132 142 266 266 122 132 NA 274 146 155 241 245 168 172 173 167 167 168 270 274 
412 136 138 268 266 130 124 NA 274 146 146 241 247 184 162 110 167 169 173 276 180 
413 136 134 268 266 130 128 NA 274 146 146 241 247 184 172 110 167 169 173 276 280 
414 132 132 NA 266 126 130 274 277 146 143 269 235 174 170 112 187 177 173 172 270 
415 132 132 266 266 126 122 274 274 146 155 245 243 NA 182 163 167 172 168 276 176 
416 NA 134 NA 266 NA 128 277 274 NA 134 NA 241 182 174 167 169 170 170 276 276 
417 144 140 NA 268 NA 124 274 274 140 143 NA 241 188 188 169 169 174 170 276 178 
418 NA 134 NA 266 NA 124 274 274 146 146 255 279 174 184 114 167 NA 177 268 188 
419 140 134 NA 266 128 128 NA 277 NA 146 NA 247 168 188 114 169 169 177 172 170 
420 132 144 266 268 126 124 277 274 NA 134 259 247 178 172 112 114 173 169 176 176 
421 NA 134 266 266 124 126 274 277 137 143 NA 255 184 168 169 112 170 179 280 276 
422 146 128 268 266 130 126 274 274 146 146 241 253 172 180 112 114 181 172 172 172 
423 138 152 266 266 130 126 274 277 140 140 NA 253 174 176 112 112 189 166 172 268 
424 136 132 NA 266 130 124 277 277 134 140 245 231 178 168 110 112 170 174 NA 272 
425 NA 144 266 266 122 128 274 274 137 119 251 237 176 172 110 167 NA 179 NA 170 
426 136 140 NA 266 126 128 274 277 NA 146 243 259 176 176 NA 114 169 169 276 174 
427 NA 140 268 266 126 124 NA 274 146 146 245 255 182 178 112 173 NA 177 280 280 
428 144 146 268 266 NA 122 274 274 146 149 269 253 NA 172 112 108 169 171 174 280 
429 NA 136 266 266 NA 122 274 274 146 143 NA 239 184 172 112 173 168 170 NA 270 
430 NA 132 266 266 128 124 277 274 155 146 269 237 NA 172 169 112 170 172 174 174 
431 134 132 266 268 NA 126 274 274 149 146 NA 245 182 168 167 114 168 169 176 174 
432 134 132 268 266 NA 128 274 277 158 113 243 241 182 166 NA 167 171 176 176 272 
433 140 146 266 266 NA 132 274 277 146 137 239 269 NA 174 169 112 175 177 176 178 
434 140 146 266 266 NA 132 274 277 146 137 239 269 NA 176 169 112 175 177 176 170 
435 134 132 266 266 124 128 NA 274 NA 134 255 243 NA 168 114 112 168 177 172 170 
436 144 134 266 266 130 130 NA 274 137 146 NA 243 168 180 114 112 172 171 276 268 
437 134 132 266 266 NA 126 277 274 143 155 243 241 184 180 169 114 169 168 272 268 
438 134 132 266 266 NA 126 277 274 143 155 243 269 184 176 169 169 169 173 272 268 
439 140 132 266 266 124 126 274 277 NA 119 NA 247 NA 166 173 167 170 172 268 276 
440 NA 134 266 268 130 128 274 274 NA 146 241 269 186 170 110 173 170 170 176 170 
441 NA 146 266 268 130 124 274 274 NA 146 241 241 186 170 110 171 170 170 176 172 
442 NA 132 266 266 128 130 277 274 NA 146 243 257 186 174 NA 112 NA 169 268 274 
443 NA 146 NA 266 128 124 NA 274 NA 137 241 247 178 178 169 112 178 173 276 276 
444 NA 146 NA 266 128 124 NA 274 NA 137 241 247 178 178 169 112 178 179 276 276 
445 NA 146 NA 266 128 124 NA 274 NA 143 241 247 178 178 169 112 178 173 276 276 
446 138 136 NA 266 132 126 274 274 143 146 NA 249 178 186 167 112 170 170 278 174 
447 138 136 NA 266 132 126 274 274 143 146 NA 249 178 186 167 112 170 170 278 174 
448 132 132 268 266 124 126 274 274 NA 143 241 241 NA 170 167 175 171 170 280 174 
449 134 132 268 266 130 130 274 274 140 140 NA 241 172 190 112 167 175 169 172 176 
450 132 144 266 266 132 122 274 274 140 152 241 255 182 166 NA 112 168 173 276 176 
451 144 140 266 266 126 128 277 274 140 143 241 251 170 182 NA 167 172 173 190 172 
452 NA 134 268 266 124 126 NA 277 NA 146 235 241 174 182 114 112 170 168 170 172 
453 NA 160 266 268 124 126 274 274 143 143 NA 289 182 180 114 171 168 187 NA 278 
454 134 134 266 266 130 126 274 274 146 134 251 243 172 172 112 112 172 189 NA 268 
455 136 142 NA 266 126 124 274 274 146 143 247 241 170 180 NA 112 172 172 268 170 
456 136 144 NA 266 126 124 274 274 146 140 247 247 170 176 NA 112 172 172 268 170 
457 138 134 268 266 124 126 277 274 143 146 235 241 188 168 110 169 167 179 276 282 
458 138 138 NA 266 124 126 274 274 146 146 247 255 172 170 114 169 171 170 276 174 
459 138 138 NA 266 124 124 274 274 146 140 247 241 172 170 114 169 171 170 276 172 
460 134 134 266 266 126 124 274 274 140 146 269 243 176 176 110 173 172 193 NA 172 
461 NA 132 NA 266 130 130 274 277 134 146 267 243 176 182 167 114 169 170 168 170 
462 132 138 266 266 126 128 274 277 NA 161 247 241 178 170 167 116 167 175 274 280 
463 132 132 266 266 126 128 274 277 NA 143 247 241 178 170 167 116 167 177 274 280 
464 140 152 NA 268 126 124 274 274 137 146 NA 243 184 172 112 114 168 171 172 268 
465 132 146 268 266 130 132 277 274 146 134 231 247 168 186 NA 167 NA 170 276 276 
466 128 134 268 266 124 130 274 274 167 134 245 269 NA 168 112 112 177 171 190 174 
467 146 132 266 266 130 124 274 277 146 146 241 241 172 182 169 112 175 170 NA 172 
468 146 132 266 266 130 130 274 274 146 146 241 241 172 182 169 173 175 170 NA 172 
469 136 134 266 266 124 122 NA 274 146 143 247 241 176 172 110 167 NA 171 NA 170 
470 132 142 NA 266 128 132 274 274 146 134 241 269 174 168 167 112 170 168 NA 268 
471 132 142 NA 266 128 124 274 274 146 134 241 269 174 172 167 167 170 173 NA 174 
472 NA 140 266 266 124 124 277 274 146 155 247 255 178 174 165 108 NA 177 280 172 
473 144 134 NA 266 130 124 274 274 137 143 235 255 182 168 169 169 171 172 172 172 
474 140 142 266 266 122 130 277 277 NA 170 245 253 178 168 110 112 171 171 268 270 
475 140 148 266 266 126 130 NA 277 NA 143 NA 243 NA 170 112 167 177 173 276 170 
476 134 128 268 266 NA 116 274 274 146 143 249 245 176 180 167 114 172 169 276 170 
477 134 134 NA 266 128 128 274 274 119 143 243 245 168 180 110 165 NA 177 NA 176 
478 134 134 NA 266 128 126 274 274 119 143 243 241 168 168 110 114 NA 177 NA 172 
479 134 134 NA 266 128 126 274 274 119 143 243 241 168 180 110 114 NA 169 NA 172 
480 134 138 266 266 NA 124 274 274 143 140 243 247 NA 168 169 167 170 170 NA 170 
481 136 138 266 266 128 122 274 274 155 146 NA 289 176 176 NA 108 170 167 178 176 
482 144 144 266 268 124 126 274 274 146 143 241 243 182 168 112 173 173 168 202 278 
483 144 138 266 266 124 128 274 277 NA 146 241 273 182 166 169 114 170 170 NA 284 
484 NA 140 266 266 126 130 274 274 NA 146 243 273 184 178 167 112 170 170 170 174 
485 144 132 266 266 128 124 277 274 125 167 243 241 180 186 167 114 177 168 172 190 
486 134 132 266 266 128 126 274 277 134 146 241 249 174 176 173 167 169 170 NA 280 
487 NA 132 266 266 124 122 274 277 137 140 249 251 178 168 169 112 167 177 NA 174 
488 144 136 266 266 130 124 274 274 NA 134 NA 247 182 182 114 112 172 168 276 276 
489 136 132 NA 266 NA 130 NA 274 146 140 NA 241 NA 182 110 112 NA 167 280 176 
490 NA 144 268 268 128 124 NA 277 134 140 243 235 170 176 169 167 NA 177 188 274 
491 134 144 266 266 122 126 274 274 119 152 235 231 180 176 167 167 169 172 270 276 
492 NA 144 266 266 128 124 274 274 143 140 235 251 174 172 116 167 NA 172 278 180 
493 NA 144 266 266 128 124 274 266 143 140 235 251 174 172 116 169 NA 172 278 180 
494 136 134 266 268 126 122 NA 274 NA 146 NA 255 174 182 114 114 NA 172 174 276 
495 138 134 268 266 130 128 NA 274 146 128 245 245 174 192 112 110 NA 185 NA 274 
496 132 138 266 268 124 130 NA 274 182 140 241 243 164 178 NA 112 171 170 270 268 
497 132 140 266 268 124 130 NA 274 182 140 241 243 164 174 NA 112 171 170 270 172 
498 134 136 NA 266 124 126 NA 274 140 122 235 255 178 176 NA 165 168 169 NA 170 
499 140 140 266 268 124 126 274 274 134 143 241 243 166 176 171 114 169 168 276 276 
500 140 140 266 268 124 126 274 277 134 155 241 243 166 180 171 106 169 171 276 276 
501 132 134 266 266 122 126 NA 277 146 143 255 243 180 170 165 112 187 177 176 176 
502 128 132 268 266 130 132 274 274 143 146 235 243 180 176 112 165 175 172 268 172 
503 128 134 268 266 130 130 274 274 143 140 235 243 180 176 112 112 175 169 268 172 
504 NA 132 266 266 NA 124 274 277 NA 140 241 249 180 178 165 163 171 175 NA 278 
505 138 142 266 266 130 128 274 274 143 146 NA 241 176 176 112 167 173 175 276 174 
506 138 134 266 266 130 128 274 274 143 149 NA 241 176 176 112 167 173 175 276 174 
507 142 136 NA 266 124 124 274 274 146 134 NA 243 NA 182 112 173 172 168 268 276 
508 140 138 266 266 124 122 NA 274 NA 146 235 279 NA 172 114 116 171 169 276 284 
509 NA 128 266 266 124 126 274 274 143 140 265 263 NA 180 167 116 173 169 270 280 
510 140 132 266 268 NA 124 274 274 NA 134 255 257 NA 186 169 112 169 170 268 276 
511 140 134 266 266 NA 124 274 274 NA 134 255 245 NA 186 169 169 169 177 268 276 
512 NA 140 266 266 124 128 274 274 NA 146 NA 251 168 170 169 169 169 168 176 172 
513 140 138 266 266 126 124 277 274 146 146 235 247 176 178 NA 167 168 168 172 270 
514 136 130 266 266 124 124 277 277 NA 140 255 255 166 174 167 108 170 168 268 268 
515 134 142 NA 268 124 128 NA 274 NA 176 235 241 180 180 169 171 NA 169 278 268 
516 134 144 NA 268 124 122 274 274 155 137 241 247 NA 172 110 167 170 175 276 276 
517 134 134 NA 268 124 122 274 274 155 137 241 241 NA 172 110 106 170 175 276 276 
518 134 134 NA 266 124 122 274 274 155 143 241 241 NA 172 110 106 170 168 276 276 
519 132 144 266 268 NA 126 274 274 143 146 241 241 180 180 112 112 170 172 176 276 
520 132 144 266 266 NA 126 274 274 143 143 241 241 180 180 112 112 170 172 176 276 
521 132 144 266 266 NA 126 274 274 143 143 241 253 180 188 112 171 170 172 176 276 
522 144 132 266 266 124 122 NA 274 146 143 253 257 170 182 167 112 166 168 172 172 
523 132 138 266 266 124 122 274 274 146 137 239 247 NA 168 NA 112 170 169 276 172 
524 NA 136 266 266 128 126 277 274 NA 140 229 235 178 174 114 112 168 175 NA 176 
525 NA 134 268 266 126 126 NA 274 146 146 251 243 172 180 112 112 172 170 280 280 
526 134 166 NA 268 126 126 274 277 137 140 NA 235 176 184 167 112 NA 167 276 276 
527 132 140 266 266 130 126 274 274 146 143 241 235 176 176 110 112 175 171 170 268 
528 132 140 266 266 130 130 274 274 146 143 241 235 176 176 110 112 175 172 170 268 
529 132 140 266 268 130 130 274 274 146 146 241 241 176 176 110 112 175 172 170 268 
530 NA 134 266 268 124 128 NA 274 NA 146 235 243 190 182 169 173 168 171 270 278 
531 NA 138 NA 266 130 124 274 274 143 143 NA 269 168 180 116 114 NA 170 176 276 
532 NA 144 NA 266 130 124 274 274 143 146 NA 269 168 182 116 114 NA 175 176 276 
533 NA 138 NA 266 130 124 274 274 143 146 NA 243 168 180 116 165 NA 170 176 268 
534 140 132 268 268 126 122 277 277 146 134 251 269 176 178 169 112 177 168 170 270 
535 134 140 NA 268 128 130 NA 277 134 137 235 255 172 178 167 112 NA 170 278 276 
536 134 140 NA 268 128 130 NA 277 134 134 235 255 172 178 167 112 NA 170 278 276 
537 134 140 NA 268 128 124 NA 277 134 134 235 241 172 178 167 112 NA 171 278 174 
538 132 134 266 266 128 124 277 274 149 146 269 243 184 172 173 112 175 169 170 268 
539 132 128 266 266 128 124 277 274 149 143 269 243 184 172 173 112 175 169 170 172 
540 NA 134 NA 266 NA 130 NA 274 146 149 289 241 188 182 NA 169 174 169 170 176 
541 NA 134 NA 266 NA 130 NA 274 146 149 289 279 188 182 NA 169 174 172 170 172 
542 142 140 266 266 126 128 274 277 140 140 243 247 182 184 NA 112 168 172 NA 270 
543 134 134 266 266 124 124 NA 274 NA 146 243 255 170 188 112 112 NA 172 276 172 
544 138 138 266 266 128 130 274 274 197 137 269 255 NA 184 110 173 NA 177 280 270 
545 NA 142 266 266 NA 126 274 274 152 146 235 241 186 176 167 169 169 169 182 194 
546 NA 142 266 266 NA 126 274 274 152 146 235 263 186 176 167 116 169 169 182 194 
547 140 136 266 266 128 124 274 274 146 146 261 241 178 184 112 167 168 170 278 176 
548 NA 136 268 266 122 132 NA 274 149 140 241 243 170 172 167 165 187 167 276 268 
549 138 132 266 266 126 128 277 274 NA 137 253 243 188 186 171 169 173 173 276 276 
550 NA 132 266 266 NA 124 277 274 140 134 257 269 178 176 167 173 177 187 172 268 
551 134 138 266 266 NA 124 277 274 146 146 235 243 154 184 112 163 187 171 268 268 
552 132 132 NA 266 124 124 274 274 146 143 247 251 172 184 167 114 NA 171 178 176 
553 NA 134 266 266 130 130 274 274 146 149 NA 235 178 188 116 116 NA 169 276 174 
554 134 140 266 266 124 126 274 274 134 146 NA 241 176 182 118 116 NA 177 NA 270 
555 138 134 268 266 126 126 NA 274 NA 146 247 241 182 178 169 169 173 171 282 268 
556 NA 140 266 266 126 130 277 274 143 140 NA 247 168 178 114 163 NA 170 280 268 
557 134 132 266 266 NA 126 277 277 146 143 NA 247 188 182 165 112 168 168 172 276 
558 134 132 266 266 NA 126 277 274 146 143 NA 241 188 182 165 112 168 175 172 276 
559 134 132 266 266 NA 126 277 277 146 143 NA 247 188 180 165 114 168 168 172 276 
560 132 146 266 268 128 124 274 274 140 149 235 269 NA 172 NA 114 168 170 188 176 
561 144 134 266 266 128 130 274 277 143 134 255 241 192 154 167 114 170 170 NA 276 
562 148 134 266 266 126 124 274 277 146 134 269 241 170 176 169 169 171 168 NA 174 
563 148 134 266 266 126 126 274 277 146 140 269 241 170 172 169 114 171 168 NA 174 
564 138 134 266 266 126 122 274 274 149 143 255 241 178 182 120 171 170 167 172 174 
565 144 138 266 266 124 126 NA 274 113 134 235 241 172 168 167 112 172 168 174 272 
566 136 132 266 266 126 128 274 277 NA 146 241 265 176 178 167 169 177 177 NA 280 
567 NA 134 266 266 NA 128 274 274 137 149 243 255 174 170 112 112 170 176 194 176 
568 140 132 266 266 122 132 NA 274 146 158 241 241 182 190 177 169 170 176 176 172 
569 138 132 266 266 124 126 274 274 NA 143 NA 241 180 184 110 114 167 170 268 176 
570 132 132 NA 266 128 126 274 274 NA 146 249 259 182 174 177 171 175 175 292 276 
571 NA 130 NA 266 124 122 274 277 149 155 NA 251 NA 180 NA 110 170 172 174 190 
572 132 142 266 266 NA 126 274 274 134 134 241 241 182 182 114 108 NA 170 172 272 
573 140 144 NA 266 NA 126 277 274 146 146 235 251 176 168 165 114 NA 172 268 276 
574 138 144 266 266 124 128 274 274 134 140 267 269 NA 172 NA 112 NA 173 NA 174 
575 138 132 266 266 124 124 274 274 134 134 267 235 NA 172 NA 112 NA 174 NA 174 
576 132 138 266 268 130 130 274 266 146 140 NA 247 172 180 112 112 168 173 270 280 
577 134 138 NA 266 NA 132 274 277 164 140 257 241 172 176 110 112 177 169 170 176 
578 134 142 266 266 124 126 274 274 NA 146 NA 245 170 178 NA 169 174 170 170 276 
579 132 140 NA 266 NA 126 274 274 NA 146 255 251 172 182 112 167 170 170 272 176 
580 138 132 266 266 124 126 274 277 146 146 247 239 172 186 169 173 170 168 276 168 
581 134 132 266 268 132 130 NA 274 NA 134 NA 251 180 168 167 167 171 170 268 174 
582 134 132 266 268 132 128 NA 274 NA 146 NA 251 180 174 167 167 171 177 268 172 
583 134 128 NA 266 130 124 274 277 NA 140 241 239 NA 180 171 169 177 168 268 180 
584 130 138 266 266 NA 128 NA 274 NA 140 235 237 182 166 167 171 NA 171 172 172 
585 134 144 266 266 132 124 274 277 140 158 241 255 176 182 114 108 NA 175 272 268 
586 NA 134 266 266 128 126 277 277 137 137 NA 241 176 170 NA 169 170 174 170 268 
587 NA 134 266 266 128 126 277 274 137 137 NA 235 176 176 NA 169 170 174 170 278 
588 134 142 266 266 124 124 NA 277 146 146 243 251 NA 178 NA 175 168 169 170 280 
589 136 134 266 266 122 126 274 277 NA 143 241 247 NA 172 112 167 172 174 280 176 
590 136 134 266 266 122 126 274 277 NA 143 241 247 NA 172 112 167 172 169 280 274 
591 136 134 266 266 122 124 274 277 NA 143 241 247 NA 174 112 167 172 169 280 274 
592 134 144 266 266 126 128 274 277 143 155 247 235 184 172 169 165 NA 172 276 268 
593 NA 144 NA 266 126 124 277 274 137 140 NA 241 178 170 NA 114 172 170 280 170 
594 134 132 266 266 NA 124 274 277 149 143 NA 257 172 182 NA 114 168 177 280 170 
595 138 134 266 266 128 130 274 274 140 146 NA 243 182 172 112 112 NA 175 NA 172 
596 138 132 266 266 128 130 274 274 140 146 NA 279 182 168 112 112 NA 170 NA 282 
597 136 134 266 268 132 128 NA 274 134 140 261 251 174 172 NA 116 173 170 NA 270 
598 132 132 266 268 124 126 277 274 146 155 247 249 182 178 114 112 168 170 NA 278 
599 134 134 266 266 128 130 277 277 146 119 235 241 172 168 108 169 170 174 190 170 
600 NA 142 266 266 126 122 274 274 134 143 247 261 174 172 NA 167 NA 169 172 174 
601 144 136 266 266 128 128 274 277 146 146 253 239 188 176 169 112 170 168 268 280 
602 NA 134 NA 266 124 124 274 274 146 143 NA 239 176 180 112 171 168 166 276 280 
603 140 134 266 266 NA 124 274 274 119 161 243 253 172 176 167 167 174 170 176 176 
604 130 134 266 266 122 124 NA 274 143 146 241 255 180 188 112 173 170 170 270 182 
605 132 128 266 266 126 122 277 274 146 140 245 243 186 178 167 169 169 179 178 270 
606 132 128 266 266 126 128 277 274 146 140 245 251 186 178 167 169 169 179 178 280 
607 134 134 266 266 124 126 274 274 NA 155 241 241 168 170 112 112 166 173 276 172 
608 144 134 266 266 126 128 NA 274 170 119 243 255 166 170 169 114 NA 169 172 172 
609 144 134 266 266 126 130 NA 274 170 140 243 235 166 180 169 114 NA 171 172 172 
610 134 140 266 266 130 124 NA 274 140 146 255 243 178 174 169 114 168 173 170 268 
611 136 140 266 266 130 130 274 277 NA 146 NA 241 182 184 169 169 168 170 NA 268 
612 140 136 266 266 126 128 274 274 146 146 241 235 188 178 NA 167 174 174 174 282 
613 134 134 268 266 126 126 274 274 143 146 253 239 NA 172 112 112 166 168 178 276 
614 134 144 266 266 NA 126 NA 277 146 140 NA 243 176 178 169 169 NA 189 172 280 
615 142 142 266 268 124 124 277 274 119 140 241 243 178 174 169 171 175 169 172 270 
616 NA 136 268 266 124 130 277 274 140 146 255 241 172 176 165 112 NA 170 270 174 
617 NA 140 268 266 122 128 277 277 152 146 NA 241 178 180 167 169 187 174 172 268 
618 136 140 266 266 126 128 274 274 143 140 255 253 178 186 167 110 NA 172 176 276 
619 134 142 266 266 126 126 274 274 149 176 241 243 170 176 112 167 168 175 NA 174 
620 132 134 266 266 128 124 274 277 143 146 241 259 180 170 NA 112 NA 169 176 284 
621 134 132 266 266 130 128 274 274 NA 146 NA 243 172 170 116 112 168 175 276 170 
622 138 132 266 266 126 122 NA 274 140 146 NA 241 174 176 112 112 172 170 172 172 
623 138 132 266 266 126 122 NA 274 140 146 NA 241 174 178 112 112 172 170 172 172 
624 132 132 NA 266 124 128 277 274 NA 140 243 241 NA 180 NA 169 NA 170 170 178 
625 136 140 266 266 126 126 274 274 143 146 243 247 188 174 112 114 168 168 174 276 
626 NA 134 268 268 124 122 274 274 143 149 241 241 176 172 165 167 187 168 170 172 
627 NA 134 268 266 124 122 274 274 143 149 241 243 176 168 165 114 187 170 170 268 
628 136 134 266 268 126 122 274 277 143 146 NA 257 170 184 169 171 168 172 172 276 
629 150 136 NA 266 122 122 277 274 140 143 241 247 176 176 112 112 168 170 168 172 
630 NA 140 266 266 130 124 274 277 143 146 257 255 184 182 169 112 NA 168 168 268 
631 134 134 NA 266 124 124 277 274 149 137 NA 255 178 172 175 112 NA 177 NA 170 
632 134 144 266 266 128 128 274 274 113 143 NA 231 NA 180 108 118 169 177 176 192 
633 132 134 266 268 122 124 274 274 134 143 249 249 176 186 169 114 170 170 276 272 
634 NA 136 266 268 124 116 NA 274 146 146 247 241 176 178 171 169 173 187 NA 276 
635 NA 134 266 266 124 116 NA 274 146 140 247 241 176 174 171 169 173 179 NA 276 
636 142 134 266 268 NA 126 274 274 134 146 241 241 NA 182 169 167 169 166 NA 270 
637 NA 144 266 266 NA 132 274 274 NA 140 241 273 170 180 169 112 172 172 NA 176 
638 136 134 268 266 NA 126 277 274 143 146 NA 247 180 174 163 114 NA 169 268 170 
639 144 142 NA 268 128 126 277 277 143 146 NA 251 NA 170 167 112 171 167 174 176 
640 132 138 268 266 124 128 277 274 146 140 235 243 182 182 165 171 168 169 178 176 
641 NA 132 266 266 126 124 NA 277 146 146 241 235 176 184 167 169 179 168 170 268 
642 144 138 268 266 128 128 277 274 NA 140 NA 241 172 186 167 167 170 170 276 176 
643 NA 132 NA 268 122 128 NA 274 NA 140 NA 247 NA 182 167 110 NA 168 NA 270 
644 NA 132 266 266 126 122 NA 274 155 140 255 235 172 178 171 169 171 168 NA 172 
645 NA 134 266 266 126 130 NA 274 155 140 255 251 172 172 171 169 171 168 NA 174 
646 138 136 266 266 128 124 274 274 137 143 253 243 174 180 171 167 172 169 174 268 
647 134 132 NA 266 128 124 274 274 155 149 NA 253 174 188 169 112 171 170 274 268 
648 144 134 266 266 124 130 274 277 143 140 269 259 174 174 167 108 175 170 276 280 
649 132 128 266 268 128 124 274 274 NA 143 241 243 178 178 171 169 169 169 174 168 
650 NA 140 268 268 NA 126 277 274 146 146 247 241 168 170 169 169 172 181 172 170 
651 NA 134 266 266 NA 130 274 274 146 119 239 259 168 182 NA 167 176 171 280 190 
652 128 132 266 266 NA 130 NA 274 182 146 243 245 172 178 169 114 177 172 268 176 
653 138 142 266 266 124 126 274 274 143 146 243 231 NA 178 167 114 179 173 172 280 
654 136 134 266 266 124 124 277 277 140 146 235 239 180 168 114 114 170 168 NA 276 
655 136 132 266 266 124 124 277 277 140 146 235 243 180 168 114 116 170 168 NA 276 
656 NA 144 266 266 NA 132 274 277 137 146 NA 241 176 176 171 169 NA 171 174 274 
657 144 142 266 266 NA 124 274 277 140 140 253 243 NA 176 110 177 171 171 172 268 
658 NA 134 266 266 130 128 274 274 143 155 247 273 NA 174 110 112 172 167 178 270 
659 134 138 266 266 NA 126 274 274 134 140 235 249 180 176 NA 169 187 170 174 176 
660 NA 134 266 266 122 132 274 274 146 146 253 243 166 178 169 114 168 169 NA 278 
661 144 132 266 266 128 128 274 277 146 140 247 239 NA 180 167 169 175 175 268 280 
662 144 134 266 266 128 132 274 277 146 146 247 239 NA 180 167 169 175 170 268 280 
663 144 132 266 266 128 132 274 274 146 146 247 239 NA 180 167 167 175 170 268 172 
664 138 134 266 266 126 124 277 274 143 146 243 241 NA 178 169 167 170 166 270 268 
665 138 134 266 266 126 124 277 274 143 155 243 241 NA 178 169 165 170 169 270 268 
666 132 140 266 266 122 126 NA 274 146 149 NA 243 168 180 NA 110 175 167 176 276 
667 140 146 266 266 126 124 NA 274 119 197 NA 247 NA 176 112 169 172 169 NA 176 
668 140 138 NA 266 NA 122 274 277 155 143 241 249 172 178 169 167 169 168 NA 282 
669 140 132 NA 266 NA 124 274 277 155 146 241 249 172 178 169 112 169 172 NA 282 
670 140 138 NA 266 NA 124 274 277 155 143 241 249 172 184 169 112 169 172 NA 282 
671 142 134 266 266 130 128 NA 274 134 161 NA 243 NA 182 167 112 168 187 268 266 
672 134 138 266 266 130 130 274 274 NA 155 251 243 180 178 112 112 177 168 274 182 
673 NA 132 266 268 128 116 277 277 146 146 235 255 NA 176 112 114 168 170 280 268 
674 140 136 266 266 130 130 277 277 137 146 249 269 NA 154 171 108 172 171 180 170 
675 140 136 266 266 130 128 277 277 137 146 249 269 NA 154 171 108 172 171 180 270 
676 134 132 NA 266 NA 124 277 274 146 146 241 241 182 172 110 167 170 178 280 172 
677 134 132 NA 266 130 132 277 274 146 137 245 259 174 180 114 165 170 170 172 278 
678 136 138 NA 266 128 128 274 274 158 146 261 243 180 174 110 167 170 173 270 178 
679 152 144 266 266 NA 128 277 274 143 140 247 249 176 174 167 112 189 168 172 172 
680 152 140 266 266 NA 128 277 274 143 170 247 249 176 172 167 112 189 168 172 172 
681 152 144 266 266 NA 128 277 274 143 140 247 249 176 172 167 112 189 168 172 172 
682 136 140 NA 266 NA 130 277 277 149 143 243 253 188 174 NA 112 170 167 170 276 
683 132 134 266 266 128 132 277 277 143 140 249 243 182 178 NA 169 168 168 268 172 
684 NA 134 266 266 NA 126 277 274 170 149 NA 241 172 176 116 165 NA 173 NA 276 
685 NA 134 266 266 NA 126 277 274 170 140 NA 229 172 176 116 165 NA 173 NA 268 
686 NA 138 268 268 128 122 NA 274 140 140 NA 241 NA 174 167 116 167 168 276 190 
687 NA 134 266 268 132 130 274 277 143 146 251 241 NA 168 NA 167 170 167 NA 176 
688 132 134 266 266 130 126 274 274 NA 149 269 241 178 184 169 167 170 167 NA 172 
689 NA 140 266 266 126 126 274 277 137 146 245 261 178 176 114 167 171 170 NA 272 
690 134 134 266 266 126 122 274 274 149 137 241 237 166 170 169 167 NA 168 276 280 
691 134 134 266 266 126 126 274 277 149 137 241 241 166 170 169 167 NA 173 276 280 
692 NA 132 266 266 128 124 277 277 140 143 255 235 170 174 169 169 NA 175 280 178 
693 134 134 266 266 NA 124 277 277 NA 137 235 235 170 154 112 106 NA 170 268 276 
694 134 140 266 266 126 122 274 274 146 146 243 251 178 186 106 169 169 170 176 276 
695 134 132 266 266 126 122 274 274 146 146 243 251 178 186 106 112 169 170 176 276 
696 134 140 266 266 126 126 274 274 146 146 243 243 178 176 106 169 169 170 176 276 
697 134 142 266 266 126 124 277 274 146 137 241 241 180 170 167 112 175 170 NA 276 
698 134 142 266 266 126 130 274 274 140 146 241 235 NA 186 112 171 170 170 172 276 
699 144 132 266 266 132 124 274 274 146 146 235 251 180 180 112 106 170 169 174 170 
700 144 136 266 266 126 122 274 274 134 134 239 243 176 176 112 167 172 179 180 174 
701 140 138 NA 266 126 128 274 274 143 146 NA 257 168 174 167 169 NA 182 268 280 
702 130 138 266 266 126 124 274 274 146 167 243 243 188 180 165 114 175 169 NA 268 
703 132 138 266 268 130 124 277 277 146 137 245 247 168 168 114 165 170 171 268 172 
704 NA 142 266 266 122 128 277 274 143 146 247 245 176 172 171 112 170 170 180 170 
705 134 144 268 266 126 126 274 274 143 152 261 243 170 178 NA 167 171 169 174 276 
706 140 132 266 266 128 130 277 274 143 146 243 247 NA 176 110 163 169 176 268 190 
707 136 144 266 266 126 130 274 274 140 146 NA 243 174 180 167 171 193 168 178 174 
708 140 138 266 266 130 124 274 274 146 140 247 247 184 168 112 112 168 175 NA 170 
709 132 144 266 266 122 128 274 274 NA 143 243 241 190 184 167 167 168 168 276 276 
710 136 138 266 266 126 130 NA 277 143 140 NA 231 186 184 167 169 177 168 276 280 
711 134 132 266 266 124 124 NA 274 167 143 269 243 186 176 169 112 171 173 278 278 
712 134 134 266 266 130 128 274 274 137 140 241 241 164 174 114 112 NA 179 172 278 
713 134 134 266 266 130 126 274 274 137 140 241 241 164 182 114 112 NA 179 172 174 
714 134 134 266 266 130 126 274 274 137 140 241 261 164 182 114 169 NA 168 172 278 
715 NA 134 266 266 126 130 274 277 155 146 251 235 168 184 167 114 168 168 176 176 
716 136 140 NA 266 130 126 274 277 NA 143 231 243 180 172 167 167 NA 172 NA 276 
717 142 140 266 266 128 130 NA 274 146 155 235 257 NA 170 114 167 170 168 NA 170 
718 128 134 NA 266 124 122 274 274 143 146 235 255 NA 176 112 169 NA 181 278 176 
719 128 134 NA 266 124 122 274 274 143 146 235 247 NA 176 112 169 NA 181 278 276 
720 144 144 266 266 126 126 274 274 134 149 251 253 176 170 NA 167 NA 170 NA 280 
721 NA 132 NA 266 132 124 274 277 NA 146 243 251 NA 154 114 177 172 168 270 270 
722 142 134 NA 266 126 122 274 274 134 137 241 241 182 176 112 112 170 177 268 276 
723 138 172 266 266 124 130 NA 274 146 143 241 245 174 176 167 112 171 172 276 276 
724 132 132 266 266 122 124 277 274 146 146 NA 243 178 174 114 112 172 173 268 268 
725 144 142 266 266 130 128 274 277 140 140 247 255 180 190 112 112 168 170 172 276 
726 136 136 268 266 124 124 274 277 140 146 249 241 184 180 173 116 170 188 176 276 
727 144 132 266 266 116 124 NA 274 146 143 243 253 NA 186 171 167 168 193 268 172 
728 132 138 266 266 130 130 277 274 134 143 NA 247 172 170 169 112 171 177 NA 172 
729 138 136 266 266 126 126 274 274 119 140 235 251 176 184 167 112 168 168 276 268 
730 132 134 NA 266 124 122 274 274 NA 140 NA 259 190 178 NA 112 189 169 272 174 
731 NA 132 266 266 126 124 NA 274 143 137 241 255 170 180 NA 167 169 172 276 176 
732 NA 134 NA 268 NA 128 NA 274 143 134 243 243 174 178 167 167 173 169 280 276 
733 NA 140 268 266 126 122 274 277 146 134 247 241 NA 178 NA 112 NA 187 NA 174 
734 144 134 NA 268 122 132 274 274 NA 143 235 239 180 172 NA 112 172 170 NA 276 
735 136 138 266 266 124 122 NA 274 140 140 241 235 176 172 112 112 168 177 NA 170 
736 134 142 266 266 122 116 277 274 143 143 243 247 168 176 NA 167 168 170 276 268 
737 134 142 266 266 122 124 277 274 143 155 243 241 168 176 NA 167 168 170 276 276 
738 146 172 266 266 NA 124 274 274 NA 146 241 243 NA 180 175 112 171 179 190 172 
739 140 132 268 266 122 128 274 277 155 134 237 247 174 168 114 169 169 169 182 272 
740 138 128 268 266 128 124 274 274 146 140 251 241 NA 180 167 169 174 171 172 270 
741 NA 138 266 266 124 124 274 277 149 146 241 247 174 176 169 114 172 169 170 270 
742 NA 138 266 266 124 124 274 274 149 146 241 247 174 176 169 114 172 169 170 270 
743 142 134 266 266 126 126 277 274 NA 146 NA 251 190 178 116 167 NA 175 270 276 
744 134 142 NA 266 126 124 NA 277 146 113 257 247 182 172 NA 112 167 164 172 178 
745 140 132 266 266 126 130 274 274 155 140 241 249 NA 174 167 112 NA 187 174 172 
746 NA 132 268 266 126 124 NA 274 NA 140 241 243 154 176 114 114 169 171 268 268 
747 140 132 NA 266 124 126 277 274 NA 143 247 249 NA 180 112 110 171 177 268 278 
748 140 132 NA 266 124 124 277 274 NA 146 247 249 NA 180 112 110 171 177 268 278 
749 140 132 NA 266 124 124 277 274 NA 143 247 249 NA 188 112 110 171 168 268 278 
750 152 130 266 266 124 124 NA 274 146 140 243 241 176 190 NA 114 177 168 178 176 
751 146 146 NA 266 126 124 274 274 146 146 255 247 184 172 NA 114 168 175 278 276 
752 140 138 266 268 128 124 274 274 137 140 255 273 188 176 167 167 174 172 270 270 
753 142 132 266 266 126 128 274 274 146 140 NA 241 178 182 112 112 NA 170 168 276 
754 132 138 NA 266 126 130 NA 277 140 146 241 255 184 172 112 110 168 168 276 174 
755 138 136 266 266 124 130 274 274 140 140 251 241 166 190 NA 167 168 167 NA 276 
756 132 136 268 266 126 126 274 274 140 143 241 239 166 176 112 169 173 170 NA 270 
757 132 136 NA 266 126 124 274 277 146 146 233 263 NA 180 NA 167 169 170 NA 270 
758 136 134 266 266 132 126 NA 274 146 140 235 241 168 172 167 110 176 187 276 178 
759 134 138 266 266 126 122 277 274 140 143 249 235 182 170 112 171 176 168 276 268 
760 140 140 266 266 122 128 274 274 140 134 243 247 168 166 163 110 175 168 272 276 
761 140 142 266 266 132 126 NA 277 146 140 273 255 178 176 167 169 169 177 170 170 
762 134 134 266 266 128 130 274 274 134 143 247 241 172 184 171 114 168 172 174 268 
763 NA 140 266 266 NA 128 277 274 140 146 249 255 NA 170 NA 116 169 168 170 172 
764 NA 128 266 266 124 130 NA 274 146 143 241 255 NA 180 NA 112 166 172 268 172 
765 NA 140 NA 268 130 130 274 274 NA 143 241 251 174 180 165 114 168 168 172 270 
766 134 140 266 266 NA 126 NA 274 NA 152 245 241 184 172 112 112 170 173 176 170 
767 134 142 266 268 124 130 NA 274 143 134 263 251 168 178 169 112 168 166 172 174 
768 138 142 268 266 NA 126 NA 277 134 146 243 243 180 176 112 167 173 170 268 172 
769 NA 130 268 266 NA 126 274 274 134 146 NA 243 NA 174 NA 171 168 175 268 270 
770 138 134 266 266 122 124 274 274 149 149 241 231 182 178 114 167 168 168 NA 280 
771 NA 138 266 266 124 130 274 274 NA 149 235 241 182 178 112 112 NA 171 168 170 
772 132 140 268 266 NA 128 277 274 146 140 241 239 180 170 NA 171 185 175 170 280 
773 138 146 266 266 122 116 277 274 134 140 247 249 182 186 112 108 167 169 276 268 
774 134 132 268 266 NA 126 277 274 NA 146 NA 267 NA 180 NA 112 NA 171 276 172 
775 142 132 266 266 124 130 274 274 146 146 241 241 186 180 165 169 169 168 272 278 
776 132 142 266 266 NA 124 274 274 143 146 243 241 184 174 112 169 172 169 NA 190 
777 132 142 NA 266 124 122 274 274 146 146 241 247 178 176 NA 169 NA 167 174 280 
778 132 140 266 266 130 126 277 277 NA 146 255 241 174 176 171 167 172 170 NA 268 
779 NA 132 266 266 NA 128 277 274 NA 128 235 241 184 190 169 169 193 175 NA 178 
780 134 132 268 266 130 126 274 274 NA 134 235 231 NA 178 110 163 185 175 276 172 
781 134 140 266 268 126 124 274 274 146 146 235 231 NA 174 169 114 NA 171 NA 190 
782 128 134 266 266 128 130 274 274 140 146 231 243 180 182 112 112 176 174 172 172 
783 NA 138 NA 266 128 130 NA 274 134 146 NA 255 168 176 114 114 170 170 172 174 
784 NA 132 NA 266 128 130 NA 274 134 134 NA 255 168 176 114 112 170 170 172 174 
785 NA 132 NA 266 128 130 NA 274 134 134 NA 255 168 176 114 114 170 170 172 276 
786 NA 132 266 266 122 132 274 277 140 146 245 259 168 176 167 110 172 170 278 172 
787 140 140 NA 266 126 128 274 277 NA 140 NA 259 168 174 169 116 NA 195 176 176 
788 132 140 NA 268 122 126 274 274 146 143 243 243 184 178 167 116 170 168 NA 276 
789 132 140 NA 268 122 122 274 274 146 143 243 243 184 178 167 116 170 168 NA 276 
790 132 140 NA 268 122 126 274 274 146 143 243 231 184 178 167 116 170 168 NA 172 
791 132 134 266 266 124 128 274 277 146 140 245 241 168 174 112 169 168 172 NA 176 
792 140 138 266 266 124 126 274 277 NA 149 251 231 180 188 169 112 172 172 276 278 
793 NA 144 NA 266 126 124 277 274 140 146 249 235 174 162 112 112 170 167 NA 170 
794 138 160 NA 266 NA 122 NA 274 140 143 241 241 154 172 NA 169 169 179 172 168 
795 NA 134 266 266 128 122 274 274 146 146 243 247 NA 170 112 112 175 168 176 276 
796 136 134 266 266 130 124 277 277 146 146 241 241 168 184 112 112 170 172 170 174 
797 NA 128 266 266 124 128 274 277 146 146 261 241 170 172 167 167 NA 173 280 268 
798 140 134 268 266 130 124 274 274 140 143 241 243 174 172 114 114 NA 170 NA 174 
799 134 132 266 266 124 130 274 277 NA 143 269 243 184 172 112 112 NA 176 NA 268 
800 144 142 266 268 124 124 NA 274 143 143 241 243 168 168 NA 171 NA 168 176 276 
801 144 128 266 268 124 124 NA 274 143 146 241 261 168 168 NA 171 NA 167 176 276 
802 144 142 266 268 124 124 NA 274 143 143 241 261 168 180 NA 171 NA 167 176 276 
803 134 128 266 268 122 128 277 277 143 146 243 241 180 164 169 169 169 172 178 172 
804 NA 134 266 266 130 124 274 274 134 158 267 241 172 184 114 112 171 169 NA 276 
805 134 136 266 266 128 128 274 274 NA 140 NA 247 180 172 112 171 170 170 NA 180 
806 140 140 NA 268 130 124 274 274 146 140 235 255 176 178 NA 169 170 171 278 270 
807 134 128 266 266 128 128 NA 277 146 143 235 251 168 176 169 167 175 167 182 172 
808 134 138 266 266 128 128 NA 277 NA 143 245 231 178 178 114 167 177 167 NA 284 
809 138 132 268 266 126 126 277 274 113 152 247 251 NA 176 173 169 NA 168 NA 270 
810 138 132 268 266 126 128 277 274 113 134 247 247 NA 166 173 169 NA 169 NA 270 
811 140 140 266 266 122 126 NA 274 143 134 NA 235 NA 174 167 167 168 173 280 172 
812 NA 134 268 266 126 128 NA 277 140 140 257 243 NA 184 112 112 170 168 268 172 
813 NA 142 266 266 128 124 277 274 152 134 NA 241 176 180 167 167 NA 168 178 174 
814 132 134 NA 268 130 124 NA 274 146 140 NA 247 180 178 NA 112 187 177 174 270 
815 140 132 266 266 NA 122 274 277 146 146 243 253 178 172 114 110 NA 171 170 270 
816 140 132 266 266 NA 122 274 274 146 146 243 253 178 178 114 110 NA 168 170 280 
817 132 134 266 266 NA 126 277 274 NA 146 243 257 174 168 NA 169 172 168 174 172 
818 136 144 266 266 122 124 277 277 146 140 249 247 186 172 114 169 169 175 268 174 
819 132 134 268 266 132 124 274 274 NA 143 241 241 180 186 112 112 181 171 276 172 
820 138 144 266 266 128 130 274 274 NA 146 249 247 170 176 110 169 167 177 278 276 
821 NA 134 266 266 130 132 274 274 140 143 235 235 172 176 167 169 171 170 NA 280 
822 NA 128 266 266 126 122 277 274 146 146 NA 259 168 174 112 112 169 172 NA 280 
823 132 152 266 266 124 130 277 274 146 140 NA 255 178 172 110 167 181 170 168 176 
824 134 144 266 266 NA 130 277 277 146 140 NA 239 168 188 112 108 NA 169 170 268 
825 130 138 266 266 124 130 274 274 NA 137 243 255 174 176 114 114 185 173 268 276 
826 146 140 266 266 NA 128 277 274 143 140 NA 241 172 178 167 112 NA 170 NA 170 
827 142 130 266 266 126 130 274 274 146 146 NA 235 168 178 NA 169 NA 168 202 170 
828 142 138 266 266 126 130 274 274 146 146 NA 235 168 178 NA 169 NA 168 202 170 
829 134 132 268 266 128 126 274 277 143 113 239 273 186 172 118 114 169 172 174 174 
830 140 130 268 266 130 126 274 277 146 146 NA 247 NA 180 114 116 170 173 280 172 
831 134 144 266 266 124 124 277 274 140 140 241 261 178 174 173 167 171 169 NA 276 
832 142 138 266 266 122 126 274 277 146 143 241 235 172 172 169 173 NA 175 NA 178 
833 132 132 266 266 122 130 274 274 140 134 247 251 NA 182 112 112 169 174 268 276 
834 134 144 266 266 124 128 274 277 140 146 235 241 182 176 NA 167 NA 171 178 270 
835 140 132 266 266 130 128 274 274 140 143 NA 235 176 172 112 118 172 171 180 276 
836 134 140 266 268 132 126 274 274 140 146 241 245 172 182 173 114 169 173 174 170 
837 138 140 268 268 124 122 277 274 NA 119 NA 231 168 168 171 169 170 168 270 276 
838 132 132 266 266 126 122 NA 274 146 146 243 241 178 168 NA 169 176 170 276 170 
839 144 136 268 266 NA 124 277 274 NA 146 229 229 194 172 112 167 168 169 176 190 
840 136 134 266 268 124 124 274 274 140 143 235 247 NA 180 177 114 170 171 268 268 
841 144 140 268 266 122 130 274 274 146 146 243 239 174 174 112 114 NA 169 NA 268 
842 132 132 NA 266 NA 126 277 277 140 134 257 247 192 174 112 110 168 170 276 276 
843 134 140 NA 266 NA 124 274 274 NA 146 241 241 174 184 114 110 168 177 170 176 
844 140 132 266 266 NA 126 274 274 146 143 NA 269 176 180 114 163 NA 177 274 182 
845 140 132 266 266 NA 126 274 274 146 143 NA 241 176 180 114 163 NA 177 274 182 
846 138 134 266 268 130 126 NA 277 140 146 251 239 NA 180 167 169 NA 170 268 174 
847 138 134 266 268 130 126 NA 274 140 119 251 255 NA 170 167 169 NA 170 268 172 
848 144 138 NA 266 122 124 274 277 146 146 251 273 186 168 114 114 NA 170 182 170 
849 142 134 NA 266 126 130 274 274 146 137 241 269 174 180 116 112 NA 172 168 172 
850 128 138 266 266 NA 126 274 274 146 134 229 273 186 174 112 112 170 177 170 270 
851 NA 132 NA 266 124 124 274 274 155 137 247 241 176 172 NA 169 179 169 174 270 
852 128 132 NA 266 124 124 274 274 NA 146 245 243 178 182 112 112 NA 172 174 276 
853 134 138 266 266 NA 122 274 274 146 146 229 247 182 180 112 165 188 174 168 276 
854 138 144 266 266 126 132 NA 274 NA 134 279 241 170 182 169 169 172 177 276 170 
855 136 136 266 268 NA 130 274 274 149 146 253 255 NA 174 NA 112 NA 170 172 190 
856 NA 144 268 266 124 128 274 274 146 146 239 257 NA 178 112 169 175 170 174 280 
857 128 134 NA 266 130 126 274 274 152 140 241 243 168 180 112 114 169 170 276 272 
858 138 132 266 266 130 130 274 277 146 140 NA 251 NA 184 169 114 173 172 172 268 
859 144 132 NA 266 NA 122 274 274 NA 140 255 255 182 184 114 112 168 169 280 268 
860 138 132 NA 266 128 122 NA 274 113 146 243 243 174 180 169 167 NA 174 NA 174 
861 144 132 268 266 NA 122 NA 274 134 146 241 267 184 172 114 171 170 187 270 172 
862 144 136 268 266 NA 122 NA 274 134 146 241 267 184 172 114 171 170 170 270 270 
863 NA 138 266 266 126 130 277 274 146 161 NA 235 NA 180 112 112 168 176 172 176 
864 NA 144 266 266 130 124 274 274 119 140 241 241 NA 174 112 167 NA 170 276 276 
865 132 134 266 266 NA 128 NA 274 137 134 243 235 170 182 NA 112 172 164 170 280 
866 132 132 266 266 NA 128 NA 274 137 134 243 267 170 174 NA 112 172 164 170 170 
867 140 144 NA 266 NA 126 274 274 146 146 247 243 172 176 165 169 170 169 274 276 
868 134 138 NA 266 126 122 274 274 134 146 243 259 180 186 NA 112 171 168 174 172 
869 NA 138 NA 266 128 124 274 277 NA 146 NA 243 172 178 167 167 NA 171 282 172 
870 132 134 266 266 124 126 274 274 149 146 NA 247 174 172 167 171 171 172 NA 178 
871 134 134 NA 266 128 128 274 274 140 137 247 253 174 174 NA 169 NA 166 280 176 
872 134 132 NA 266 128 128 274 274 140 137 247 241 174 184 NA 112 NA 166 280 172 
873 140 134 266 266 126 126 NA 274 NA 143 253 253 182 174 112 114 168 185 NA 174 
874 140 132 266 266 126 132 NA 274 NA 143 253 253 182 174 112 114 168 174 NA 174 
875 144 144 NA 268 128 128 274 274 161 146 NA 243 172 170 165 112 168 170 276 176 
876 NA 142 266 266 122 132 277 274 143 146 241 241 178 174 112 112 168 177 168 176 
877 NA 142 266 266 122 128 277 274 143 146 241 241 178 176 112 112 168 170 168 176 
878 134 132 266 266 NA 126 274 277 149 146 255 235 180 174 NA 167 169 169 NA 180 
879 140 134 NA 266 130 122 274 277 134 155 231 251 172 182 108 169 NA 179 268 280 
880 140 134 266 266 NA 122 274 277 NA 146 235 247 168 170 114 169 179 170 276 184 
881 134 142 NA 266 126 132 274 274 143 140 243 255 NA 186 112 116 NA 193 172 278 
882 138 138 268 266 124 132 274 277 140 134 241 255 190 168 NA 110 NA 175 172 278 
883 134 140 266 266 126 124 NA 274 143 146 247 241 170 174 112 114 NA 173 NA 178 
884 140 136 NA 266 126 122 274 274 146 140 251 241 166 190 112 167 168 170 170 176 
885 140 132 NA 266 126 122 274 274 146 140 251 243 166 190 112 108 168 170 170 192 
886 144 138 268 266 126 132 274 277 146 134 247 241 172 188 169 167 NA 170 172 174 
887 NA 132 NA 266 128 124 274 274 140 137 241 241 180 174 116 114 170 169 268 174 
888 NA 132 266 266 124 124 277 277 140 146 241 259 166 184 169 169 NA 169 172 176 
889 140 142 266 266 NA 128 274 274 NA 143 235 241 NA 182 169 167 170 172 170 276 
890 140 142 266 266 NA 128 274 274 NA 143 235 241 NA 182 169 114 170 172 170 172 
891 134 134 268 266 NA 124 274 274 NA 140 269 243 190 178 114 114 171 170 NA 276 
892 134 130 266 266 126 126 274 274 140 143 241 251 178 178 NA 116 168 173 172 270 
893 144 136 266 268 126 126 NA 274 146 143 243 243 172 172 NA 116 172 173 178 276 
894 134 140 266 266 NA 124 NA 274 NA 146 243 247 180 178 112 114 NA 169 NA 276 
895 134 136 266 266 126 126 274 277 146 146 269 255 180 176 112 112 177 183 172 280 
896 138 144 266 266 130 124 274 274 143 146 241 241 174 172 112 167 168 169 172 172 
897 138 134 NA 266 126 130 277 274 146 134 NA 243 168 176 167 177 168 169 184 270 
898 134 134 268 266 126 122 277 274 140 134 NA 247 180 176 NA 114 170 168 280 280 
899 134 140 266 268 128 128 NA 274 146 140 NA 243 168 180 167 112 170 171 276 268 
900 NA 138 NA 266 124 124 277 277 149 161 233 243 184 170 NA 169 176 169 174 276 
901 NA 138 NA 266 124 124 277 277 149 140 233 235 184 174 NA 169 176 170 174 270 
902 NA 138 NA 266 124 128 277 274 149 161 233 243 184 174 NA 169 176 169 174 270 
903 NA 138 NA 268 124 128 277 274 149 140 233 235 184 170 NA 169 176 170 174 270 
904 144 140 268 266 126 126 274 274 140 134 241 269 178 182 169 169 167 172 NA 268 
905 NA 144 266 266 126 126 274 277 NA 143 255 241 NA 174 169 167 176 170 176 268 
906 134 128 266 266 122 126 274 277 143 143 243 239 176 188 112 114 169 170 276 276 
907 152 144 268 266 NA 122 274 274 146 143 NA 259 178 190 NA 114 168 168 172 178 
908 152 144 268 266 NA 122 274 274 146 143 NA 259 178 190 NA 167 168 168 172 276 
909 132 128 NA 268 126 126 NA 274 146 140 241 239 168 174 167 112 168 179 NA 170 
910 132 128 NA 268 126 126 NA 274 146 140 241 239 168 178 167 112 168 166 NA 170 
911 134 140 266 266 132 124 274 274 146 140 235 241 174 174 110 169 170 170 276 172 
912 132 134 266 266 NA 128 274 277 134 146 241 231 168 176 112 112 170 166 276 276 
913 132 138 266 266 130 126 274 274 146 146 235 241 NA 172 110 116 171 172 NA 270 
914 132 138 266 266 130 130 274 274 146 146 235 241 NA 172 110 114 171 172 NA 270 
915 132 134 266 266 128 124 274 274 155 152 247 239 180 186 114 169 NA 168 172 280 
916 132 134 266 266 128 126 274 277 155 158 247 243 180 186 114 169 NA 166 172 280 
917 132 132 266 266 128 124 274 274 155 158 247 243 180 186 114 169 NA 168 172 278 
918 132 134 266 266 128 126 274 274 155 152 247 239 180 186 114 169 NA 166 172 280 
919 134 138 266 266 126 122 274 274 146 158 235 251 180 170 169 112 168 172 170 270 
920 130 134 266 266 124 122 NA 274 146 146 259 235 180 182 116 167 187 175 268 170 
921 136 138 266 266 126 130 274 277 149 143 253 247 NA 188 169 169 NA 170 NA 280 
922 136 132 NA 266 130 126 274 274 146 125 241 243 172 174 167 167 173 173 276 268 
923 NA 134 NA 266 126 128 277 274 140 146 NA 243 168 182 NA 169 168 170 280 174 
924 134 134 266 266 NA 130 274 274 146 134 241 251 176 170 163 169 NA 177 176 178 
925 NA 136 266 266 126 124 274 274 146 146 247 247 186 176 112 112 170 169 280 268 
926 140 128 NA 266 NA 124 274 274 NA 140 NA 265 182 174 171 112 166 181 172 170 
927 NA 136 266 266 124 128 274 277 146 146 241 243 172 176 NA 108 179 177 270 174 
928 NA 136 266 266 124 126 274 277 146 113 241 243 172 170 NA 108 179 175 270 170 
929 NA 152 266 266 124 132 277 274 134 140 241 243 170 180 169 110 169 167 NA 274 
930 134 134 266 266 128 130 274 274 NA 143 243 247 178 166 112 112 187 177 280 270 
931 134 134 266 266 128 130 274 274 NA 143 243 253 178 166 112 112 187 177 280 270 
932 144 142 266 266 128 128 NA 274 146 146 NA 243 164 178 108 173 172 168 270 172 
933 134 140 266 266 122 128 277 277 140 146 241 243 NA 174 177 112 172 168 268 170 
934 NA 134 268 266 130 128 274 277 146 146 247 261 174 176 167 112 172 168 276 276 
935 NA 134 268 266 130 126 274 277 146 140 247 255 174 174 167 112 172 168 276 276 
936 140 160 NA 266 122 128 NA 274 137 146 241 257 NA 180 169 171 172 172 170 268 
937 138 134 NA 266 NA 130 274 274 143 143 243 247 190 168 112 112 169 171 276 282 
938 134 132 266 266 124 126 274 274 146 140 NA 241 NA 174 169 114 171 169 178 172 
939 134 134 266 266 130 128 274 274 146 146 243 235 172 180 167 114 169 177 172 172 
940 128 134 266 268 NA 122 274 274 140 149 269 273 154 174 114 173 168 172 268 276 
941 128 134 266 268 NA 124 274 274 140 149 269 243 154 182 114 114 168 172 268 276 
942 140 134 266 268 128 132 274 274 143 143 255 243 178 176 163 169 172 171 276 172 
943 NA 132 268 266 128 124 274 277 134 134 257 255 162 186 112 114 195 173 172 172 
944 134 138 266 268 116 126 277 274 137 146 233 237 154 186 108 167 171 170 270 280 
945 134 132 266 266 124 126 274 274 143 146 259 241 168 176 114 112 168 170 270 280 
946 NA 134 NA 266 128 124 274 277 146 146 235 261 178 174 NA 167 NA 179 180 176 
947 NA 134 NA 266 128 128 274 277 146 155 235 243 178 174 NA 112 NA 170 180 270 
948 138 144 NA 266 NA 128 NA 277 140 140 251 273 170 178 114 167 170 170 276 280 
949 NA 134 266 266 124 124 277 274 NA 143 241 243 154 180 114 169 172 174 272 276 
950 134 134 268 266 116 124 277 277 146 119 NA 241 176 182 NA 112 172 169 172 276 
951 134 134 268 266 116 124 277 277 146 146 NA 241 176 178 NA 112 172 170 172 168 
952 138 136 266 266 NA 128 274 274 146 143 NA 251 178 166 NA 114 170 168 268 274 
953 138 136 266 266 NA 128 274 274 146 152 NA 241 178 168 NA 114 170 173 268 186 
954 NA 132 266 266 NA 124 277 274 146 146 255 259 180 176 167 114 185 168 268 278 
955 NA 140 266 266 NA 124 277 274 146 146 255 229 180 176 167 114 185 174 268 274 
956 134 132 NA 266 130 124 277 274 140 137 241 253 168 174 112 114 177 176 268 276 
957 134 134 266 266 126 122 274 274 143 146 249 247 178 172 167 110 173 187 NA 174 
958 150 132 266 268 126 130 274 274 146 146 241 255 174 176 171 112 170 171 174 172 
959 150 132 266 266 126 130 274 274 146 146 241 231 174 176 171 108 170 171 174 176 
960 NA 128 NA 266 128 128 274 274 146 143 269 255 182 172 171 169 185 170 280 170 
961 136 144 NA 268 122 124 277 277 149 146 239 253 176 170 NA 169 170 172 276 268 
962 134 138 266 266 130 126 274 274 137 140 NA 251 168 182 114 114 173 169 280 276 
963 134 136 266 266 130 126 274 274 137 140 NA 251 168 182 114 114 173 169 280 276 
964 144 144 266 268 128 130 274 274 146 146 245 243 NA 174 116 110 169 172 270 268 
965 134 140 NA 266 130 124 274 277 146 146 NA 261 176 178 112 112 170 169 NA 176 
966 144 142 266 268 128 128 274 277 137 146 241 253 166 178 167 167 171 168 276 178 
967 140 144 266 266 NA 124 274 277 143 149 239 241 176 178 110 112 168 169 174 268 
968 140 138 266 266 NA 124 274 277 143 149 239 247 176 178 110 163 168 169 174 268 
969 128 142 266 266 124 126 NA 274 NA 134 NA 249 178 180 171 112 172 177 280 178 
970 132 134 NA 266 126 126 274 277 140 146 247 243 178 180 112 169 169 170 NA 168 
971 134 132 266 266 128 132 277 274 146 143 251 243 172 172 112 169 167 169 274 174 
972 144 134 266 266 122 124 274 274 NA 146 243 255 188 176 173 112 NA 170 176 172 
973 NA 134 266 266 NA 124 274 277 140 149 235 243 NA 174 173 167 NA 170 280 172 
974 NA 134 266 266 128 130 274 274 119 140 251 247 172 172 112 169 166 177 NA 178 
975 NA 132 266 266 128 130 274 277 119 134 251 259 172 172 112 112 166 177 NA 276 
976 134 144 266 268 126 130 274 274 NA 119 243 257 178 184 167 112 174 177 274 176 
977 134 144 266 268 126 128 274 274 NA 119 243 253 178 178 167 112 174 177 274 176 
978 134 134 266 266 130 124 277 274 NA 134 257 241 182 172 167 169 173 170 172 172 
979 NA 140 NA 266 NA 126 274 274 140 134 NA 241 NA 178 171 169 176 170 178 280 
980 NA 140 NA 266 NA 126 274 274 140 146 NA 251 NA 178 171 169 176 177 178 172 
981 132 128 266 266 NA 132 274 277 134 140 243 241 174 186 169 112 173 170 NA 170 
982 NA 138 266 266 122 126 NA 274 134 143 243 247 NA 182 169 167 166 170 170 268 
983 NA 138 266 266 122 126 NA 274 134 143 243 243 NA 182 169 167 166 170 170 284 
984 144 142 266 266 128 128 277 274 NA 119 NA 273 178 174 167 169 NA 172 196 268 
985 142 134 266 266 122 126 277 277 149 134 NA 261 178 186 167 169 NA 175 170 170 
986 142 140 266 266 122 122 277 277 149 134 NA 261 178 186 167 171 NA 169 170 170 
987 172 140 266 268 126 124 274 274 146 143 243 243 178 176 171 169 170 168 278 270 
988 NA 140 NA 266 124 128 274 274 140 146 NA 241 180 180 112 169 169 187 276 276 
989 NA 140 NA 266 124 128 274 274 140 146 NA 235 180 180 112 169 169 187 276 276 
990 142 138 266 266 NA 130 274 274 140 143 255 235 176 186 112 169 169 173 276 270 
991 NA 136 266 266 126 128 NA 274 NA 137 NA 239 172 178 167 169 170 174 NA 172 
992 134 134 NA 268 116 124 274 277 143 140 259 247 184 170 NA 110 170 179 182 274 
993 134 132 NA 268 116 130 274 274 143 140 259 241 184 170 NA 167 170 179 182 190 
994 132 138 268 266 128 124 277 277 146 146 243 241 174 178 167 114 NA 173 278 280 
995 132 134 268 266 128 122 277 274 146 143 243 235 174 178 167 114 NA 170 278 280 
996 138 144 266 266 122 122 277 274 140 146 243 255 174 172 110 112 171 170 276 174 
997 132 140 NA 268 122 124 274 274 NA 167 NA 247 168 178 114 112 170 171 268 280 
998 142 134 268 266 120 126 274 277 NA 140 243 241 168 178 167 114 167 175 276 170 
999 134 144 268 266 126 116 277 274 NA 146 247 255 NA 166 169 116 189 172 NA 174 
1000 134 144 268 266 126 136 277 277 NA 146 247 241 NA 186 169 116 189 168 NA 174 

0 0 !Probabilities that the father and mother of an offspring included in candidates
0 0 !Numbers of candidate males and females



0 0 !Number of known paternities

0 0 !Number of known maternities

0 !Number of known paternal sibships with unknown fathers

0  !Number of known maternal sibships with unknown mothers

0  !Number of offspring with known excluded paternity

0  !Number of offspring with known excluded maternity

0  !Number of offspring with known excluded paternal sibships

0  !Number of offspring with known excluded maternal sibships

