mixtus_pp0 ! C, Dataset name, Length<51
mixtus_pp0 ! C, Main output file name, Length<21
1000 ! I, Number of offspring in the sample
10 ! I, Number of loci
123 ! I, Seed for random number generator
0 ! B, 0/1=Not updating/updating allele frequency
2 ! 2/1=Dioecious/Monoecious
0 ! 0/1=No inbreeding/inbreeding
1 ! B, 0/1=Diploid species/HaploDiploid species
1 1 ! B, 0/1=Polygamy/Monogamy for males & females
0 ! 0/1=No clone inference/clone inference
0 ! 0/1=No scaling/sibship size scaling
1 1 1 ! B, R, R : Use sibship prior, Y/N=1/0. If Yes, give mean paternal, maternal sibship size
0 ! B, 0/1=Unknown/Known population allele frequency

1 ! I, Number of runs
3 ! I, Length of Run (1, 2, 3) = (Short, Medium, Long)
1 ! B, 0/1=Monitor method by Iterate#/Time in second
60 ! I, Monitor interval in Iterate#/Seconds
0 ! B, 0/1=Other platform/Windows execution
1 ! 1/0=Full-likelihood/pairwise-likelihood score method
3 ! 1/2/3=low/medium/high precision


BT10 BTMS0057 BTMS0086 BTMS0066 BTMS0062 BTMS0136 BTMS0126 BL13 BTMS0083 B126 !Marker IDs
0 0 0 0 0 0 0 0 0 0 !Marker types, 0/1=Codominant/Dominant
0 0 0 0 0 0 0 0 0 0 !Marker-specific allelic dropout rate
0 0 0 0 0 0 0 0 0 0 !Other marker-specific typing-error rate


Ind1 136 128 266 266 116 130 274 274 146 140 243 241 162 168 167 169 177 173 276 170 !Offspring ID and genotypes
Ind2 132 134 266 266 126 126 274 277 143 137 241 241 174 176 167 112 168 171 276 176 
Ind3 134 134 266 266 130 126 274 277 143 146 243 241 186 182 114 112 168 167 170 176 
Ind4 134 134 266 266 130 126 274 277 113 146 243 241 172 182 165 112 169 167 190 176 
Ind5 132 144 266 266 124 124 274 274 140 143 249 255 170 186 167 114 170 169 168 178 
Ind6 132 136 266 266 122 128 274 274 140 146 243 241 172 180 169 112 175 189 272 276 
Ind7 134 134 266 266 126 124 274 274 140 140 255 239 188 176 167 114 169 171 268 276 
Ind8 134 134 266 266 130 124 274 274 140 140 243 239 188 176 112 114 175 171 268 276 
Ind9 138 140 266 266 132 122 277 277 140 125 241 253 162 170 112 112 173 170 276 280 
Ind10 136 132 266 266 130 124 274 274 137 119 239 255 180 176 112 112 174 173 170 174 
Ind11 132 140 266 266 126 124 274 274 146 182 241 251 170 178 112 112 168 173 178 268 
Ind12 136 134 266 266 126 130 277 274 143 140 243 241 176 176 167 167 169 170 172 172 
Ind13 136 144 266 266 124 124 274 274 146 140 239 253 186 186 171 167 168 170 192 172 
Ind14 140 138 268 266 132 124 274 277 146 140 247 243 186 174 114 110 170 175 174 172 
Ind15 140 140 266 266 124 128 277 274 149 140 243 251 168 172 171 114 171 168 278 172 
Ind16 140 140 268 266 126 128 274 274 149 140 247 251 168 172 171 114 185 168 276 172 
Ind17 134 128 266 268 128 124 274 274 113 113 243 255 182 180 167 116 170 168 280 174 
Ind18 144 128 266 268 128 124 274 274 113 113 247 255 168 180 167 116 173 168 172 174 
Ind19 144 128 266 268 116 124 274 274 113 113 243 255 168 180 114 116 170 168 172 174 
Ind20 136 140 266 266 126 124 277 274 146 146 247 251 186 154 167 114 179 168 182 268 
Ind21 132 134 266 266 130 124 274 277 149 146 241 243 176 170 112 114 168 167 284 178 
Ind22 132 134 266 266 130 124 274 277 143 146 241 243 176 170 112 114 168 167 284 178 
Ind23 144 128 268 266 132 128 277 277 146 140 241 243 174 180 108 167 169 168 174 174 
Ind24 130 128 268 266 128 128 274 277 146 140 241 243 174 180 112 167 169 168 276 174 
Ind25 132 136 266 268 122 124 277 274 146 140 249 247 176 178 167 114 169 171 272 172 
Ind26 138 132 266 266 126 130 274 277 134 143 251 255 180 172 112 171 171 168 280 168 
Ind27 130 134 266 266 126 124 274 274 155 146 247 243 182 182 114 169 170 170 174 274 
Ind28 130 134 266 266 122 124 274 274 146 146 247 243 174 182 114 169 170 170 174 274 
Ind29 130 134 266 266 126 124 274 274 146 146 247 243 182 182 114 169 170 170 268 274 
Ind30 142 132 266 266 124 126 274 277 140 146 235 247 180 174 169 114 175 167 280 276 
Ind31 132 132 266 266 126 116 277 274 146 140 243 235 168 176 112 167 173 173 188 170 
Ind32 128 134 266 266 124 124 277 277 140 140 243 241 180 182 112 167 172 168 278 176 
Ind33 132 144 266 266 128 128 277 274 149 134 255 241 184 176 169 112 170 168 268 176 
Ind34 138 144 266 266 128 128 277 274 143 134 255 241 184 176 110 112 170 168 268 176 
Ind35 132 144 266 266 128 128 277 274 149 134 235 241 178 176 169 112 170 168 268 176 
Ind36 138 144 266 266 128 128 277 274 149 134 235 241 184 176 110 112 171 168 268 176 
Ind37 136 138 266 266 126 124 277 274 143 137 243 245 178 178 167 173 169 177 280 278 
Ind38 136 138 266 266 126 124 274 274 140 137 243 245 178 178 167 173 169 177 280 278 
Ind39 140 134 266 266 128 126 274 277 134 146 241 241 170 168 114 114 168 173 178 276 
Ind40 140 132 268 266 124 128 274 274 134 149 235 243 182 176 114 167 169 170 174 268 
Ind41 132 132 266 268 124 130 274 274 146 146 243 247 178 170 114 114 177 174 274 274 
Ind42 132 144 266 268 126 128 274 274 146 146 255 259 174 186 167 167 168 170 276 268 
Ind43 142 144 266 268 122 128 274 274 146 146 255 259 174 186 167 167 168 170 268 268 
Ind44 132 140 266 266 128 126 274 274 146 146 247 255 166 172 114 169 168 170 276 278 
Ind45 144 140 266 266 126 130 274 274 146 146 243 231 178 172 114 114 170 170 170 170 
Ind46 140 140 266 266 122 130 274 274 143 146 247 231 178 172 114 114 173 170 170 170 
Ind47 144 140 266 266 122 130 274 274 143 146 247 231 178 172 110 114 173 170 170 170 
Ind48 134 142 266 266 130 122 274 274 146 146 247 241 178 174 112 112 173 174 170 280 
Ind49 132 132 268 266 130 132 277 274 134 146 235 243 176 174 167 112 187 170 170 270 
Ind50 132 134 266 268 124 130 274 274 137 146 241 235 172 174 169 112 171 173 170 280 
Ind51 144 132 268 266 126 124 274 274 146 134 255 269 170 170 167 112 170 172 270 172 
Ind52 136 138 266 266 124 122 274 274 146 140 243 255 190 182 169 112 170 168 268 280 
Ind53 132 132 266 266 130 128 274 274 143 146 241 243 172 182 110 114 171 187 176 276 
Ind54 140 132 266 266 126 126 274 274 146 143 257 243 174 176 108 165 168 187 190 270 
Ind55 140 134 266 266 126 128 274 274 146 143 241 259 178 154 112 112 169 176 178 278 
Ind56 152 136 266 266 122 128 274 274 152 140 255 251 174 186 112 169 187 170 276 276 
Ind57 144 134 266 268 128 130 274 274 140 146 241 243 178 184 114 114 168 167 172 172 
Ind58 144 134 266 266 132 128 277 274 140 155 243 255 174 174 116 169 172 169 188 176 
Ind59 134 132 266 266 122 122 277 277 140 149 243 249 182 172 112 167 170 172 268 174 
Ind60 138 132 268 266 126 124 274 274 167 137 247 241 176 172 167 169 172 175 276 170 
Ind61 138 132 266 266 122 124 274 274 143 137 247 241 168 172 167 169 172 175 276 170 
Ind62 144 150 266 268 130 128 274 274 146 134 243 231 182 170 112 112 169 189 176 276 
Ind63 140 140 266 266 124 130 274 274 134 134 241 243 168 182 169 112 170 170 276 268 
Ind64 132 134 266 266 126 124 274 277 155 119 243 241 176 174 112 169 172 169 170 170 
Ind65 134 132 266 266 130 132 274 274 170 146 247 235 176 176 116 165 167 169 268 278 
Ind66 134 132 266 266 124 132 274 274 134 146 253 235 182 176 169 165 167 169 268 278 
Ind67 134 134 266 266 124 126 274 274 146 140 235 259 172 176 169 112 174 172 276 276 
Ind68 134 130 266 266 124 124 274 274 146 146 241 241 170 154 112 169 170 170 268 190 
Ind69 136 132 266 268 126 126 277 274 134 140 259 241 182 174 171 165 171 168 276 170 
Ind70 142 134 266 266 124 124 274 277 146 140 249 235 180 176 108 171 169 169 276 168 
Ind71 134 134 266 266 124 132 274 274 167 143 269 241 172 168 116 169 167 179 270 276 
Ind72 134 134 266 266 126 128 274 274 146 140 273 247 172 174 112 116 167 171 278 172 
Ind73 142 134 266 266 130 128 274 274 146 140 241 247 180 174 112 116 167 171 276 172 
Ind74 134 140 266 268 124 124 274 274 119 134 257 243 182 172 112 114 173 172 268 180 
Ind75 136 136 266 268 130 126 277 274 146 149 241 241 174 172 114 167 168 181 172 270 
Ind76 138 144 266 266 124 126 277 274 140 143 249 257 184 184 169 114 171 168 268 278 
Ind77 134 132 266 266 130 130 274 274 143 143 249 243 184 180 114 114 173 170 276 176 
Ind78 134 136 266 266 126 122 274 274 140 143 239 251 178 176 165 114 178 176 268 268 
Ind79 134 132 266 266 128 126 274 274 146 146 229 261 168 178 169 108 173 179 270 282 
Ind80 140 132 266 268 122 122 277 274 149 152 243 247 168 180 112 112 172 170 280 172 
Ind81 142 138 266 266 124 130 274 277 140 155 245 241 182 182 177 167 170 181 170 176 
Ind82 134 136 266 266 126 126 274 274 134 134 241 235 178 180 118 112 170 168 274 170 
Ind83 132 134 266 266 126 124 274 277 140 140 253 257 174 180 112 112 172 170 170 268 
Ind84 128 142 268 266 132 126 274 274 140 134 241 241 186 176 112 112 170 193 268 172 
Ind85 140 140 266 266 126 124 274 274 134 149 241 241 172 172 110 112 170 170 172 172 
Ind86 140 140 266 266 126 124 274 274 134 149 241 241 172 172 169 112 171 170 172 172 
Ind87 140 140 266 266 126 124 274 274 146 149 247 241 182 172 169 112 170 170 174 172 
Ind88 128 132 266 266 132 126 274 274 149 140 235 259 172 188 169 114 168 167 268 268 
Ind89 128 132 266 266 124 126 274 274 146 140 235 259 174 188 169 114 170 167 268 268 
Ind90 134 132 266 266 124 124 274 274 140 146 269 243 174 186 169 112 176 168 174 176 
Ind91 134 134 266 266 124 126 274 274 149 140 243 247 170 168 114 167 169 174 280 268 
Ind92 134 140 266 268 124 124 274 274 146 143 251 243 186 178 169 114 170 169 272 170 
Ind93 132 134 268 266 130 120 274 274 146 164 241 259 182 168 112 112 177 171 268 276 
Ind94 132 134 268 266 130 120 274 274 146 164 241 259 182 168 112 112 166 171 276 276 
Ind95 132 138 268 266 122 126 277 277 143 140 241 247 180 184 112 112 168 171 174 176 
Ind96 136 142 266 266 128 130 274 274 134 146 255 247 170 174 167 110 167 166 170 170 
Ind97 136 142 266 266 126 130 274 274 143 146 235 247 184 174 167 110 167 166 268 170 
Ind98 136 132 266 266 128 128 274 274 140 140 257 259 192 174 112 112 170 171 176 270 
Ind99 134 134 266 268 126 128 277 274 137 134 243 253 184 178 165 173 177 169 174 268 
Ind100 136 140 266 268 128 124 274 277 146 146 255 241 170 172 112 171 170 172 280 172 
Ind101 144 140 266 268 126 124 274 277 149 146 255 241 168 172 177 171 170 172 280 172 
Ind102 136 140 266 268 128 124 274 277 149 146 249 241 170 172 112 171 170 172 280 172 
Ind103 128 134 266 266 126 130 277 277 146 146 247 251 172 178 167 112 170 170 270 276 
Ind104 134 134 266 266 124 122 274 274 146 140 251 241 180 172 112 173 171 177 280 290 
Ind105 136 134 266 266 128 122 274 274 134 140 251 241 176 172 167 173 173 177 268 290 
Ind106 136 138 266 266 126 124 274 274 143 134 255 251 176 168 175 169 169 172 176 276 
Ind107 138 140 266 266 126 128 274 274 143 140 235 243 166 180 175 112 174 171 270 190 
Ind108 134 134 266 268 126 124 274 274 146 146 235 257 176 172 167 173 168 172 276 268 
Ind109 140 160 266 266 128 122 274 277 143 143 243 241 180 178 116 114 172 173 188 276 
Ind110 132 144 266 268 128 126 274 274 143 140 255 235 174 168 171 167 169 171 268 274 
Ind111 140 134 266 266 126 126 274 274 146 143 235 241 178 168 114 114 168 172 170 172 
Ind112 142 134 266 266 126 126 274 274 146 143 231 241 184 168 112 114 168 172 170 172 
Ind113 142 134 266 266 126 126 274 274 146 143 235 241 178 168 114 114 173 172 190 172 
Ind114 138 132 266 266 130 130 277 274 155 137 241 243 184 182 112 114 175 176 268 268 
Ind115 132 144 266 266 128 128 274 274 143 146 253 235 186 170 110 169 171 168 170 174 
Ind116 132 132 266 266 126 126 277 274 146 140 241 243 176 184 167 167 168 172 170 176 
Ind117 132 134 266 266 128 130 274 274 149 140 241 269 180 174 167 167 179 169 174 280 
Ind118 134 132 266 266 128 124 277 274 134 146 241 243 184 178 112 167 172 168 280 176 
Ind119 138 134 266 266 126 122 274 274 146 140 235 241 178 168 112 167 185 176 268 172 
Ind120 140 138 268 266 122 122 274 277 146 140 235 235 186 168 112 169 170 171 270 276 
Ind121 142 142 266 266 126 128 274 274 143 140 241 241 176 172 112 112 167 167 172 268 
Ind122 132 132 266 266 124 132 266 274 146 140 241 247 182 178 114 169 175 177 276 172 
Ind123 140 160 266 266 132 128 277 274 146 143 243 241 176 168 169 167 181 181 268 276 
Ind124 134 134 266 268 126 130 277 277 146 140 251 235 186 186 169 114 169 169 168 174 
Ind125 140 134 268 266 126 126 274 274 125 140 249 243 178 176 116 171 172 175 174 268 
Ind126 138 134 266 268 122 124 277 274 146 146 243 247 170 180 167 110 171 177 268 276 
Ind127 132 134 266 266 122 128 274 274 146 143 235 257 170 182 112 116 172 172 270 278 
Ind128 132 134 266 266 124 128 274 274 146 143 231 257 170 182 167 116 171 172 270 278 
Ind129 132 134 266 266 122 128 277 274 146 143 231 257 170 182 112 116 172 172 270 278 
Ind130 134 134 266 266 126 126 277 277 146 155 243 259 170 172 169 169 174 171 268 280 
Ind131 130 134 266 266 128 126 274 277 146 155 241 259 170 172 169 169 169 171 268 280 
Ind132 134 134 266 268 126 124 274 274 146 149 253 235 172 168 169 169 169 175 182 268 
Ind133 138 144 266 266 124 116 274 274 143 134 257 239 172 176 112 167 168 169 278 172 
Ind134 140 134 266 266 128 122 274 277 146 137 235 235 178 166 167 112 173 175 176 276 
Ind135 128 146 266 266 124 126 274 274 146 167 249 241 168 182 112 173 170 169 178 276 
Ind136 142 132 266 268 124 122 277 274 137 152 235 241 176 168 167 110 168 169 280 280 
Ind137 142 132 266 268 126 122 277 274 137 152 241 241 178 168 167 110 174 169 280 280 
Ind138 146 132 266 268 124 126 274 274 146 140 247 247 174 178 167 169 170 177 278 172 
Ind139 168 142 268 266 124 124 274 274 137 152 243 247 170 184 114 112 169 171 176 280 
Ind140 140 142 268 266 124 124 274 274 143 152 241 247 180 184 108 112 169 171 176 280 
Ind141 134 138 266 266 126 124 274 274 140 146 259 247 168 178 114 112 172 177 176 172 
Ind142 132 146 268 266 130 122 274 274 134 140 231 245 170 178 112 167 168 177 280 280 
Ind143 132 132 266 266 124 124 274 274 146 143 241 241 184 176 167 169 169 172 178 268 
Ind144 136 132 268 266 122 130 274 274 140 146 235 255 174 162 169 112 179 166 276 176 
Ind145 140 132 268 266 122 130 274 274 140 146 251 255 176 162 169 112 179 166 276 176 
Ind146 132 134 266 266 128 128 274 274 134 134 253 247 172 170 169 169 177 173 214 268 
Ind147 132 134 266 266 122 128 274 274 134 134 253 247 172 170 112 169 169 173 214 268 
Ind148 138 138 268 266 124 126 277 274 134 170 243 243 168 178 167 167 171 172 174 174 
Ind149 138 138 266 266 124 126 277 274 140 170 243 243 186 178 171 167 173 172 174 174 
Ind150 134 136 266 266 130 132 274 277 140 146 241 247 174 176 167 169 170 169 170 172 
Ind151 132 140 266 266 128 126 274 274 140 170 231 241 180 162 165 112 176 191 176 172 
Ind152 136 140 266 266 126 116 274 274 122 140 251 247 168 176 112 114 172 172 276 190 
Ind153 138 132 266 266 128 130 274 274 134 146 249 267 154 168 112 114 168 168 170 274 
Ind154 142 132 266 266 128 130 274 274 134 146 269 267 154 168 112 114 170 168 276 274 
Ind155 136 134 266 266 126 130 277 274 146 140 251 231 174 174 112 112 175 170 268 280 
Ind156 136 134 266 266 126 130 277 274 146 140 231 231 176 174 167 112 172 170 268 280 
Ind157 134 142 266 266 122 128 274 274 158 146 247 247 180 172 169 167 168 172 172 270 
Ind158 134 142 266 266 122 128 274 274 146 146 245 247 172 172 169 167 170 172 172 270 
Ind159 132 134 266 266 132 126 274 277 146 140 243 241 180 178 114 112 172 166 276 176 
Ind160 130 136 266 266 124 130 274 274 149 143 255 251 170 190 169 112 167 170 172 176 
Ind161 132 140 266 266 126 122 274 274 146 140 251 243 172 182 112 114 168 187 172 172 
Ind162 138 140 266 266 128 122 277 274 146 140 269 243 172 182 112 114 168 187 172 172 
Ind163 144 132 266 266 126 122 274 274 146 140 241 247 192 186 112 114 169 168 268 190 
Ind164 138 132 266 266 126 122 274 274 137 140 241 247 186 186 108 114 169 168 268 190 
Ind165 134 136 266 266 124 128 274 277 140 140 241 241 174 172 112 169 171 168 172 170 
Ind166 144 140 266 266 124 128 274 277 146 140 243 241 186 172 163 163 175 173 280 268 
Ind167 132 132 266 266 128 124 274 274 140 149 253 259 182 180 171 112 170 169 170 278 
Ind168 144 134 268 266 130 126 277 274 146 158 241 247 172 176 167 169 187 171 176 280 
Ind169 134 144 266 266 128 124 274 274 176 146 239 255 176 184 112 167 166 168 274 276 
Ind170 134 132 266 266 124 130 277 277 134 134 243 249 172 176 167 114 187 172 170 172 
Ind171 138 132 266 266 124 122 277 274 152 143 255 255 178 170 114 112 168 167 172 276 
Ind172 138 132 266 266 124 122 277 274 152 143 255 255 182 170 112 112 170 167 174 276 
Ind173 134 134 266 266 126 124 274 274 140 146 231 255 180 184 177 112 170 170 174 268 
Ind174 134 134 266 266 130 124 274 274 140 146 231 255 168 184 177 112 170 170 170 268 
Ind175 134 144 266 266 124 126 274 274 140 143 267 241 186 184 171 169 168 169 276 174 
Ind176 144 134 266 266 132 124 274 274 140 140 251 255 176 172 110 169 170 169 280 172 
Ind177 134 132 266 266 126 126 274 274 146 146 247 247 168 170 167 169 173 168 172 172 
Ind178 132 132 266 266 126 126 274 274 146 146 235 247 168 170 110 169 173 168 272 172 
Ind179 134 134 266 266 132 124 274 274 143 140 243 235 186 172 114 110 170 170 280 172 
Ind180 134 140 266 266 124 130 274 274 143 146 241 245 184 176 169 114 173 170 176 276 
Ind181 140 138 268 268 128 128 274 277 119 146 241 241 184 174 112 114 169 172 176 174 
Ind182 138 138 268 268 130 128 274 277 119 146 241 241 182 174 112 114 179 172 190 174 
Ind183 144 134 266 266 130 126 274 274 134 146 259 231 172 168 169 169 170 169 276 272 
Ind184 136 134 268 266 130 126 274 274 143 146 247 231 182 168 112 169 170 169 276 272 
Ind185 134 138 266 266 126 122 274 274 143 134 243 247 184 182 108 169 169 175 270 278 
Ind186 134 132 266 266 126 126 277 274 149 143 235 241 178 182 112 112 179 167 270 276 
Ind187 134 134 266 266 128 126 274 274 146 134 273 251 178 182 167 169 172 175 194 280 
Ind188 132 138 266 266 126 130 274 274 146 137 241 279 170 182 112 167 167 173 174 274 
Ind189 134 134 266 266 124 124 274 274 143 146 243 253 180 172 112 114 172 168 276 276 
Ind190 132 134 266 266 124 124 274 274 146 146 243 253 184 172 112 114 172 168 276 276 
Ind191 132 134 266 266 124 124 274 274 143 146 241 253 180 172 112 114 172 168 276 276 
Ind192 138 150 268 266 130 124 277 274 143 146 243 243 168 188 112 110 168 177 172 276 
Ind193 140 134 268 266 128 126 274 274 143 137 243 269 170 172 110 112 168 169 170 176 
Ind194 134 132 266 266 122 122 277 274 128 143 253 241 178 186 112 108 189 172 170 268 
Ind195 134 130 266 266 128 126 274 274 143 146 241 239 184 174 112 167 177 177 270 268 
Ind196 138 140 268 266 128 126 274 274 146 146 247 255 186 176 114 112 172 168 174 172 
Ind197 134 140 266 266 128 126 274 274 134 146 249 255 186 176 114 112 167 168 174 172 
Ind198 132 142 266 266 130 130 274 274 146 149 259 241 168 184 116 173 187 174 172 268 
Ind199 134 136 266 266 124 124 274 277 146 146 235 235 180 168 112 173 171 177 176 268 
Ind200 128 134 266 266 126 122 274 274 146 134 243 243 168 186 173 169 169 170 276 174 
Ind201 144 144 266 266 124 122 274 274 137 146 239 243 180 188 169 112 173 175 172 280 
Ind202 144 132 268 266 126 128 277 274 140 119 243 241 176 184 169 169 172 185 272 276 
Ind203 138 142 266 266 122 130 274 274 140 146 241 235 172 168 167 110 175 170 176 276 
Ind204 132 140 266 268 124 126 274 277 137 149 243 241 178 178 171 167 171 171 276 168 
Ind205 134 140 266 268 126 126 274 274 143 140 273 243 188 180 167 169 170 169 270 268 
Ind206 134 134 268 268 128 126 274 277 140 143 251 245 172 176 169 169 185 177 176 268 
Ind207 132 128 266 268 130 130 277 277 146 155 241 251 174 168 112 112 169 171 270 170 
Ind208 132 134 266 268 122 126 274 274 134 146 249 255 170 180 116 167 187 172 276 276 
Ind209 142 134 266 268 126 122 274 274 143 146 251 255 172 178 114 169 173 187 174 274 
Ind210 138 144 266 266 128 128 274 274 134 146 235 241 182 174 114 112 170 170 278 280 
Ind211 146 146 266 266 130 130 274 274 140 143 243 243 182 188 114 167 170 168 174 268 
Ind212 128 140 266 266 124 128 274 274 140 146 239 243 184 174 173 169 168 172 276 174 
Ind213 140 140 266 266 122 130 274 277 146 146 241 235 182 184 169 112 170 167 278 276 
Ind214 132 172 266 266 130 124 274 274 140 146 247 241 180 184 112 173 187 171 276 172 
Ind215 136 132 266 266 124 132 274 274 146 140 241 241 180 170 112 114 168 177 172 280 
Ind216 134 138 268 266 126 130 277 274 140 146 243 239 180 186 171 112 170 172 172 268 
Ind217 134 136 266 268 130 128 277 274 143 146 253 241 168 178 169 169 170 168 276 268 
Ind218 144 128 266 266 130 116 274 274 146 152 241 259 182 186 167 169 168 170 268 280 
Ind219 138 130 266 266 128 124 274 277 143 146 279 235 182 176 169 169 172 170 276 276 
Ind220 138 128 266 266 126 126 274 274 146 140 235 241 172 174 112 167 175 195 280 178 
Ind221 138 128 266 266 126 126 274 274 146 140 235 241 170 174 169 167 175 195 174 178 
Ind222 132 134 266 266 126 128 277 274 143 164 231 259 184 172 167 112 174 172 270 276 
Ind223 134 138 268 266 126 124 277 274 140 137 241 255 176 188 116 112 176 177 172 280 
Ind224 134 138 266 266 128 124 277 274 137 137 251 255 176 188 116 112 170 177 168 280 
Ind225 140 138 266 266 126 130 274 274 146 143 255 241 154 182 112 167 172 174 276 170 
Ind226 134 134 266 268 132 126 277 274 140 137 243 253 186 182 110 169 172 172 174 174 
Ind227 136 136 266 266 132 124 274 277 143 146 255 243 172 180 171 112 168 170 172 172 
Ind228 132 136 266 266 124 124 274 277 140 146 255 243 172 180 171 112 168 170 172 172 
Ind229 134 136 266 266 128 126 277 277 158 143 243 259 182 182 167 169 177 179 168 278 
Ind230 132 144 266 268 122 126 277 274 146 143 247 255 176 166 171 169 185 172 170 276 
Ind231 132 134 266 266 128 124 274 274 137 143 243 255 180 168 169 114 177 170 272 276 
Ind232 134 128 266 266 124 132 277 274 143 119 241 269 174 174 173 112 176 170 174 178 
Ind233 140 128 268 266 124 132 277 274 143 119 243 269 174 174 173 112 176 170 174 178 
Ind234 138 144 268 266 126 124 274 277 146 137 245 243 176 178 112 167 187 170 268 280 
Ind235 144 138 266 266 124 130 274 274 146 140 247 249 182 182 169 112 175 173 172 176 
Ind236 138 136 266 266 126 128 274 274 146 146 241 243 176 180 114 112 170 171 170 172 
Ind237 136 132 266 266 128 124 274 277 134 137 235 241 178 176 112 114 176 168 268 172 
Ind238 136 132 266 266 130 122 274 274 140 146 245 243 168 176 171 116 168 176 190 194 
Ind239 140 138 266 268 126 130 274 274 143 143 243 245 176 182 112 108 166 169 170 170 
Ind240 138 130 266 266 128 126 274 274 149 143 235 247 166 162 171 169 169 170 172 280 
Ind241 134 140 266 266 130 126 274 277 146 134 247 241 186 172 112 169 175 169 176 176 
Ind242 132 134 266 266 130 124 277 274 146 146 241 247 188 172 112 167 169 170 278 172 
Ind243 132 134 266 266 124 124 274 274 146 146 241 253 178 178 110 169 171 172 176 172 
Ind244 132 132 266 268 126 130 274 274 140 137 243 243 178 178 167 112 170 169 170 280 
Ind245 132 136 266 268 128 124 274 274 146 146 241 255 172 180 169 112 176 170 174 172 
Ind246 136 136 266 266 122 124 274 274 137 143 241 243 178 180 114 116 169 175 172 172 
Ind247 140 138 268 266 126 128 277 274 146 134 241 255 182 172 112 169 168 176 268 268 
Ind248 134 138 268 266 126 128 277 274 146 134 251 255 174 172 171 169 168 176 268 268 
Ind249 130 140 266 266 126 128 274 274 146 119 247 243 180 178 169 112 170 169 280 276 
Ind250 146 136 266 266 124 126 274 274 140 146 249 269 176 170 112 167 179 168 170 270 
Ind251 132 132 266 266 126 126 277 274 146 146 259 269 182 176 112 112 170 170 190 276 
Ind252 140 134 266 268 124 130 274 274 134 146 245 243 174 182 112 167 170 172 170 276 
Ind253 136 136 266 266 126 122 274 274 140 146 241 235 168 176 112 114 187 173 176 268 
Ind254 136 136 266 266 126 122 274 274 140 146 241 235 178 176 114 114 187 173 176 268 
Ind255 140 140 268 266 130 126 274 277 146 140 251 239 192 180 167 116 173 187 190 174 
Ind256 134 136 266 266 128 126 274 274 143 143 241 231 168 180 110 114 171 169 268 268 
Ind257 134 138 266 266 126 130 277 277 119 119 243 243 186 180 110 112 167 193 270 270 
Ind258 142 132 266 266 126 124 277 274 143 146 241 239 178 180 173 112 179 170 276 180 
Ind259 140 134 266 266 130 126 274 277 146 137 241 241 174 154 167 167 170 175 190 270 
Ind260 140 134 266 266 122 126 277 277 146 137 241 241 170 154 112 167 170 175 280 270 
Ind261 132 138 266 268 130 124 277 274 146 140 257 235 178 168 112 112 175 168 268 280 
Ind262 132 138 266 266 130 126 274 277 140 143 253 251 178 176 112 169 170 171 170 172 
Ind263 134 136 268 268 128 122 274 274 143 134 241 243 182 190 112 167 172 171 272 174 
Ind264 128 134 266 266 122 124 274 277 155 143 245 241 172 178 169 112 169 168 268 178 
Ind265 138 134 266 268 128 132 274 274 146 134 241 247 168 184 116 110 172 168 174 172 
Ind266 160 134 266 266 122 126 274 274 140 146 247 255 168 176 169 112 171 166 276 174 
Ind267 138 128 268 266 126 124 274 274 134 143 243 239 172 168 167 169 169 173 176 276 
Ind268 134 132 266 266 122 130 274 274 146 146 241 241 172 176 112 112 169 175 176 278 
Ind269 140 138 266 266 128 132 274 274 143 146 241 273 182 188 169 116 174 169 276 268 
Ind270 134 132 266 266 130 128 274 274 143 134 231 273 186 168 167 110 168 172 274 178 
Ind271 138 132 266 266 124 122 277 274 134 143 241 237 190 178 169 169 170 175 270 276 
Ind272 138 132 266 266 124 122 277 274 134 143 243 237 170 178 169 169 172 175 270 276 
Ind273 138 132 266 266 124 122 277 274 140 143 243 237 170 178 169 169 170 175 270 276 
Ind274 134 134 266 266 126 132 274 274 137 146 255 241 172 154 165 169 177 168 172 268 
Ind275 136 144 268 266 124 126 274 277 140 146 257 243 178 196 167 114 172 168 170 270 
Ind276 152 148 266 266 126 122 274 274 146 146 259 241 188 180 167 169 185 170 170 276 
Ind277 146 134 266 266 124 126 274 274 146 143 235 245 184 182 110 169 171 170 174 276 
Ind278 134 134 268 266 124 130 274 274 149 155 239 241 184 170 167 114 187 189 268 174 
Ind279 132 134 266 268 130 132 274 277 140 140 241 239 182 180 112 167 168 170 276 174 
Ind280 144 136 266 266 128 130 274 277 146 146 241 235 170 176 167 112 181 169 268 276 
Ind281 138 132 266 266 126 128 277 277 146 143 247 243 180 180 114 167 179 175 178 172 
Ind282 132 132 266 266 126 128 277 277 146 143 247 243 180 180 112 167 168 175 178 172 
Ind283 132 134 268 266 126 130 277 277 143 140 259 229 178 184 110 169 177 170 176 176 
Ind284 132 138 266 266 130 126 274 274 134 140 241 277 178 170 112 169 171 168 278 182 
Ind285 136 132 268 266 128 130 277 274 182 146 239 241 172 182 167 171 174 172 168 278 
Ind286 136 132 266 266 128 130 274 274 140 143 235 247 174 168 169 110 170 187 172 172 
Ind287 134 128 268 268 126 126 274 274 146 137 241 271 178 178 169 112 170 169 180 176 
Ind288 134 128 266 268 126 126 274 274 146 137 241 271 182 178 169 112 170 169 272 176 
Ind289 142 144 268 266 126 130 274 274 155 143 243 243 186 176 167 110 169 170 270 182 
Ind290 144 134 266 266 128 126 274 277 140 146 243 235 178 172 112 169 170 168 172 268 
Ind291 132 134 266 266 124 126 274 277 140 146 241 235 178 172 112 169 170 168 172 268 
Ind292 134 132 266 266 128 128 274 274 143 146 241 241 186 176 169 165 170 169 280 178 
Ind293 132 132 266 266 130 124 274 274 137 134 241 251 176 170 167 112 176 168 172 170 
Ind294 138 132 266 266 130 124 274 274 143 143 241 269 172 178 112 112 170 185 174 172 
Ind295 128 128 268 266 128 130 274 274 134 146 235 239 186 192 169 169 168 168 174 172 
Ind296 132 132 266 266 128 130 277 274 140 146 235 247 172 184 169 112 169 169 276 172 
Ind297 134 140 268 266 130 126 274 274 146 146 245 241 168 168 112 116 172 172 178 172 
Ind298 132 128 266 266 126 122 277 274 143 149 235 247 184 178 173 171 172 170 276 180 
Ind299 136 138 266 266 124 124 274 274 140 143 231 241 180 172 167 169 172 170 280 182 
Ind300 140 138 266 266 124 124 277 274 140 143 231 241 170 172 114 169 172 170 280 182 
Ind301 136 132 266 266 124 122 274 274 140 146 241 229 168 186 112 169 169 169 176 272 
Ind302 134 138 266 268 126 124 274 274 140 143 255 255 186 176 169 169 169 167 280 270 
Ind303 132 136 266 266 130 126 277 274 143 146 243 241 182 176 110 112 185 179 174 172 
Ind304 132 140 268 266 132 122 277 277 134 143 241 249 176 176 112 167 169 171 276 280 
Ind305 128 134 266 266 130 128 274 274 143 146 241 241 176 174 110 167 170 171 170 272 
Ind306 128 134 266 266 130 128 274 274 155 146 255 241 176 174 110 167 170 171 172 272 
Ind307 128 134 266 266 130 128 274 274 155 146 241 241 176 174 110 167 170 171 170 272 
Ind308 134 132 266 266 126 124 274 274 146 149 241 231 180 184 112 167 173 175 174 176 
Ind309 166 140 266 266 122 130 277 277 155 119 243 243 176 176 167 114 172 169 176 172 
Ind310 128 134 266 266 122 126 274 274 146 140 241 251 176 172 167 167 170 177 276 278 
Ind311 136 134 266 266 126 126 274 274 143 140 249 251 176 172 169 167 169 177 176 278 
Ind312 142 138 268 266 124 126 274 274 146 143 241 243 172 176 114 169 173 175 176 268 
Ind313 138 138 268 266 124 126 274 274 146 143 243 243 172 176 112 169 173 175 176 268 
Ind314 134 132 268 266 132 130 274 274 146 146 247 241 186 180 114 114 171 172 276 170 
Ind315 134 132 268 266 132 130 274 274 140 146 241 241 186 180 165 114 171 172 276 170 
Ind316 144 144 266 266 126 126 274 274 146 137 247 267 178 184 169 114 179 173 172 170 
Ind317 132 132 268 266 122 124 277 274 146 140 243 251 172 164 169 169 177 172 174 268 
Ind318 136 132 266 266 124 130 277 274 134 146 255 269 174 172 112 112 168 170 176 174 
Ind319 130 132 266 266 124 130 277 274 146 146 255 269 168 172 112 112 168 170 176 174 
Ind320 130 132 266 266 124 130 274 274 146 146 255 269 174 172 112 112 168 170 268 174 
Ind321 138 132 266 266 128 130 274 274 134 134 239 243 184 188 114 167 168 172 276 272 
Ind322 144 136 266 268 126 122 274 274 158 140 233 243 176 180 169 169 172 193 280 276 
Ind323 132 136 268 268 124 128 274 274 146 146 253 235 180 186 114 171 172 176 176 268 
Ind324 132 140 266 266 128 124 274 277 146 146 243 241 172 178 171 112 168 170 270 176 
Ind325 132 136 266 266 122 126 274 274 140 140 249 243 192 182 118 171 179 170 170 276 
Ind326 142 134 266 266 124 126 274 274 146 146 259 257 188 182 169 167 179 172 176 270 
Ind327 140 144 266 266 124 122 274 274 137 146 251 257 170 172 108 169 173 170 172 172 
Ind328 132 132 266 266 124 132 274 274 140 140 257 243 188 178 114 112 179 171 268 180 
Ind329 132 140 266 266 124 124 274 274 134 149 241 239 180 172 171 171 172 169 168 280 
Ind330 134 134 266 268 128 122 274 277 146 143 231 235 174 182 112 112 171 168 176 178 
Ind331 132 142 266 266 128 128 274 274 143 143 251 247 176 180 169 169 170 170 276 278 
Ind332 132 142 266 266 128 128 274 274 164 143 251 247 176 180 169 169 170 170 170 278 
Ind333 132 144 266 266 122 122 274 274 143 134 243 241 168 178 169 167 171 169 172 276 
Ind334 132 144 268 266 122 122 277 274 146 134 243 241 174 178 165 167 169 169 170 276 
Ind335 132 144 266 266 130 122 274 274 146 134 243 241 174 178 165 167 169 169 170 276 
Ind336 136 138 266 266 130 128 274 274 146 143 239 241 176 176 112 112 177 172 268 276 
Ind337 144 134 266 266 126 126 277 274 134 143 239 235 178 168 165 167 181 168 172 276 
Ind338 132 136 266 266 128 126 277 277 146 152 241 247 178 174 114 167 175 179 172 174 
Ind339 142 136 266 268 128 126 274 277 140 146 257 241 172 178 169 112 179 172 170 176 
Ind340 134 132 266 266 126 126 277 274 140 146 251 249 182 182 112 167 170 167 176 172 
Ind341 136 134 266 266 126 126 277 274 119 146 243 235 178 182 114 114 172 167 268 270 
Ind342 132 134 266 266 126 126 277 274 119 146 243 235 174 182 167 114 175 167 268 270 
Ind343 132 144 266 268 132 122 277 274 152 158 231 279 166 184 177 169 170 170 172 278 
Ind344 142 136 266 266 128 126 277 277 146 143 239 243 168 188 114 169 170 187 268 278 
Ind345 138 136 266 266 126 126 277 277 146 143 239 243 186 188 165 169 170 187 172 278 
Ind346 142 136 266 266 126 126 274 277 146 143 239 243 186 188 114 169 169 187 268 278 
Ind347 140 136 266 266 128 128 274 274 155 134 231 235 186 188 112 112 169 187 276 172 
Ind348 140 134 266 266 128 126 274 277 119 146 255 241 186 192 112 112 170 187 272 276 
Ind349 134 144 266 266 128 130 274 274 143 143 241 243 184 170 114 169 169 169 174 172 
Ind350 134 144 266 266 126 130 274 274 143 143 241 243 184 170 167 169 169 169 174 172 
Ind351 132 136 266 268 124 130 274 277 140 119 253 231 180 170 108 112 169 171 190 268 
Ind352 134 138 266 266 122 126 274 274 140 146 249 243 178 174 167 165 172 169 276 186 
Ind353 140 132 266 266 128 128 274 274 140 146 229 247 182 174 167 165 177 166 280 276 
Ind354 132 136 266 266 130 128 274 274 146 137 241 241 184 192 171 167 169 179 172 172 
Ind355 130 134 266 266 132 126 274 274 134 140 255 243 180 176 112 112 170 173 176 276 
Ind356 134 140 266 266 122 122 274 274 146 146 241 239 174 168 167 167 172 169 280 268 
Ind357 144 134 266 266 130 128 274 277 146 146 253 247 172 176 171 173 171 172 174 282 
Ind358 136 138 266 266 122 126 274 274 143 146 243 241 172 180 112 112 179 170 276 270 
Ind359 134 128 266 266 128 130 274 274 146 146 241 251 178 172 112 171 175 169 276 280 
Ind360 134 128 266 266 128 130 274 274 146 146 243 251 186 172 169 171 170 169 278 280 
Ind361 134 128 266 266 124 130 274 274 146 146 241 251 186 172 112 171 170 169 278 280 
Ind362 134 136 266 266 124 126 274 274 146 146 241 247 180 172 169 169 170 168 268 280 
Ind363 136 136 266 266 124 130 274 274 140 140 243 255 176 174 112 112 168 172 190 270 
Ind364 140 134 266 266 124 124 274 274 146 146 241 243 180 166 112 112 171 170 176 176 
Ind365 132 132 266 268 126 132 274 274 161 143 247 241 180 172 173 169 169 172 176 276 
Ind366 138 132 266 266 124 126 274 274 137 149 235 255 182 172 112 114 187 168 276 276 
Ind367 144 132 266 266 122 128 274 277 140 140 243 241 180 172 110 167 168 169 174 170 
Ind368 134 140 266 266 124 128 274 274 137 182 243 247 178 178 167 171 166 169 268 280 
Ind369 144 138 268 266 124 124 274 277 146 164 241 241 172 184 167 112 178 171 172 268 
Ind370 140 142 268 266 122 124 274 274 143 146 241 243 184 178 112 116 174 171 268 276 
Ind371 138 138 266 266 130 130 274 274 140 113 245 243 182 162 112 169 170 172 172 268 
Ind372 134 134 266 266 126 122 274 277 113 143 243 255 182 174 167 171 168 169 282 276 
Ind373 132 138 266 266 130 128 274 274 128 143 247 245 180 180 167 169 170 169 172 268 
Ind374 134 144 266 266 124 128 274 277 140 143 243 241 172 176 167 169 168 169 176 172 
Ind375 134 130 266 268 124 126 274 274 143 143 233 253 184 172 171 112 168 176 268 280 
Ind376 138 128 266 266 126 128 274 274 146 146 241 241 168 170 112 169 170 170 176 270 
Ind377 132 132 266 266 130 130 274 277 143 149 247 243 172 176 112 167 170 172 274 172 
Ind378 144 144 266 268 128 124 274 274 146 146 259 243 180 176 169 112 168 170 280 174 
Ind379 144 140 268 266 130 128 274 274 140 134 247 269 176 186 167 112 174 173 276 276 
Ind380 136 144 266 266 124 124 277 277 140 137 269 235 184 184 112 114 168 172 170 174 
Ind381 140 142 266 266 126 122 274 274 140 143 255 243 188 192 167 114 171 170 174 276 
Ind382 134 134 266 266 128 126 274 277 137 137 241 237 172 182 112 169 170 169 174 178 
Ind383 136 132 268 266 126 126 274 274 143 134 231 243 170 180 112 171 172 185 280 182 
Ind384 132 134 266 266 126 128 274 277 149 134 239 251 168 194 177 116 172 177 170 270 
Ind385 134 132 268 266 124 122 274 274 146 146 241 241 186 174 177 112 168 187 176 282 
Ind386 134 140 266 266 124 122 277 277 140 155 241 241 176 174 169 173 170 166 176 270 
Ind387 134 134 266 266 130 124 274 274 140 146 241 257 168 180 110 114 187 168 276 170 
Ind388 132 132 266 266 124 130 274 274 146 146 251 253 184 170 112 171 168 172 268 276 
Ind389 134 128 266 266 126 130 274 274 146 146 253 235 176 168 112 167 174 171 170 268 
Ind390 132 138 266 266 124 124 277 274 146 137 241 235 186 180 114 167 172 170 268 268 
Ind391 134 134 266 266 130 128 274 274 140 140 243 241 176 172 112 169 168 171 274 170 
Ind392 132 140 266 266 122 126 274 277 146 140 279 241 178 176 110 110 168 177 174 276 
Ind393 134 146 266 266 130 124 274 274 143 146 243 261 176 178 173 167 173 177 268 170 
Ind394 134 136 266 266 130 126 277 277 143 146 243 241 182 170 112 167 168 169 278 276 
Ind395 140 140 266 266 122 124 274 274 146 134 255 241 172 180 112 167 166 169 280 176 
Ind396 140 140 266 266 126 124 274 274 146 134 255 241 182 180 112 167 166 169 280 176 
Ind397 130 138 266 266 124 130 274 274 140 140 241 245 182 188 108 169 170 171 178 176 
Ind398 132 136 266 266 124 124 274 274 182 119 243 241 166 168 112 114 177 168 270 172 
Ind399 134 138 268 266 130 130 274 277 146 146 253 237 176 168 167 112 173 170 172 278 
Ind400 132 134 266 266 128 130 274 274 146 146 241 257 168 180 165 112 173 165 172 268 
Ind401 136 136 266 266 126 124 277 274 146 143 259 241 172 176 112 112 177 169 176 274 
Ind402 138 132 268 268 126 124 274 277 143 146 243 243 164 174 116 114 171 189 276 270 
Ind403 134 140 266 266 130 124 274 274 149 140 271 247 176 182 114 112 171 172 268 174 
Ind404 128 128 266 266 124 126 274 274 143 140 249 235 176 170 112 169 172 175 268 276 
Ind405 128 128 266 266 126 126 274 274 143 140 243 235 176 170 112 169 172 175 280 276 
Ind406 134 134 266 266 128 124 274 274 146 146 241 235 172 186 167 110 172 169 172 172 
Ind407 134 132 266 266 126 124 274 274 146 146 257 269 178 188 171 167 187 171 176 176 
Ind408 134 138 266 266 126 130 277 274 146 146 247 255 178 178 116 169 171 169 176 272 
Ind409 140 144 266 268 124 124 274 274 146 149 249 251 176 172 112 112 171 169 280 170 
Ind410 130 144 266 266 116 128 277 277 146 140 241 241 168 180 112 169 179 169 182 276 
Ind411 132 138 266 266 126 122 277 274 146 140 253 247 180 170 171 169 168 170 172 268 
Ind412 128 140 268 266 124 124 277 277 134 146 253 241 182 174 112 114 169 168 268 268 
Ind413 128 140 266 266 128 124 274 277 134 146 251 241 182 174 112 114 169 168 268 268 
Ind414 134 132 266 266 128 126 277 274 143 164 243 241 154 176 167 169 167 167 280 188 
Ind415 144 138 266 266 128 124 274 274 146 158 241 243 172 172 167 169 177 177 174 278 
Ind416 136 160 266 266 128 132 274 274 161 146 251 255 190 182 110 171 189 185 174 276 
Ind417 132 134 266 268 126 126 277 274 140 140 241 235 172 176 169 169 172 170 270 280 
Ind418 132 144 266 266 126 124 274 277 146 146 245 247 180 188 169 108 172 171 270 268 
Ind419 144 134 266 266 130 132 274 277 152 143 235 235 176 172 118 112 174 171 276 276 
Ind420 134 138 268 266 124 126 274 274 140 137 243 247 172 176 169 108 173 172 174 174 
Ind421 134 136 268 266 126 126 274 274 137 140 235 235 172 172 163 169 173 173 276 270 
Ind422 144 134 266 266 128 128 274 277 143 146 241 241 190 176 116 112 171 168 276 176 
Ind423 134 142 268 266 124 124 274 277 134 143 251 235 172 172 167 110 175 170 268 172 
Ind424 138 132 266 268 124 124 277 274 146 140 243 243 162 164 169 167 172 171 174 176 
Ind425 132 144 266 266 132 124 274 277 140 146 241 243 170 176 112 169 168 173 272 268 
Ind426 140 140 266 268 124 130 274 277 143 140 247 235 172 174 165 110 171 170 280 170 
Ind427 136 134 266 266 126 132 274 274 146 134 241 247 178 178 167 114 170 175 276 270 
Ind428 144 138 266 266 124 128 277 277 140 152 255 261 176 182 112 112 174 170 180 276 
Ind429 140 132 266 266 124 130 274 274 149 146 259 241 154 176 114 112 166 193 276 174 
Ind430 132 134 266 268 128 132 274 274 146 125 251 251 172 182 167 112 170 172 172 268 
Ind431 132 144 266 266 124 126 274 274 140 143 243 253 182 184 167 173 173 173 170 274 
Ind432 136 140 266 266 122 124 274 277 146 140 247 235 184 180 169 169 171 170 176 282 
Ind433 134 142 266 266 122 122 274 277 140 140 251 245 184 176 173 167 168 172 280 272 
Ind434 142 142 266 266 122 122 274 277 140 140 251 245 184 176 112 167 168 172 280 272 
Ind435 134 134 266 268 126 130 274 274 140 143 251 247 180 174 171 169 176 177 268 268 
Ind436 132 132 266 266 124 124 274 274 125 146 241 243 172 178 112 169 166 170 280 170 
Ind437 134 144 266 266 126 128 274 274 164 137 257 251 180 178 112 167 171 171 276 276 
Ind438 134 144 266 266 126 128 274 274 146 137 235 251 178 178 169 167 171 171 276 276 
Ind439 148 142 266 266 124 130 277 274 146 140 239 247 174 174 112 177 171 170 176 170 
Ind440 138 134 266 266 130 128 274 277 146 146 247 241 178 182 169 169 179 189 270 278 
Ind441 138 134 266 266 126 128 274 277 146 146 245 241 178 182 112 169 179 189 174 278 
Ind442 132 134 266 266 128 122 277 277 146 143 241 243 170 178 114 112 171 170 176 270 
Ind443 138 140 266 266 128 128 274 274 134 134 241 247 174 180 110 167 170 170 178 170 
Ind444 138 140 266 266 130 128 274 274 134 134 247 247 176 180 112 167 168 170 276 170 
Ind445 138 140 266 266 128 128 274 274 149 134 241 247 174 180 110 167 168 170 178 170 
Ind446 134 132 266 266 124 126 274 277 170 137 243 243 184 188 114 114 185 167 266 170 
Ind447 138 132 266 266 126 126 274 277 170 137 243 243 184 188 112 114 185 167 176 170 
Ind448 134 140 266 268 122 126 277 274 134 119 243 243 168 176 112 116 169 169 176 174 
Ind449 142 130 266 266 124 130 274 274 140 140 231 241 172 172 114 167 167 170 284 268 
Ind450 132 134 266 266 128 122 277 277 134 149 259 243 176 174 171 114 170 168 172 172 
Ind451 134 134 266 266 122 126 274 274 176 146 253 233 174 172 112 169 173 172 278 270 
Ind452 134 134 266 268 124 128 274 274 134 146 235 259 174 188 112 112 171 170 268 172 
Ind453 140 134 266 266 128 130 277 274 146 146 269 259 180 178 175 167 181 174 168 190 
Ind454 132 132 266 266 124 124 277 274 146 152 241 247 172 180 171 169 169 169 268 268 
Ind455 144 132 268 268 122 122 274 277 143 146 241 251 166 172 167 167 168 168 176 172 
Ind456 144 132 268 268 126 122 274 277 143 146 241 251 172 172 175 167 167 168 176 172 
Ind457 146 132 266 266 124 130 274 274 137 146 241 247 176 172 114 112 166 170 280 268 
Ind458 142 134 266 268 122 128 274 277 143 146 243 241 176 170 169 114 168 187 174 178 
Ind459 138 134 266 268 122 128 274 277 143 146 243 241 176 170 169 114 168 187 174 178 
Ind460 132 160 268 266 128 126 274 274 134 140 243 271 178 176 112 114 170 170 270 170 
Ind461 134 132 266 266 128 130 274 274 146 140 245 247 192 176 114 112 170 167 174 180 
Ind462 140 140 266 266 126 126 277 274 146 143 243 235 174 170 114 114 168 167 278 180 
Ind463 140 140 266 266 130 126 274 274 146 143 243 235 180 170 114 114 168 167 278 180 
Ind464 136 134 268 266 124 124 274 277 149 146 253 241 172 184 112 114 173 172 176 284 
Ind465 140 134 266 266 122 130 277 274 146 149 247 241 178 176 167 171 169 169 268 172 
Ind466 144 132 266 266 128 126 274 274 149 146 243 241 180 174 169 114 170 170 176 282 
Ind467 142 132 266 266 126 126 274 274 140 140 269 247 162 176 167 167 174 173 276 276 
Ind468 142 132 266 266 126 126 274 274 152 140 243 247 162 176 112 167 176 173 172 276 
Ind469 138 134 266 266 128 126 274 277 140 146 243 249 178 182 169 112 168 170 172 268 
Ind470 132 142 266 266 130 130 277 277 143 146 241 241 178 174 169 169 170 174 170 170 
Ind471 132 142 266 266 122 130 277 277 146 146 259 241 182 174 169 169 170 174 170 170 
Ind472 134 138 266 266 124 124 274 277 149 140 241 255 178 176 169 112 168 177 276 180 
Ind473 132 138 266 266 124 130 274 274 134 146 243 249 176 176 114 112 168 187 182 276 
Ind474 132 134 266 266 122 126 274 274 140 146 269 251 172 168 165 112 169 172 270 276 
Ind475 130 140 266 266 128 122 274 277 146 146 243 243 186 180 167 112 169 168 176 272 
Ind476 138 134 266 266 132 124 274 277 143 146 243 243 178 154 169 169 169 172 280 172 
Ind477 138 132 266 268 126 126 277 277 140 146 241 255 184 154 112 169 169 170 168 176 
Ind478 134 132 266 268 128 126 274 277 146 146 241 255 184 154 112 169 170 170 168 176 
Ind479 138 132 266 268 126 126 277 277 140 146 241 255 174 154 114 169 170 170 168 176 
Ind480 132 144 266 266 126 126 277 274 146 152 241 247 180 174 112 165 170 168 270 176 
Ind481 132 132 268 266 128 126 274 274 146 134 235 241 188 176 112 112 168 170 276 268 
Ind482 140 144 266 266 130 122 274 274 146 143 249 243 172 180 116 163 187 173 274 278 
Ind483 132 144 266 266 130 130 274 277 146 146 247 239 178 178 167 110 174 172 268 280 
Ind484 132 134 266 266 128 122 274 277 140 158 247 245 178 172 173 169 169 170 272 268 
Ind485 140 138 266 266 124 128 274 274 149 143 235 241 176 178 114 167 167 177 172 274 
Ind486 138 128 266 268 128 130 277 274 134 140 261 241 172 180 169 112 168 168 172 174 
Ind487 134 146 266 266 122 130 277 274 134 119 249 269 176 174 112 112 171 168 268 170 
Ind488 132 142 266 266 122 122 274 274 146 137 241 251 180 182 112 167 166 171 174 178 
Ind489 128 138 268 266 130 126 274 277 140 146 235 243 182 166 112 169 170 170 172 174 
Ind490 134 132 268 266 130 128 277 274 155 143 255 241 172 172 110 112 168 181 268 168 
Ind491 144 134 266 266 130 124 274 274 146 146 255 265 174 180 112 110 170 171 276 280 
Ind492 134 134 266 266 130 124 274 274 140 146 235 243 166 174 169 165 172 174 276 186 
Ind493 136 134 266 266 126 124 274 274 146 146 235 243 182 174 114 165 172 174 276 186 
Ind494 136 144 266 266 128 128 274 274 155 143 241 235 168 168 114 112 170 170 276 184 
Ind495 140 134 266 266 132 126 274 274 146 158 243 241 176 172 169 114 170 171 186 280 
Ind496 132 134 266 266 126 124 274 274 149 143 245 235 178 170 167 167 168 170 174 276 
Ind497 138 134 266 266 126 124 274 274 149 143 245 235 182 170 108 167 168 170 174 276 
Ind498 144 146 266 268 122 122 277 274 152 134 241 235 178 166 112 112 175 181 280 276 
Ind499 134 132 268 266 126 124 277 274 134 146 251 247 166 166 169 167 188 170 176 190 
Ind500 134 132 268 266 130 124 277 274 134 146 251 247 176 166 169 167 171 170 268 190 
Ind501 134 134 266 266 128 124 274 274 146 149 247 235 176 172 169 169 177 170 272 176 
Ind502 136 144 266 266 126 130 274 274 137 146 241 241 180 178 169 169 185 179 276 280 
Ind503 136 144 266 266 126 130 277 274 137 146 257 241 180 178 110 169 185 179 172 280 
Ind504 134 142 266 266 126 130 274 274 146 140 241 259 180 168 112 171 168 168 268 276 
Ind505 132 138 268 266 124 116 274 274 134 140 253 247 180 178 108 171 169 179 280 280 
Ind506 144 138 266 266 124 116 274 274 143 140 235 247 180 178 108 171 169 179 280 280 
Ind507 134 130 266 268 126 128 274 277 146 137 269 251 172 174 169 114 179 168 268 170 
Ind508 132 138 266 266 126 122 274 274 143 146 269 235 176 184 114 112 187 173 268 192 
Ind509 136 144 266 266 126 124 274 274 134 149 235 247 182 178 169 110 170 171 214 174 
Ind510 134 136 266 266 126 130 274 277 149 140 241 245 178 176 167 167 170 170 174 270 
Ind511 134 136 266 266 126 130 277 277 149 140 241 245 190 176 110 167 170 170 174 270 
Ind512 134 140 266 266 122 126 274 274 140 146 241 235 186 176 173 112 187 170 270 172 
Ind513 144 142 266 266 130 124 277 274 137 146 249 255 160 174 114 112 179 167 268 268 
Ind514 142 136 266 266 122 122 277 274 143 146 243 263 180 174 169 112 172 168 280 172 
Ind515 138 132 268 266 130 124 274 274 134 146 261 239 172 172 112 167 173 168 276 170 
Ind516 138 132 266 266 116 124 274 274 134 140 259 241 178 184 175 114 170 169 176 276 
Ind517 142 132 266 266 116 124 274 274 134 140 259 241 176 184 175 114 170 169 168 276 
Ind518 138 132 266 266 116 124 274 274 137 140 259 241 178 184 175 114 172 169 168 276 
Ind519 138 132 266 266 126 130 277 274 146 164 241 247 172 172 114 116 175 174 172 176 
Ind520 138 132 266 266 126 130 277 274 146 164 247 247 184 172 114 116 175 174 278 176 
Ind521 138 132 266 266 126 130 277 274 146 164 247 247 184 172 114 116 175 174 172 176 
Ind522 140 134 268 266 130 130 274 274 146 143 241 241 180 178 114 116 170 172 268 276 
Ind523 136 144 266 266 124 132 274 277 113 146 249 241 168 188 112 169 187 172 270 168 
Ind524 132 144 266 266 122 124 277 274 134 146 235 247 170 168 167 167 168 172 280 274 
Ind525 136 134 266 266 128 122 277 274 140 143 247 235 172 180 169 112 170 168 172 278 
Ind526 134 144 268 268 128 122 277 274 140 137 257 249 182 176 110 112 177 171 274 170 
Ind527 134 144 266 266 126 128 274 274 149 140 241 255 186 178 114 167 168 187 268 170 
Ind528 134 144 266 266 126 128 274 274 146 140 241 255 186 178 114 167 168 187 268 170 
Ind529 134 144 266 266 126 128 274 274 146 140 241 255 186 178 114 167 168 187 268 170 
Ind530 132 138 266 266 126 122 274 277 146 134 241 231 180 172 112 167 168 179 276 174 
Ind531 140 138 266 266 132 128 277 274 140 146 243 243 174 176 110 167 170 168 280 172 
Ind532 134 138 266 266 130 128 274 274 146 146 243 243 182 176 110 167 170 168 280 172 
Ind533 134 138 266 266 132 128 274 274 146 146 243 243 174 176 108 167 170 168 280 172 
Ind534 132 138 266 266 126 128 274 274 146 155 241 241 186 178 108 112 172 170 268 278 
Ind535 138 136 266 266 128 124 274 274 146 143 261 241 176 170 177 169 185 170 268 172 
Ind536 138 136 266 266 128 124 274 274 146 143 261 241 168 170 177 169 185 170 268 172 
Ind537 138 136 266 266 128 124 274 274 146 143 235 241 176 170 169 169 169 170 268 172 
Ind538 172 132 266 266 126 122 274 277 134 143 243 243 176 176 112 167 172 170 174 270 
Ind539 172 132 268 266 126 122 274 277 134 143 251 243 176 176 112 167 169 170 276 270 
Ind540 138 138 266 266 122 126 274 274 140 137 243 255 170 176 175 167 167 168 268 178 
Ind541 134 138 266 266 126 126 274 274 140 137 251 255 170 176 169 167 167 168 268 178 
Ind542 132 132 266 266 124 124 274 277 155 146 241 235 154 186 167 173 173 171 268 292 
Ind543 144 140 266 266 130 128 274 274 146 134 243 243 174 172 112 167 168 170 172 170 
Ind544 138 134 266 266 126 122 274 274 146 146 235 235 176 178 112 112 171 171 270 280 
Ind545 140 142 266 266 124 122 274 274 152 170 243 243 180 174 165 116 177 195 276 278 
Ind546 140 142 266 266 124 122 277 274 152 170 241 243 172 174 165 116 177 195 280 278 
Ind547 140 140 266 266 126 126 274 274 140 146 243 241 172 172 169 171 172 168 280 174 
Ind548 168 134 266 268 122 124 274 277 140 146 239 243 176 166 114 169 169 171 170 172 
Ind549 138 134 266 266 124 132 274 277 134 167 247 245 182 174 175 169 170 168 172 276 
Ind550 132 134 266 266 130 124 274 274 146 146 239 241 176 186 114 167 170 173 176 280 
Ind551 134 138 266 266 130 124 277 274 146 161 245 255 172 184 167 112 170 170 170 176 
Ind552 134 138 266 266 126 130 274 274 134 146 247 243 176 178 169 169 187 177 182 276 
Ind553 136 132 266 266 126 128 274 274 155 155 243 243 186 184 112 116 166 171 280 270 
Ind554 148 138 266 266 126 128 277 274 140 140 253 243 168 178 169 167 170 185 268 274 
Ind555 138 134 266 266 122 132 274 274 146 143 249 241 182 174 167 110 170 168 270 276 
Ind556 134 132 266 266 126 128 274 277 149 146 241 241 168 172 169 167 187 177 280 176 
Ind557 134 150 268 266 132 126 274 277 146 146 255 257 172 168 175 112 168 168 270 276 
Ind558 134 150 268 266 124 126 274 277 146 146 255 257 172 168 175 112 172 168 270 276 
Ind559 134 150 268 266 124 126 274 277 146 146 235 257 172 168 175 112 172 168 270 276 
Ind560 132 142 268 268 128 130 274 277 134 140 269 251 180 172 110 114 167 175 280 268 
Ind561 140 138 266 266 122 126 274 274 143 146 243 251 180 182 165 171 171 169 270 276 
Ind562 152 134 266 266 130 124 274 274 146 137 241 241 180 180 114 169 172 174 174 172 
Ind563 136 134 266 266 130 124 274 274 146 137 241 241 180 180 112 169 168 174 174 172 
Ind564 142 142 266 266 126 126 274 274 143 146 255 241 174 172 114 167 171 169 276 276 
Ind565 132 132 266 266 124 124 277 277 146 146 243 247 170 174 112 169 175 169 268 176 
Ind566 130 138 266 266 126 126 274 274 146 146 235 235 168 178 171 167 172 179 280 270 
Ind567 144 138 266 266 128 128 274 274 146 146 257 241 180 172 171 112 172 173 176 280 
Ind568 136 134 266 266 126 130 274 274 149 146 269 239 178 182 169 114 169 170 276 278 
Ind569 132 134 266 266 130 124 274 277 143 146 243 243 166 168 112 167 187 174 280 280 
Ind570 134 138 266 266 130 122 277 277 134 146 251 243 180 174 114 165 187 171 178 170 
Ind571 136 144 266 266 128 122 274 274 143 134 241 267 176 190 169 167 179 168 174 280 
Ind572 142 128 266 268 126 126 274 274 146 140 235 247 170 178 114 167 171 171 174 276 
Ind573 136 136 266 266 126 128 274 274 149 143 251 241 180 178 112 169 169 171 270 276 
Ind574 138 134 266 266 126 126 274 274 143 143 243 241 182 174 112 169 177 169 278 270 
Ind575 138 134 266 266 128 126 274 274 134 143 243 241 182 174 112 169 177 169 278 270 
Ind576 144 140 266 266 122 126 274 274 146 146 235 243 176 178 112 167 170 172 178 176 
Ind577 134 132 266 266 128 126 277 277 146 146 243 241 178 180 167 169 170 168 268 268 
Ind578 134 134 266 266 126 124 274 274 143 146 255 255 182 168 114 114 171 172 176 276 
Ind579 144 136 266 266 128 124 274 277 149 146 241 251 178 186 171 167 170 187 270 174 
Ind580 132 132 266 268 122 126 274 274 140 140 241 243 172 178 114 116 175 171 268 270 
Ind581 134 136 266 266 128 126 274 274 137 140 241 243 178 174 112 169 170 168 176 276 
Ind582 138 136 266 266 128 126 274 274 137 140 241 243 186 174 165 169 175 168 176 276 
Ind583 134 134 266 266 132 128 277 274 137 137 251 251 184 182 173 169 173 168 280 174 
Ind584 134 134 268 266 124 130 274 274 143 113 235 255 182 174 112 165 170 176 278 276 
Ind585 142 144 266 268 124 130 274 274 146 137 243 235 172 180 167 112 175 168 276 172 
Ind586 140 134 266 266 124 126 274 274 113 119 235 241 172 184 165 112 171 170 276 268 
Ind587 140 134 266 266 124 126 274 274 140 119 235 241 174 184 112 112 166 170 176 268 
Ind588 132 140 266 266 124 124 277 274 146 137 243 239 172 168 110 114 169 170 178 178 
Ind589 134 132 268 266 128 130 274 274 146 140 235 253 170 172 169 169 172 187 172 268 
Ind590 134 132 268 266 130 130 277 274 146 140 247 253 184 172 169 169 172 187 270 268 
Ind591 134 132 268 266 130 130 277 274 143 140 247 253 170 172 169 169 172 187 270 268 
Ind592 142 132 266 266 126 122 274 274 146 146 241 235 178 168 169 112 170 169 170 280 
Ind593 128 134 266 266 134 126 274 274 146 140 235 243 178 154 114 169 181 188 172 270 
Ind594 138 138 266 266 122 126 274 277 152 140 249 255 178 174 112 171 169 170 280 268 
Ind595 136 132 266 266 128 122 274 274 119 134 243 259 182 176 169 112 171 189 178 270 
Ind596 136 132 266 266 128 122 274 274 119 134 235 259 190 176 169 112 171 189 270 270 
Ind597 134 132 268 266 122 128 274 274 146 140 241 241 176 180 112 112 168 169 176 276 
Ind598 138 134 266 266 124 124 274 274 146 137 239 247 180 172 112 114 169 171 274 280 
Ind599 134 132 266 266 124 126 274 277 146 140 243 255 176 168 116 169 169 171 172 174 
Ind600 134 146 268 266 126 124 274 274 146 146 241 245 166 172 171 112 168 168 276 270 
Ind601 134 134 266 266 130 126 274 277 134 149 245 243 184 178 114 173 169 170 276 272 
Ind602 144 134 266 266 124 128 274 274 119 146 241 239 178 184 165 167 170 187 276 276 
Ind603 128 144 266 268 130 122 274 274 146 140 243 239 172 182 110 167 170 179 172 278 
Ind604 140 134 266 266 124 122 277 274 134 143 235 235 176 180 167 167 172 169 268 276 
Ind605 134 138 266 266 130 128 274 274 134 140 253 231 172 168 169 167 169 166 268 276 
Ind606 138 138 266 266 130 128 274 274 140 140 241 231 172 168 112 167 167 166 268 276 
Ind607 134 138 266 266 124 122 277 274 146 146 241 255 180 170 114 112 170 170 276 176 
Ind608 134 144 266 266 122 128 274 277 146 143 241 241 182 178 171 112 171 177 182 270 
Ind609 134 144 266 266 122 128 274 277 146 143 241 241 182 178 171 112 171 177 176 270 
Ind610 136 128 268 266 130 126 274 277 140 146 243 241 168 182 114 112 167 170 174 276 
Ind611 138 144 266 268 128 124 274 274 146 146 241 269 190 176 169 112 168 170 172 276 
Ind612 132 146 266 266 126 130 274 274 146 146 241 231 168 184 165 167 169 171 268 172 
Ind613 138 134 268 268 124 124 274 274 140 146 243 249 186 176 165 167 170 170 276 276 
Ind614 134 134 266 266 124 128 274 274 143 140 251 241 180 178 167 112 169 176 176 174 
Ind615 150 134 268 266 132 124 274 274 146 155 247 241 172 192 112 112 168 169 268 268 
Ind616 132 140 266 266 128 126 274 274 146 146 247 245 176 170 112 169 166 170 268 282 
Ind617 134 136 266 266 130 126 274 274 146 134 239 243 172 186 167 167 172 191 172 174 
Ind618 128 132 268 266 128 130 274 274 155 155 241 243 178 170 112 116 167 174 172 280 
Ind619 132 134 266 268 124 122 274 277 143 146 253 239 176 174 112 167 170 177 180 276 
Ind620 146 142 266 266 124 128 274 274 140 143 235 241 180 174 110 169 171 175 268 276 
Ind621 136 134 266 268 126 122 274 274 146 146 267 247 178 186 114 112 177 171 276 176 
Ind622 134 136 266 266 130 122 274 274 140 149 243 241 174 184 114 167 170 177 172 178 
Ind623 134 136 266 266 130 122 274 274 149 149 243 241 174 184 114 167 170 177 172 178 
Ind624 138 144 266 266 128 126 274 274 143 146 243 251 178 166 116 112 172 177 276 270 
Ind625 132 140 266 266 130 124 274 274 146 140 241 241 174 174 112 116 167 170 174 268 
Ind626 134 142 266 266 126 126 274 274 140 134 255 289 170 180 167 112 172 189 278 276 
Ind627 134 142 266 266 126 126 274 274 152 134 255 289 188 180 169 112 168 189 278 276 
Ind628 140 134 266 266 126 130 274 274 155 140 243 235 184 178 110 110 176 172 172 270 
Ind629 134 144 266 266 130 126 274 277 164 146 243 251 176 180 169 169 172 167 270 174 
Ind630 132 134 266 266 130 124 274 274 146 140 241 245 180 174 167 169 171 172 278 270 
Ind631 132 144 266 266 124 120 274 274 137 146 255 243 176 168 112 167 171 171 276 270 
Ind632 144 132 266 268 124 128 277 274 167 170 251 247 176 184 112 167 171 172 176 268 
Ind633 132 140 266 266 124 128 277 277 137 146 241 241 174 174 112 108 187 173 170 280 
Ind634 134 134 266 266 122 124 277 274 146 140 241 245 178 184 112 179 169 177 172 172 
Ind635 134 134 266 266 126 124 277 274 140 140 241 245 178 184 165 179 174 177 172 172 
Ind636 132 134 266 266 130 126 277 277 149 143 243 247 176 178 110 167 171 174 176 272 
Ind637 132 134 266 266 130 124 274 274 149 146 235 255 180 162 116 165 169 187 170 172 
Ind638 142 142 266 266 122 130 274 274 143 146 267 247 174 172 167 169 171 173 280 268 
Ind639 140 132 266 266 124 124 274 274 146 146 243 241 172 172 112 114 177 172 268 170 
Ind640 138 134 266 266 126 124 277 274 143 158 241 243 174 182 114 167 166 173 174 270 
Ind641 140 148 266 266 122 130 277 274 146 140 241 235 170 172 169 165 169 171 270 268 
Ind642 138 140 268 266 124 128 274 277 140 143 255 243 180 172 112 173 174 169 270 268 
Ind643 132 134 266 266 126 120 274 274 158 134 243 243 168 180 116 169 168 168 276 276 
Ind644 132 134 266 268 124 124 274 274 167 143 243 255 180 178 171 167 172 170 168 172 
Ind645 132 134 266 268 124 124 274 274 167 143 243 255 180 178 171 167 172 170 194 172 
Ind646 138 138 266 268 124 122 274 277 146 140 235 235 172 176 169 112 169 170 180 268 
Ind647 132 138 266 266 124 128 274 277 167 140 245 241 168 180 169 116 170 187 268 168 
Ind648 128 128 266 266 126 126 274 274 146 143 243 235 176 178 112 173 193 170 280 176 
Ind649 132 134 268 266 124 126 274 274 149 134 253 241 182 180 167 167 168 168 278 172 
Ind650 144 134 268 266 124 132 274 274 119 143 247 247 190 176 114 167 179 171 282 172 
Ind651 132 148 266 266 124 124 277 274 134 152 245 235 176 170 169 112 168 176 280 268 
Ind652 132 142 266 266 126 132 274 277 149 149 255 251 172 180 112 167 169 169 178 174 
Ind653 132 136 266 266 130 124 274 274 146 134 241 267 176 176 169 171 174 187 172 172 
Ind654 152 134 266 266 128 130 277 277 143 134 269 243 178 180 110 114 168 169 276 174 
Ind655 152 134 266 266 124 130 277 277 143 134 269 243 174 180 171 114 168 169 276 174 
Ind656 140 142 266 266 126 128 274 277 143 146 241 235 184 184 112 108 170 169 268 276 
Ind657 138 132 266 266 126 132 274 274 140 143 259 241 178 172 163 112 173 170 214 170 
Ind658 134 140 266 266 130 126 274 277 143 146 243 243 180 180 169 112 175 193 170 180 
Ind659 132 132 266 266 124 128 266 277 140 137 241 241 182 174 112 114 177 172 276 178 
Ind660 134 138 266 266 130 128 274 277 146 137 235 241 182 180 108 167 171 169 276 172 
Ind661 132 140 266 266 130 126 274 274 146 146 241 257 170 168 112 167 169 168 268 280 
Ind662 134 140 266 266 130 126 274 274 146 146 241 257 172 168 112 167 170 168 276 280 
Ind663 134 140 266 266 126 126 274 274 146 146 241 257 170 168 167 167 169 168 268 280 
Ind664 142 144 266 266 124 122 277 274 149 137 245 239 176 176 112 167 171 168 174 280 
Ind665 132 144 266 266 126 122 277 274 149 137 245 239 176 176 167 167 171 168 174 280 
Ind666 138 134 266 266 122 124 274 277 146 146 247 243 172 182 114 108 169 170 172 276 
Ind667 134 128 266 266 130 122 274 274 140 137 261 255 184 174 110 167 172 177 278 172 
Ind668 134 144 266 268 126 126 274 274 140 146 243 239 172 182 169 112 168 172 172 280 
Ind669 134 144 266 268 126 126 274 274 140 146 241 239 172 182 114 112 168 172 172 280 
Ind670 134 144 266 268 126 126 274 274 140 146 243 239 180 182 114 112 168 172 172 280 
Ind671 130 132 266 266 124 130 277 274 182 146 243 243 178 180 114 112 168 177 276 176 
Ind672 138 152 268 266 130 132 274 274 134 134 243 241 184 170 167 108 193 168 172 270 
Ind673 134 132 266 266 122 122 277 277 146 140 241 243 170 178 112 114 171 172 170 268 
Ind674 140 132 266 266 126 124 274 274 137 143 247 239 180 166 167 171 169 172 276 268 
Ind675 138 132 266 266 132 124 274 274 146 143 243 239 180 166 167 171 169 172 276 268 
Ind676 134 134 268 266 122 122 274 274 134 146 239 251 176 182 167 167 168 171 176 172 
Ind677 132 134 266 266 124 132 274 274 146 134 241 267 186 180 171 112 175 179 172 178 
Ind678 132 134 268 266 124 124 274 274 146 146 241 235 180 182 112 114 169 177 278 172 
Ind679 134 134 266 266 126 124 274 274 146 146 247 241 166 180 112 116 170 175 172 170 
Ind680 144 134 266 266 124 124 274 274 146 146 243 241 176 180 112 116 170 175 174 170 
Ind681 134 134 266 266 126 124 274 274 146 146 243 241 166 180 112 116 172 175 174 170 
Ind682 138 132 266 266 122 130 274 274 149 146 255 243 182 180 169 167 174 168 192 170 
Ind683 138 132 266 268 128 124 277 274 146 134 245 243 168 174 114 112 172 168 176 176 
Ind684 132 138 266 268 130 126 274 274 143 146 255 289 166 182 110 167 185 169 178 270 
Ind685 132 138 266 268 128 126 274 274 143 146 243 289 166 182 165 167 179 169 178 270 
Ind686 134 134 266 266 124 126 274 274 143 140 289 239 180 178 169 167 170 170 172 172 
Ind687 132 152 266 268 126 128 274 277 134 134 241 243 182 176 114 110 170 169 268 174 
Ind688 140 134 268 266 126 128 274 274 143 146 255 261 184 168 167 167 168 168 274 174 
Ind689 132 140 268 266 130 128 277 277 143 146 247 241 180 176 163 112 171 170 272 268 
Ind690 138 148 266 266 124 128 274 274 140 134 247 255 172 178 112 114 168 169 172 170 
Ind691 138 148 266 266 128 128 274 274 146 134 247 255 172 178 116 114 170 169 276 170 
Ind692 132 132 266 268 126 124 274 274 143 146 241 241 180 178 116 167 170 170 276 174 
Ind693 132 148 266 266 126 126 274 274 134 146 255 247 172 168 173 167 170 172 276 176 
Ind694 132 138 266 266 124 132 274 274 167 128 241 243 178 192 114 114 168 171 174 178 
Ind695 132 138 266 266 126 132 274 274 167 128 241 243 178 192 169 114 172 171 270 178 
Ind696 132 138 266 266 126 132 274 274 140 128 241 243 178 192 169 114 168 171 270 178 
Ind697 140 138 266 266 124 128 274 277 143 134 243 241 174 184 112 169 169 170 172 176 
Ind698 140 132 266 266 126 126 274 277 143 146 241 247 184 176 163 112 172 173 270 172 
Ind699 140 138 268 266 126 126 274 277 140 140 241 243 180 170 169 167 170 175 172 174 
Ind700 134 136 266 266 126 130 277 274 146 167 247 239 186 176 185 112 170 179 280 176 
Ind701 132 132 266 266 122 126 274 274 146 140 251 235 186 162 114 112 178 172 276 174 
Ind702 132 136 266 266 130 128 274 274 134 146 255 231 180 186 169 169 170 168 280 194 
Ind703 138 134 266 268 124 126 274 277 140 137 243 269 172 180 169 169 171 173 174 276 
Ind704 138 132 266 266 122 124 277 274 134 143 251 239 172 176 165 167 168 171 276 174 
Ind705 136 134 266 266 122 124 274 277 143 146 241 231 172 174 114 112 179 171 276 268 
Ind706 134 134 266 266 124 130 274 274 137 146 241 245 176 170 167 114 168 175 276 278 
Ind707 132 132 266 266 124 130 277 277 158 140 241 247 176 172 112 110 172 169 276 280 
Ind708 140 138 266 268 128 126 277 274 134 137 243 251 168 172 169 114 168 173 176 268 
Ind709 144 134 266 266 122 124 274 274 134 143 241 235 168 180 171 165 170 191 274 172 
Ind710 134 130 266 268 124 128 274 277 146 119 271 241 176 170 169 110 173 171 276 176 
Ind711 142 140 266 266 128 128 274 274 146 146 241 239 168 190 114 110 168 168 276 176 
Ind712 144 134 266 266 126 122 274 277 146 152 235 243 182 168 112 112 171 169 276 268 
Ind713 144 134 266 266 126 122 274 277 146 152 241 243 174 168 112 112 187 169 170 268 
Ind714 132 134 266 266 126 122 274 277 146 152 241 243 182 168 112 112 171 169 276 268 
Ind715 132 142 266 266 124 128 277 266 158 140 239 239 180 168 171 112 169 170 276 170 
Ind716 132 136 268 268 128 126 274 274 146 134 235 243 174 176 114 112 170 169 176 176 
Ind717 132 138 268 266 130 122 274 274 146 134 241 241 170 178 169 112 171 168 280 268 
Ind718 134 134 266 268 126 128 277 274 134 143 235 241 180 176 114 167 170 170 270 172 
Ind719 134 134 268 268 126 128 277 274 134 143 241 241 174 176 110 167 176 170 270 172 
Ind720 132 132 266 266 130 128 274 277 146 143 249 241 168 180 169 169 168 172 282 276 
Ind721 134 144 266 266 124 128 274 274 134 140 235 273 174 182 112 112 169 169 170 268 
Ind722 134 134 266 268 126 126 274 277 134 140 247 247 184 166 167 169 170 170 270 268 
Ind723 132 134 266 266 126 126 274 274 146 149 245 243 174 186 167 167 168 169 276 174 
Ind724 134 134 268 266 124 124 277 274 143 134 241 247 180 186 112 112 169 167 274 280 
Ind725 134 134 266 266 126 126 274 277 158 140 243 241 186 176 114 167 167 169 172 268 
Ind726 132 134 266 266 126 128 277 274 146 140 249 251 182 180 167 169 171 169 170 270 
Ind727 144 134 268 266 126 126 274 277 146 146 245 241 176 178 114 173 169 169 268 276 
Ind728 132 142 266 266 126 126 274 274 155 149 245 243 180 178 163 114 168 172 268 194 
Ind729 134 134 266 266 124 132 274 277 146 146 243 241 168 180 169 112 175 172 276 276 
Ind730 138 138 266 266 124 126 274 274 146 149 243 257 176 180 110 167 171 171 270 268 
Ind731 136 140 266 266 122 128 277 274 152 146 241 255 174 172 112 114 187 170 172 168 
Ind732 134 136 266 266 130 122 274 274 134 140 261 243 172 176 167 169 169 171 172 278 
Ind733 144 136 266 266 126 126 277 274 146 146 243 243 172 180 167 114 172 170 280 272 
Ind734 134 134 266 266 124 126 274 274 146 146 249 247 178 174 112 114 168 169 280 178 
Ind735 134 134 266 266 132 130 277 274 146 140 241 247 176 194 112 114 181 171 270 268 
Ind736 138 130 266 266 124 124 274 274 143 143 255 241 176 178 169 110 170 170 168 276 
Ind737 132 130 266 266 124 124 274 274 143 143 243 241 176 178 169 110 172 170 176 276 
Ind738 144 132 266 266 128 122 274 274 140 146 247 241 182 186 167 116 169 168 278 170 
Ind739 134 140 266 266 124 122 274 274 146 143 243 243 178 172 167 110 172 170 276 172 
Ind740 132 144 268 266 122 122 277 277 143 146 259 243 180 184 169 116 170 172 276 268 
Ind741 136 134 268 266 124 130 274 274 143 146 235 251 172 174 177 173 170 172 172 278 
Ind742 138 134 268 266 126 130 274 274 143 146 289 251 170 174 177 173 170 172 170 278 
Ind743 132 132 266 268 122 124 274 277 146 140 247 243 154 180 169 167 168 169 182 172 
Ind744 132 134 266 266 126 124 274 274 155 146 247 235 184 180 167 167 170 167 268 174 
Ind745 140 132 266 266 130 124 274 274 134 137 235 257 172 176 169 169 169 179 176 276 
Ind746 138 160 266 266 126 126 274 274 128 140 243 243 178 184 169 169 169 173 176 170 
Ind747 134 140 268 266 130 126 274 274 146 149 235 255 168 154 169 169 169 168 276 268 
Ind748 134 140 268 266 130 126 274 274 146 149 235 255 168 154 169 169 168 168 268 268 
Ind749 134 140 268 266 124 126 274 274 146 149 235 255 176 154 169 169 169 168 276 268 
Ind750 136 134 266 266 128 124 277 274 143 143 235 243 178 172 169 169 172 171 268 268 
Ind751 144 144 266 266 128 126 277 274 146 143 255 231 176 174 167 112 170 172 168 172 
Ind752 140 134 266 266 132 128 274 274 137 146 255 243 180 186 169 112 170 167 172 170 
Ind753 128 138 266 266 124 128 274 274 134 155 251 257 168 172 112 112 169 171 276 176 
Ind754 134 152 266 266 124 132 274 277 146 143 241 241 178 178 165 114 171 169 280 174 
Ind755 136 130 268 266 130 124 274 277 140 143 243 239 172 182 114 167 171 185 270 268 
Ind756 134 134 266 266 124 132 274 274 146 143 241 255 180 162 169 167 168 169 276 172 
Ind757 136 132 266 266 126 122 274 277 146 134 243 255 170 168 169 114 170 170 272 170 
Ind758 144 146 266 266 126 132 274 277 146 143 243 251 174 190 112 112 168 181 172 172 
Ind759 142 136 266 266 124 126 277 274 140 143 241 255 182 168 112 112 177 179 172 172 
Ind760 134 132 266 266 132 128 274 274 146 140 243 243 168 174 114 112 187 175 174 174 
Ind761 134 134 266 266 124 126 277 274 140 137 243 253 176 178 169 112 169 169 174 172 
Ind762 142 128 266 266 122 124 277 274 140 119 243 245 174 184 167 177 173 170 172 276 
Ind763 146 134 266 266 130 126 274 274 155 134 243 243 172 172 112 112 169 171 280 278 
Ind764 134 144 268 266 128 124 274 277 137 146 247 243 168 184 175 110 168 179 268 172 
Ind765 144 138 266 266 122 124 274 277 134 143 243 247 168 154 169 112 187 175 270 172 
Ind766 134 134 268 266 128 130 277 277 146 143 229 241 172 186 112 110 169 172 176 168 
Ind767 134 134 266 266 126 122 274 274 140 143 247 241 180 184 169 116 169 172 268 172 
Ind768 140 138 266 266 128 126 274 266 146 146 235 241 180 170 167 167 167 175 276 172 
Ind769 132 134 266 266 130 126 266 274 149 170 251 241 178 180 169 169 174 172 278 276 
Ind770 134 140 266 266 124 126 274 274 140 146 243 241 182 174 112 116 174 169 176 268 
Ind771 136 132 266 266 124 122 266 277 140 140 241 231 174 174 177 171 170 168 180 276 
Ind772 134 132 266 266 128 126 277 274 155 146 239 241 172 188 167 167 168 179 180 176 
Ind773 144 140 266 266 128 124 274 274 143 146 243 253 184 176 169 114 168 169 280 268 
Ind774 134 132 266 268 124 124 274 274 146 143 255 247 182 188 177 112 175 179 276 268 
Ind775 138 134 268 268 126 124 274 277 146 140 239 241 192 184 163 167 173 175 274 174 
Ind776 138 140 266 266 124 122 274 277 146 146 241 243 178 178 169 112 170 170 194 174 
Ind777 140 134 266 266 130 124 277 277 137 146 249 267 192 176 112 112 172 168 172 280 
Ind778 134 132 266 266 126 126 277 274 113 146 235 249 168 170 169 169 167 171 268 276 
Ind779 134 146 266 266 122 128 274 277 143 146 247 241 180 182 167 112 171 168 172 174 
Ind780 134 136 266 266 124 122 277 277 146 143 243 241 182 170 173 112 167 170 176 276 
Ind781 132 138 266 266 130 124 274 274 140 146 247 257 178 186 114 167 168 179 182 276 
Ind782 140 134 266 266 122 128 274 274 137 143 233 255 180 178 114 112 168 173 276 190 
Ind783 134 138 266 266 128 124 274 277 137 143 243 241 182 174 112 167 170 168 268 170 
Ind784 136 138 266 266 128 124 274 277 143 143 243 241 176 174 167 167 176 168 268 170 
Ind785 134 138 266 266 126 124 274 277 143 143 243 241 176 174 112 167 176 168 268 170 
Ind786 136 134 266 266 126 122 274 277 146 146 235 235 180 182 173 169 169 169 172 280 
Ind787 144 132 266 268 124 130 277 274 149 155 261 247 166 178 167 112 170 172 182 276 
Ind788 140 134 268 266 126 126 274 277 146 146 259 255 182 182 167 114 168 167 174 172 
Ind789 140 134 268 266 126 126 277 277 143 146 241 255 182 182 167 114 168 167 174 172 
Ind790 140 134 266 266 126 126 277 277 146 146 259 255 182 182 167 114 168 167 276 172 
Ind791 142 138 266 266 126 130 277 274 146 140 251 247 174 172 112 112 169 169 270 170 
Ind792 132 132 266 266 130 126 277 274 146 152 243 241 174 170 112 173 170 176 178 280 
Ind793 134 132 266 266 124 128 274 274 140 143 241 241 172 172 112 169 171 170 176 276 
Ind794 132 172 266 266 126 124 274 274 140 146 241 247 174 186 169 169 182 177 176 172 
Ind795 134 128 266 266 128 128 274 274 140 143 241 261 172 174 112 167 168 179 276 268 
Ind796 150 132 266 266 124 130 274 277 140 143 241 249 176 168 169 114 170 169 186 280 
Ind797 140 134 266 266 128 130 274 274 134 143 241 241 170 172 114 114 170 168 174 268 
Ind798 134 136 266 266 128 130 274 274 134 143 243 255 174 182 167 112 170 179 172 268 
Ind799 144 142 266 266 126 124 274 274 146 146 241 243 174 174 112 112 176 170 176 192 
Ind800 146 140 266 266 126 132 274 274 119 122 243 253 182 180 112 173 169 169 174 268 
Ind801 132 140 266 266 126 132 277 274 119 122 257 253 174 180 112 173 169 169 174 268 
Ind802 146 140 266 266 126 132 274 274 119 122 257 253 174 180 116 173 167 169 176 268 
Ind803 132 142 266 266 124 130 274 274 146 146 241 245 168 178 167 169 176 173 180 270 
Ind804 136 134 268 266 130 122 274 274 149 140 243 241 172 176 114 171 170 172 172 278 
Ind805 136 128 266 266 126 130 274 274 119 146 247 245 170 180 167 110 166 170 172 270 
Ind806 132 140 268 266 130 124 274 274 140 143 241 241 174 172 116 167 168 170 172 268 
Ind807 146 136 266 266 124 126 274 277 146 146 259 247 180 168 167 181 173 168 268 178 
Ind808 136 134 266 266 122 130 274 274 134 143 243 239 182 174 112 112 171 170 276 268 
Ind809 134 136 266 266 124 130 274 274 134 146 243 241 176 168 169 171 168 168 172 176 
Ind810 134 136 266 266 130 130 277 274 134 146 273 241 176 168 169 171 172 168 172 176 
Ind811 144 134 266 268 124 130 277 277 140 146 261 249 170 174 167 112 168 170 174 280 
Ind812 132 144 268 266 128 130 274 274 146 143 251 241 188 178 112 167 185 170 280 268 
Ind813 134 138 266 266 124 128 274 274 137 140 241 239 174 178 171 167 168 172 214 174 
Ind814 144 132 266 266 116 124 274 277 146 146 253 245 176 184 169 169 176 187 276 278 
Ind815 150 132 268 266 128 126 274 274 155 146 241 247 174 168 167 167 172 168 276 276 
Ind816 138 132 266 266 124 126 274 274 146 146 241 247 174 168 167 167 172 168 276 276 
Ind817 132 132 266 266 126 130 274 277 146 137 235 241 180 176 112 114 172 168 282 176 
Ind818 136 140 266 268 132 130 274 277 143 143 241 259 174 176 167 167 171 169 268 268 
Ind819 138 140 266 268 130 128 274 277 134 134 251 241 178 172 114 171 169 187 178 172 
Ind820 140 134 268 266 126 126 274 274 143 143 241 249 186 174 169 167 171 173 172 268 
Ind821 134 132 266 266 116 122 274 277 140 146 241 241 180 174 112 167 166 166 276 176 
Ind822 134 144 266 268 124 130 274 274 140 140 241 243 168 170 169 118 171 167 276 276 
Ind823 146 140 266 266 124 126 274 274 146 146 261 261 180 168 163 112 171 170 176 172 
Ind824 144 144 266 266 126 130 274 277 143 146 263 241 168 180 112 169 174 176 270 268 
Ind825 144 142 266 266 124 128 274 274 149 134 237 247 176 188 167 112 172 170 276 276 
Ind826 132 134 268 266 132 126 274 274 143 140 249 243 178 154 169 171 179 170 268 276 
Ind827 140 140 266 266 126 132 277 274 140 146 243 243 174 178 169 112 193 170 170 280 
Ind828 140 140 266 266 132 132 277 274 140 146 241 243 174 178 112 112 168 170 270 280 
Ind829 150 144 266 266 124 128 277 277 143 155 235 241 168 176 167 112 171 175 270 174 
Ind830 134 134 266 266 116 128 274 274 146 176 235 253 174 184 112 169 170 170 176 268 
Ind831 134 140 266 266 130 126 274 274 149 140 255 251 172 172 167 173 172 168 196 172 
Ind832 138 128 266 266 126 130 274 277 146 146 243 247 170 182 112 116 168 174 268 270 
Ind833 146 132 266 266 128 126 274 274 140 119 235 255 172 168 167 112 170 170 174 278 
Ind834 144 132 266 266 126 122 274 274 143 143 269 261 186 184 167 114 169 170 172 270 
Ind835 132 132 266 268 126 124 274 274 137 134 239 243 184 176 112 110 170 170 280 276 
Ind836 134 134 266 266 124 128 274 274 143 143 231 241 176 182 171 169 175 158 188 178 
Ind837 132 138 268 266 124 126 274 274 158 146 245 251 186 160 169 114 169 173 170 176 
Ind838 136 134 266 266 128 124 274 274 137 149 257 253 178 176 112 169 169 170 276 172 
Ind839 130 134 266 266 130 128 274 277 152 140 243 247 182 186 112 167 168 169 280 190 
Ind840 132 134 266 266 124 122 277 274 146 176 247 241 170 168 167 167 175 170 278 178 
Ind841 136 134 266 266 126 130 274 277 137 134 247 261 186 176 114 114 167 176 174 172 
Ind842 134 132 266 268 126 128 274 274 143 134 245 233 174 180 167 114 168 168 274 184 
Ind843 140 142 268 266 128 130 274 274 146 143 231 261 172 170 112 110 168 172 176 268 
Ind844 140 132 266 268 124 130 274 277 143 137 231 267 178 174 114 116 171 172 278 170 
Ind845 134 132 266 268 124 130 274 277 143 137 231 267 174 174 112 116 173 172 278 170 
Ind846 134 134 266 266 128 124 274 277 146 152 241 247 176 178 169 167 170 173 190 268 
Ind847 150 134 266 266 128 124 277 277 140 152 255 247 176 178 114 167 170 173 190 268 
Ind848 128 134 266 266 126 126 274 277 122 146 247 255 176 168 112 114 170 177 276 172 
Ind849 132 136 266 268 126 128 274 277 146 155 241 243 180 176 173 169 189 170 268 270 
Ind850 140 134 266 266 128 128 274 274 146 146 241 259 180 176 110 167 170 170 174 276 
Ind851 132 132 266 266 130 122 274 274 143 140 251 247 184 178 112 114 177 172 276 282 
Ind852 134 138 266 266 130 132 274 274 140 113 257 241 176 178 112 112 171 168 274 276 
Ind853 132 136 266 266 124 122 274 274 146 161 243 247 172 170 167 108 168 174 270 202 
Ind854 136 136 266 266 122 130 274 274 146 146 239 243 182 170 112 171 174 170 178 176 
Ind855 132 134 266 266 126 128 274 274 149 146 241 257 174 186 112 175 177 173 176 276 
Ind856 134 140 266 266 124 116 274 274 140 143 249 241 174 176 114 114 169 179 276 176 
Ind857 134 142 266 266 126 124 277 277 146 146 247 269 172 168 169 114 177 172 174 270 
Ind858 144 140 266 266 128 130 274 274 134 134 255 229 172 174 110 112 170 171 176 176 
Ind859 132 134 268 266 124 124 274 277 146 146 243 257 172 174 177 112 171 170 282 176 
Ind860 134 132 266 266 128 130 274 274 146 143 241 255 182 178 112 112 169 187 172 300 
Ind861 132 134 266 266 126 122 274 277 149 146 251 247 186 154 173 169 166 170 176 180 
Ind862 132 134 266 266 124 122 274 277 149 146 255 247 182 154 112 169 166 170 176 180 
Ind863 132 134 266 266 126 124 277 274 152 143 243 253 176 176 167 169 170 171 176 178 
Ind864 138 144 266 266 128 128 274 274 122 146 235 247 178 172 165 112 187 187 268 172 
Ind865 134 136 266 266 130 124 274 274 146 161 251 255 174 176 187 114 172 189 268 278 
Ind866 134 136 266 266 130 124 274 274 146 161 235 255 174 176 110 114 172 189 268 278 
Ind867 132 138 266 268 130 128 277 274 155 146 259 235 176 188 112 169 166 179 270 268 
Ind868 132 138 266 266 122 130 277 274 143 146 241 255 182 178 114 112 174 169 280 176 
Ind869 144 132 266 266 128 124 274 274 146 146 269 243 180 176 167 112 173 176 170 178 
Ind870 140 140 268 266 130 126 277 274 140 146 243 247 172 180 167 167 168 168 276 170 
Ind871 132 138 266 266 128 124 274 277 143 140 255 267 170 192 112 167 170 172 178 268 
Ind872 134 138 266 266 130 124 274 277 143 140 241 267 178 192 112 167 170 172 178 268 
Ind873 134 142 266 266 126 122 274 274 143 119 255 243 168 180 110 112 171 173 172 170 
Ind874 134 142 266 266 126 122 274 274 143 119 243 243 170 180 110 112 171 173 176 170 
Ind875 132 132 266 266 124 126 274 274 152 119 269 251 180 180 169 110 172 176 276 172 
Ind876 132 132 266 266 124 124 274 274 128 140 247 247 168 196 163 110 176 171 168 176 
Ind877 132 132 266 266 124 124 274 274 128 140 243 247 168 196 163 110 167 171 168 176 
Ind878 134 140 268 266 124 122 277 274 146 119 243 243 184 170 167 114 170 168 178 182 
Ind879 132 142 266 266 122 126 274 277 134 146 253 241 186 180 167 112 169 170 176 280 
Ind880 132 146 266 266 126 122 277 274 164 140 251 247 178 182 167 112 171 174 174 176 
Ind881 138 132 268 266 122 128 274 274 143 146 243 247 174 186 114 169 179 169 170 276 
Ind882 144 132 266 266 122 124 277 274 161 146 247 243 180 154 165 169 171 170 190 280 
Ind883 132 148 266 266 124 124 277 277 140 149 239 247 168 174 169 112 173 168 176 194 
Ind884 134 140 266 266 128 124 274 274 146 140 241 247 154 174 112 112 172 175 172 176 
Ind885 132 140 266 266 128 124 277 274 158 140 241 247 178 174 112 112 181 175 172 176 
Ind886 140 132 266 266 122 130 274 274 146 146 245 235 176 180 114 112 173 193 270 276 
Ind887 140 128 266 266 124 130 274 274 143 146 249 243 176 174 114 110 179 170 276 276 
Ind888 138 138 266 266 124 128 274 277 146 146 245 259 184 184 112 167 167 168 276 270 
Ind889 146 140 266 266 126 128 274 274 134 146 255 235 174 176 112 114 169 167 172 272 
Ind890 146 140 266 266 126 128 274 274 134 146 255 235 176 176 112 114 169 167 168 272 
Ind891 144 146 266 266 126 126 274 274 146 149 251 235 168 190 112 112 174 170 178 276 
Ind892 144 134 268 266 126 128 274 274 146 137 241 243 168 184 169 108 170 166 268 170 
Ind893 134 134 266 266 126 124 274 277 140 146 241 241 178 180 112 169 175 170 170 170 
Ind894 138 132 266 266 126 126 274 274 146 146 241 241 176 174 165 114 179 174 176 278 
Ind895 142 128 266 266 130 128 277 277 146 146 231 247 168 174 167 167 175 173 182 170 
Ind896 132 132 266 266 122 126 277 274 134 149 241 249 174 186 169 114 170 185 276 172 
Ind897 134 138 266 266 130 126 274 274 143 134 235 243 180 182 167 112 169 169 276 268 
Ind898 132 136 268 266 124 132 274 277 149 146 243 247 166 174 169 171 173 170 174 276 
Ind899 142 128 266 266 130 128 277 274 146 149 259 241 182 178 165 169 168 185 274 178 
Ind900 136 134 266 266 128 124 277 274 146 140 243 251 168 180 179 110 169 168 268 176 
Ind901 136 134 266 266 128 124 274 274 140 140 243 251 178 180 179 110 169 168 268 176 
Ind902 132 134 266 266 122 124 277 274 146 140 243 251 178 180 179 110 168 168 268 176 
Ind903 136 134 266 266 128 124 277 274 140 140 243 251 168 180 179 110 169 168 178 176 
Ind904 146 142 266 266 124 126 277 274 119 143 269 241 182 178 169 169 170 172 284 268 
Ind905 132 132 268 266 124 126 274 274 155 140 269 243 172 182 163 165 174 170 276 270 
Ind906 144 144 266 266 130 126 274 274 143 146 241 273 186 180 112 169 169 181 174 270 
Ind907 142 132 266 266 126 124 277 274 143 140 269 251 182 178 112 112 170 173 172 176 
Ind908 132 132 266 266 126 124 274 274 143 140 251 251 182 178 112 112 170 173 176 176 
Ind909 134 144 266 266 130 124 274 274 146 146 255 251 176 168 165 169 170 170 172 276 
Ind910 134 144 268 266 130 124 277 274 146 146 255 251 176 168 165 169 170 170 276 276 
Ind911 140 138 266 266 124 126 274 274 143 146 239 243 184 168 167 112 181 172 276 176 
Ind912 134 132 266 266 124 126 277 274 155 143 243 253 174 168 167 112 176 169 178 268 
Ind913 144 140 266 266 124 124 274 277 137 146 239 241 176 174 167 169 173 170 178 178 
Ind914 144 140 266 266 124 124 274 277 137 146 241 241 176 174 112 169 168 170 278 178 
Ind915 142 134 266 266 130 126 274 277 143 149 255 267 174 172 112 106 174 169 172 276 
Ind916 132 134 266 266 126 126 274 277 143 149 255 267 174 172 112 106 174 169 268 276 
Ind917 132 134 266 266 130 126 274 277 143 149 241 267 182 172 112 106 174 169 268 276 
Ind918 142 134 266 266 130 126 274 277 146 149 255 267 174 172 112 106 174 169 172 276 
Ind919 136 136 266 266 126 128 274 274 143 146 235 243 184 180 169 112 179 170 276 280 
Ind920 134 138 266 266 128 128 274 277 146 146 241 235 176 182 165 112 170 172 270 268 
Ind921 142 146 266 266 126 122 274 274 158 137 257 257 170 168 112 114 170 172 274 172 
Ind922 144 144 266 266 130 126 274 274 146 146 255 249 176 170 112 173 172 173 172 276 
Ind923 136 138 266 266 126 126 274 274 155 140 251 247 178 182 167 169 169 175 268 176 
Ind924 140 144 268 268 124 128 277 277 143 143 257 257 186 172 110 171 173 169 268 190 
Ind925 134 134 266 268 132 130 274 277 146 143 231 289 176 178 171 112 169 175 276 176 
Ind926 132 140 266 266 128 124 274 277 143 146 239 255 184 174 169 112 171 175 270 172 
Ind927 132 132 268 266 124 126 274 277 143 143 241 239 154 180 114 110 169 169 268 170 
Ind928 142 132 268 266 128 126 274 277 143 143 241 239 154 180 167 110 171 169 268 170 
Ind929 128 134 266 266 130 128 277 274 134 152 249 255 184 174 112 112 187 168 170 276 
Ind930 144 172 266 266 126 122 274 274 140 146 259 263 184 154 171 112 185 170 276 190 
Ind931 144 172 266 266 126 122 274 274 140 146 259 263 178 154 171 112 185 170 172 190 
Ind932 138 130 266 266 126 122 277 274 146 149 247 247 162 186 165 114 170 170 170 172 
Ind933 138 132 266 266 126 126 277 277 143 140 247 235 170 184 112 112 170 177 178 280 
Ind934 132 134 266 268 122 132 274 274 143 143 241 249 170 174 112 116 172 177 182 168 
Ind935 132 134 268 268 122 132 274 274 143 143 243 249 180 174 167 116 171 177 280 168 
Ind936 134 132 266 266 128 126 274 274 143 164 249 257 184 178 169 167 170 168 268 270 
Ind937 140 136 266 266 128 126 277 274 140 146 247 247 174 162 116 169 171 170 270 170 
Ind938 136 140 266 266 126 124 274 274 140 146 243 255 178 178 169 112 171 193 172 268 
Ind939 134 132 266 266 128 122 274 274 146 143 243 241 176 178 112 167 173 172 176 176 
Ind940 130 136 266 266 124 124 274 274 134 146 235 243 178 182 110 116 168 171 170 270 
Ind941 138 136 268 266 124 124 274 274 146 146 253 243 178 182 108 116 179 171 170 270 
Ind942 144 134 266 268 124 124 274 277 167 146 241 249 176 176 169 167 187 171 176 172 
Ind943 134 136 266 266 126 124 274 277 134 143 241 235 170 166 169 169 171 172 178 176 
Ind944 132 132 268 266 130 132 274 274 143 143 231 239 170 176 171 114 170 172 268 274 
Ind945 144 138 266 266 124 122 274 277 149 149 235 235 174 186 169 169 172 169 276 172 
Ind946 136 134 266 266 124 128 274 274 146 146 243 255 178 168 114 112 177 171 180 276 
Ind947 136 134 268 266 124 128 274 274 143 146 249 255 186 168 114 112 175 171 170 276 
Ind948 140 128 266 266 128 124 277 274 146 146 241 235 176 168 112 171 172 174 268 276 
Ind949 140 142 266 266 122 120 274 274 119 143 241 241 180 170 169 167 169 179 268 270 
Ind950 146 144 266 266 122 126 274 274 146 146 239 267 188 184 110 112 169 177 172 172 
Ind951 144 144 266 266 122 126 277 274 146 146 259 267 188 184 110 112 169 177 268 172 
Ind952 130 144 266 266 130 124 274 277 134 143 243 235 178 174 169 169 168 168 174 280 
Ind953 136 144 266 266 130 124 277 277 146 143 243 235 178 174 169 169 169 168 174 280 
Ind954 148 128 266 266 128 116 274 274 140 143 249 241 170 168 116 167 168 173 174 268 
Ind955 132 128 266 266 128 116 274 274 140 143 249 241 174 168 116 167 168 173 276 268 
Ind956 140 138 266 266 128 124 277 274 137 146 257 245 172 176 110 169 172 168 172 276 
Ind957 138 140 266 266 126 128 274 274 143 140 255 247 180 184 167 116 170 175 278 280 
Ind958 136 132 266 266 130 122 277 274 164 140 243 241 178 164 169 169 167 168 172 280 
Ind959 136 132 268 266 130 122 274 274 146 140 241 241 178 164 169 169 170 168 172 280 
Ind960 144 134 266 266 122 126 277 274 146 134 241 257 168 188 110 114 167 170 172 270 
Ind961 140 132 266 266 126 124 274 274 155 146 235 261 178 180 112 112 170 189 172 172 
Ind962 130 140 266 266 124 128 274 277 146 146 243 253 176 178 112 169 173 176 284 280 
Ind963 132 140 266 266 124 128 274 277 146 146 243 253 176 178 112 169 170 176 274 280 
Ind964 136 134 266 266 124 122 277 277 146 146 259 241 184 174 167 169 170 170 276 270 
Ind965 134 132 266 266 126 128 274 274 143 152 241 251 176 184 169 112 170 170 172 280 
Ind966 150 132 266 266 124 126 277 277 146 146 249 247 176 188 114 112 187 171 168 172 
Ind967 140 136 266 266 128 128 274 274 146 146 241 235 186 182 112 169 170 187 174 268 
Ind968 134 136 266 266 128 128 274 274 146 146 241 235 186 182 112 169 170 187 174 268 
Ind969 134 132 266 266 128 132 274 274 119 155 269 255 180 172 169 112 174 172 284 276 
Ind970 140 132 266 266 126 130 274 274 119 146 243 247 180 182 112 169 169 170 184 196 
Ind971 138 136 266 266 132 130 274 277 134 140 243 247 182 172 110 114 172 172 172 196 
Ind972 142 144 268 266 128 122 277 274 137 146 247 251 170 170 169 169 175 177 174 278 
Ind973 138 136 268 266 128 126 274 274 143 146 235 241 172 172 114 112 168 187 268 170 
Ind974 132 140 266 268 126 132 277 277 146 146 241 247 172 178 165 112 177 169 180 274 
Ind975 132 140 266 268 126 132 277 277 146 146 247 247 172 178 169 112 180 169 180 274 
Ind976 144 134 266 266 122 124 274 274 149 146 259 267 178 180 110 165 173 187 270 172 
Ind977 144 134 266 266 122 124 274 274 149 146 259 267 178 180 110 165 175 187 276 172 
Ind978 132 134 266 266 124 124 274 274 146 140 269 239 174 176 112 112 172 170 276 268 
Ind979 136 160 266 266 124 124 274 277 137 146 249 255 170 172 116 169 171 170 172 276 
Ind980 136 160 266 266 126 124 277 277 146 146 235 255 180 172 116 169 167 170 168 276 
Ind981 134 128 266 266 128 130 277 274 137 146 269 241 188 170 187 171 173 172 168 172 
Ind982 134 132 266 266 128 126 277 274 143 140 247 235 182 186 173 112 173 175 170 172 
Ind983 134 132 266 266 124 126 277 274 140 140 247 235 182 186 173 112 173 175 170 172 
Ind984 136 134 266 266 122 124 274 277 146 143 247 235 176 182 110 173 171 168 268 272 
Ind985 134 134 268 266 132 126 274 277 146 146 245 251 172 168 110 112 170 174 278 170 
Ind986 142 134 268 266 126 126 274 277 146 146 245 251 172 168 167 112 170 174 278 170 
Ind987 138 134 266 266 126 128 277 274 134 146 243 255 190 172 110 114 179 169 174 172 
Ind988 138 134 268 266 126 124 274 274 146 146 247 251 178 166 112 112 172 168 276 270 
Ind989 138 134 266 266 126 124 274 274 140 146 247 251 172 166 112 112 171 168 172 270 
Ind990 136 136 266 268 132 128 274 274 143 146 247 235 172 176 169 169 172 169 276 172 
Ind991 134 144 266 266 128 128 277 277 152 146 231 241 172 162 167 165 166 168 276 276 
Ind992 136 142 266 266 130 126 277 274 134 134 253 243 182 172 165 112 168 170 176 170 
Ind993 134 142 266 266 130 126 274 274 134 134 253 243 172 172 114 112 175 170 176 170 
Ind994 134 132 266 266 130 132 274 274 143 152 269 243 186 186 112 169 167 171 268 176 
Ind995 134 132 266 266 130 132 277 274 143 152 269 243 172 186 169 169 167 171 172 176 
Ind996 128 132 268 266 126 128 274 274 137 146 241 255 188 176 171 169 169 171 274 170 
Ind997 146 130 266 266 122 124 277 274 143 149 255 241 174 174 114 110 168 169 278 276 
Ind998 132 138 266 266 126 126 274 274 146 149 247 243 188 180 167 112 173 171 276 174 
Ind999 130 128 266 266 130 122 274 277 152 146 241 241 154 172 114 169 174 172 276 268 
Ind1000 132 128 266 266 130 122 274 277 152 146 241 241 154 172 114 169 174 172 276 268 

0 0 !Probabilities that the father and mother of an offspring included in candidates
0 0 !Numbers of candidate males and females



0 0 !Number of known paternities

0 0 !Number of known maternities

0 !Number of known paternal sibships with unknown fathers

0  !Number of known maternal sibships with unknown mothers

0  !Number of offspring with known excluded paternity

0  !Number of offspring with known excluded maternity

0  !Number of offspring with known excluded paternal sibships

0  !Number of offspring with known excluded maternal sibships

