mixtus_pp0.8 ! C, Dataset name, Length<51
mixtus_pp0.8 ! C, Main output file name, Length<21
1000 ! I, Number of offspring in the sample
10 ! I, Number of loci
123 ! I, Seed for random number generator
0 ! B, 0/1=Not updating/updating allele frequency
2 ! 2/1=Dioecious/Monoecious
0 ! 0/1=No inbreeding/inbreeding
1 ! B, 0/1=Diploid species/HaploDiploid species
1 1 ! B, 0/1=Polygamy/Monogamy for males & females
0 ! 0/1=No clone inference/clone inference
0 ! 0/1=No scaling/sibship size scaling
1 1 1 ! B, R, R : Use sibship prior, Y/N=1/0. If Yes, give mean paternal, maternal sibship size
0 ! B, 0/1=Unknown/Known population allele frequency

1 ! I, Number of runs
3 ! I, Length of Run (1, 2, 3) = (Short, Medium, Long)
1 ! B, 0/1=Monitor method by Iterate#/Time in second
60 ! I, Monitor interval in Iterate#/Seconds
0 ! B, 0/1=Other platform/Windows execution
1 ! 1/0=Full-likelihood/pairwise-likelihood score method
3 ! 1/2/3=low/medium/high precision


BT10 BTMS0057 BTMS0086 BTMS0066 BTMS0062 BTMS0136 BTMS0126 BL13 BTMS0083 B126 !Marker IDs
0 0 0 0 0 0 0 0 0 0 !Marker types, 0/1=Codominant/Dominant
0 0 0 0 0 0 0 0 0 0 !Marker-specific allelic dropout rate
0 0 0 0 0 0 0 0 0 0 !Other marker-specific typing-error rate


Ind1 132 136 266 266 128 126 277 277 146 140 247 251 178 178 110 171 171 168 280 172 !Offspring ID and genotypes
Ind2 132 140 266 266 130 122 274 274 143 146 243 243 172 190 112 112 175 175 168 178 
Ind3 132 134 266 266 124 124 274 274 140 143 255 235 180 174 171 167 170 177 280 276 
Ind4 132 134 266 266 124 124 274 274 146 143 255 235 178 174 171 167 170 177 280 276 
Ind5 136 140 268 266 128 124 274 274 140 134 255 243 176 170 165 169 175 171 176 268 
Ind6 134 128 266 266 124 116 274 274 146 146 255 241 174 182 167 167 167 170 176 178 
Ind7 142 138 266 266 126 122 274 274 146 140 241 241 172 176 171 112 170 172 280 278 
Ind8 138 138 266 266 130 122 274 274 146 140 241 241 176 176 167 112 170 172 178 278 
Ind9 132 134 268 266 130 130 274 274 146 134 241 243 176 178 165 167 171 167 170 176 
Ind10 138 132 266 266 124 130 274 274 149 143 243 241 182 182 167 110 170 172 172 198 
Ind11 140 132 266 266 128 128 274 274 134 140 247 249 180 178 112 169 168 179 278 172 
Ind12 132 138 266 266 124 130 274 274 140 152 241 251 180 180 169 173 172 170 178 176 
Ind13 144 134 266 266 128 130 274 274 128 146 289 235 178 174 167 169 171 170 276 172 
Ind14 132 138 266 266 122 122 277 274 146 134 235 241 178 182 169 167 172 173 172 276 
Ind15 138 138 266 268 126 130 274 277 149 143 251 255 174 154 114 167 172 170 280 174 
Ind16 134 138 266 268 130 130 274 277 149 143 251 255 178 154 114 167 172 170 280 174 
Ind17 136 142 266 266 130 126 274 274 146 176 231 235 168 168 169 169 169 171 174 268 
Ind18 136 128 266 266 130 126 274 274 146 146 231 253 168 174 169 112 171 170 174 270 
Ind19 134 142 266 266 130 126 274 274 146 176 241 235 180 168 112 169 171 171 174 268 
Ind20 172 134 266 266 124 128 277 274 143 155 251 243 182 190 112 167 170 173 176 280 
Ind21 132 144 266 266 130 126 274 274 134 146 269 257 164 182 112 169 170 170 280 280 
Ind22 132 144 266 266 130 126 274 274 134 146 251 257 168 182 112 169 175 170 280 280 
Ind23 138 140 266 268 124 126 277 274 140 143 241 241 186 182 112 112 173 172 172 172 
Ind24 132 144 266 266 124 122 277 274 146 149 247 241 168 176 169 112 178 179 172 172 
Ind25 134 134 266 266 122 124 274 277 140 143 245 247 174 168 171 112 168 173 280 178 
Ind26 142 144 266 266 124 124 274 274 146 140 247 241 184 168 173 112 169 173 268 276 
Ind27 144 132 266 266 130 128 274 274 134 146 249 235 176 178 169 167 169 187 172 172 
Ind28 134 132 266 266 130 128 274 274 134 146 243 235 176 178 169 167 169 187 172 172 
Ind29 134 132 266 266 130 128 274 274 134 146 249 235 176 178 116 167 169 187 172 172 
Ind30 140 134 266 266 124 122 277 277 137 146 255 247 174 176 112 169 175 172 276 180 
Ind31 132 132 266 266 132 126 277 277 143 140 241 259 186 182 169 112 171 185 170 176 
Ind32 132 140 266 266 124 126 277 277 140 134 241 235 174 172 167 165 170 174 178 268 
Ind33 148 138 266 266 132 128 277 274 143 146 257 251 184 186 169 112 170 172 172 280 
Ind34 148 138 268 266 132 128 277 274 146 146 241 251 172 186 169 112 168 172 172 280 
Ind35 148 136 266 266 128 128 277 274 146 143 241 243 172 178 169 169 168 173 172 170 
Ind36 148 136 268 266 128 128 277 274 143 143 257 243 184 178 169 169 170 173 172 170 
Ind37 138 138 266 266 126 128 277 274 113 134 259 259 178 178 112 112 179 169 196 268 
Ind38 132 138 266 266 122 128 274 274 113 134 243 259 170 178 112 112 171 169 270 268 
Ind39 140 134 266 268 124 126 274 277 146 146 239 243 170 178 112 169 174 172 176 172 
Ind40 134 138 266 266 126 124 274 274 119 146 235 255 172 180 169 173 187 168 268 170 
Ind41 132 134 266 266 124 128 274 274 134 149 243 241 188 178 112 169 170 177 276 174 
Ind42 132 140 266 266 124 128 274 277 146 143 243 235 174 178 114 173 168 176 268 174 
Ind43 132 160 266 266 130 126 274 274 143 146 243 243 178 184 114 112 169 169 170 268 
Ind44 138 142 266 268 124 126 274 277 140 143 241 255 182 176 116 116 169 174 276 276 
Ind45 134 134 266 266 128 126 274 274 146 155 247 249 176 176 169 167 185 173 268 268 
Ind46 134 132 266 266 122 128 274 277 176 143 243 241 178 168 169 169 168 177 268 176 
Ind47 132 134 266 266 128 126 274 274 176 155 247 249 178 176 171 167 185 173 270 268 
Ind48 136 132 266 266 124 126 274 277 119 155 241 241 168 180 112 112 172 170 276 276 
Ind49 138 142 266 268 126 130 274 274 143 146 249 241 186 180 169 112 168 170 276 172 
Ind50 134 140 266 266 122 128 274 277 140 146 269 235 176 176 112 114 171 170 172 282 
Ind51 144 134 266 266 122 130 274 277 137 146 273 245 172 180 108 167 173 168 270 278 
Ind52 138 138 266 268 122 122 277 277 149 146 241 251 174 182 169 114 189 169 272 172 
Ind53 132 134 266 266 130 128 274 274 149 137 255 273 190 172 173 112 169 169 270 270 
Ind54 140 134 266 266 124 124 274 274 143 137 241 243 184 176 112 165 187 170 268 172 
Ind55 136 134 266 268 128 124 274 274 146 143 243 241 170 172 112 116 168 170 276 276 
Ind56 142 132 266 266 126 124 274 277 143 140 243 245 170 186 169 110 175 173 170 186 
Ind57 134 142 266 268 122 130 274 274 146 146 257 241 172 176 108 173 173 174 174 272 
Ind58 142 132 266 266 128 128 277 274 146 146 259 241 188 168 169 169 176 179 276 196 
Ind59 134 138 268 266 128 126 277 274 143 134 247 239 180 182 108 112 168 181 174 170 
Ind60 134 142 266 268 126 126 274 274 146 146 239 241 172 178 169 169 185 171 278 176 
Ind61 134 144 266 266 126 128 277 277 143 134 239 247 172 174 169 167 167 172 166 278 
Ind62 132 134 266 266 122 128 274 277 134 143 231 259 174 170 169 112 170 170 276 270 
Ind63 134 138 266 266 130 122 277 277 143 140 243 257 174 178 114 167 172 172 274 276 
Ind64 132 134 266 266 128 130 274 277 143 146 261 243 186 168 167 167 170 175 172 176 
Ind65 138 140 266 268 124 126 274 274 146 146 243 241 154 186 167 114 169 169 268 180 
Ind66 138 134 266 268 124 128 274 274 146 149 235 235 174 176 167 169 177 168 268 174 
Ind67 132 138 266 266 126 124 277 274 134 146 241 235 174 164 167 112 177 168 172 178 
Ind68 136 134 266 266 130 122 274 277 137 134 247 241 182 182 177 169 168 175 268 182 
Ind69 140 134 266 266 130 128 274 274 149 146 241 259 170 172 110 112 168 168 172 276 
Ind70 134 134 266 266 128 126 274 277 146 143 235 259 178 172 112 169 169 170 174 198 
Ind71 132 138 266 266 130 130 277 274 146 146 239 241 188 180 171 112 168 169 268 276 
Ind72 132 140 266 266 130 128 274 274 146 143 241 245 170 174 169 110 168 168 176 276 
Ind73 132 140 266 266 126 128 274 274 140 143 241 245 170 174 112 110 168 168 176 276 
Ind74 132 140 266 266 128 124 274 277 146 146 243 249 182 182 169 114 172 172 270 274 
Ind75 134 136 266 266 128 126 274 274 146 146 241 255 180 162 167 167 169 172 270 270 
Ind76 142 144 266 266 124 128 277 277 146 143 257 247 178 180 112 112 171 171 280 268 
Ind77 142 132 266 266 124 122 274 274 134 143 243 241 176 178 167 167 169 169 172 276 
Ind78 140 134 266 266 126 126 277 274 134 146 269 249 186 182 169 112 173 169 280 172 
Ind79 132 152 266 266 130 126 277 274 146 140 259 251 166 172 167 114 169 171 268 172 
Ind80 132 132 266 266 132 126 274 274 140 146 241 247 170 178 173 112 173 169 178 174 
Ind81 134 134 268 266 130 126 274 274 125 146 243 241 178 172 167 112 167 168 176 176 
Ind82 134 138 266 266 128 128 274 277 146 140 235 241 172 178 114 116 170 170 268 172 
Ind83 132 132 266 266 124 124 274 274 143 158 239 249 172 184 169 114 167 170 276 176 
Ind84 130 134 266 266 128 126 274 274 137 140 241 269 172 178 114 110 169 172 172 170 
Ind85 136 134 266 266 122 128 274 274 146 137 243 249 172 184 171 112 175 170 276 268 
Ind86 136 134 266 266 122 128 274 274 146 137 243 249 172 184 112 112 173 170 276 268 
Ind87 136 134 266 266 122 128 274 274 134 137 255 249 178 184 171 112 175 170 276 268 
Ind88 142 140 266 266 132 128 274 274 146 137 255 253 184 172 114 169 177 168 176 268 
Ind89 142 138 266 266 132 116 274 274 143 146 241 241 184 192 110 169 170 179 174 170 
Ind90 134 144 266 266 126 124 274 274 140 152 253 247 182 172 112 167 185 171 270 174 
Ind91 140 128 266 266 126 124 274 274 134 146 235 235 182 178 114 169 158 193 178 268 
Ind92 140 128 266 266 130 130 274 274 134 146 231 251 172 180 110 114 173 181 276 276 
Ind93 132 134 266 266 126 122 274 274 146 140 241 245 176 188 114 177 189 174 172 176 
Ind94 140 134 266 266 128 122 274 274 146 140 267 245 176 188 114 177 171 174 172 176 
Ind95 132 152 266 266 122 126 274 277 137 134 235 253 180 192 167 110 172 185 192 172 
Ind96 136 132 266 266 126 124 277 274 140 146 241 269 186 172 163 112 185 168 170 276 
Ind97 132 132 266 266 126 124 277 274 146 146 241 269 186 172 163 112 174 168 172 276 
Ind98 140 132 266 266 124 124 274 277 143 146 241 243 168 172 169 112 177 171 282 168 
Ind99 140 142 268 266 130 124 274 274 143 143 243 255 186 180 169 110 179 167 174 276 
Ind100 132 134 266 266 126 128 277 274 146 134 241 241 174 172 112 114 173 169 276 178 
Ind101 132 134 266 266 124 128 277 274 146 134 241 241 174 172 112 114 173 169 176 178 
Ind102 132 134 266 266 126 128 277 274 140 134 241 241 174 172 112 114 173 169 276 178 
Ind103 138 140 266 266 124 128 274 274 140 140 243 243 184 174 167 118 174 169 168 190 
Ind104 128 128 266 266 126 124 274 274 119 146 247 255 184 174 112 167 170 170 178 174 
Ind105 134 128 266 266 126 124 274 274 182 146 231 255 182 174 112 167 168 170 178 174 
Ind106 132 132 266 266 126 124 274 274 143 146 241 243 180 180 167 114 168 179 276 278 
Ind107 150 134 266 268 124 128 277 274 158 140 255 235 186 172 167 112 169 177 278 268 
Ind108 144 152 266 268 122 128 277 277 143 140 269 239 184 168 112 114 189 170 170 176 
Ind109 140 134 266 268 126 132 274 274 140 113 235 235 182 192 112 173 173 170 174 174 
Ind110 144 138 266 266 124 130 274 274 140 143 255 247 176 172 112 114 168 169 170 174 
Ind111 140 132 266 266 122 128 277 277 119 143 251 235 172 172 167 114 172 174 176 172 
Ind112 134 132 266 266 126 128 277 277 146 143 251 235 182 172 171 114 172 174 176 172 
Ind113 134 132 266 266 122 128 277 277 119 143 251 235 172 172 167 114 170 174 170 172 
Ind114 134 134 268 266 128 124 274 274 146 134 243 241 178 172 169 108 167 168 172 280 
Ind115 134 142 266 266 122 124 274 274 140 161 249 235 188 174 114 108 171 168 270 278 
Ind116 138 138 266 268 128 128 274 274 149 134 241 247 172 188 169 167 170 177 268 278 
Ind117 140 132 266 266 122 124 277 274 134 167 255 263 188 170 169 167 172 168 270 174 
Ind118 132 142 266 266 128 126 274 277 143 146 243 253 174 174 112 171 172 170 276 268 
Ind119 132 144 266 266 124 130 274 274 146 134 241 253 170 182 169 112 170 166 276 276 
Ind120 132 144 268 266 128 126 274 274 146 140 235 241 186 172 167 112 168 171 276 270 
Ind121 140 142 266 268 124 126 274 277 119 140 245 243 174 172 167 169 179 170 172 276 
Ind122 132 132 266 266 122 126 277 274 149 137 235 241 172 172 112 167 172 167 172 268 
Ind123 140 136 266 266 128 126 277 274 146 146 241 241 184 168 167 169 168 179 276 280 
Ind124 132 148 268 266 124 130 277 274 146 149 269 241 168 178 112 110 173 177 170 176 
Ind125 152 132 268 268 130 122 274 277 140 149 239 243 172 170 112 169 172 169 176 268 
Ind126 142 142 266 266 124 130 274 277 134 146 243 241 154 174 112 116 171 169 276 174 
Ind127 134 146 266 266 124 124 277 277 161 146 239 239 176 186 167 114 170 177 182 170 
Ind128 134 146 266 266 124 124 277 277 140 146 239 239 172 186 167 114 169 177 172 170 
Ind129 144 146 266 266 124 124 274 277 161 146 235 239 172 186 167 114 169 177 172 170 
Ind130 134 132 266 266 122 132 274 274 143 134 241 251 186 184 169 167 175 168 172 268 
Ind131 138 132 266 266 124 132 274 274 143 134 241 251 186 184 112 167 169 168 276 268 
Ind132 130 138 266 266 128 130 274 274 146 134 251 241 174 178 169 112 167 170 176 176 
Ind133 130 136 268 266 122 132 274 274 143 143 241 249 168 176 169 167 169 170 172 176 
Ind134 144 134 266 266 130 124 274 274 146 146 241 241 176 188 165 114 177 175 268 276 
Ind135 138 138 266 268 126 124 274 274 143 146 241 261 174 178 167 112 173 167 276 276 
Ind136 134 134 266 268 128 126 274 274 146 146 273 243 180 178 112 112 170 171 268 276 
Ind137 134 134 266 268 130 126 274 274 146 146 273 243 182 178 112 112 170 171 268 276 
Ind138 134 142 266 266 126 130 274 277 146 134 261 241 176 188 169 114 177 179 270 268 
Ind139 144 132 268 266 126 126 277 274 140 143 235 241 182 176 163 112 175 168 276 176 
Ind140 144 132 266 266 126 126 274 274 146 143 241 241 178 176 163 112 175 168 276 176 
Ind141 140 142 266 266 126 128 274 274 143 167 255 247 178 182 167 165 187 175 174 276 
Ind142 138 132 266 266 124 124 274 274 146 140 267 243 172 172 114 169 169 170 276 276 
Ind143 134 138 268 266 124 128 274 274 134 152 243 229 184 168 171 167 179 169 176 268 
Ind144 138 132 266 266 128 124 274 274 143 146 243 259 180 186 112 112 173 169 278 270 
Ind145 138 134 266 266 128 126 274 274 143 134 247 251 176 174 112 167 171 172 278 170 
Ind146 134 136 266 266 124 124 274 274 146 146 241 241 170 168 112 167 168 171 268 176 
Ind147 132 136 266 266 128 124 274 274 146 146 241 241 176 168 112 167 170 171 268 176 
Ind148 134 134 268 266 126 128 274 274 146 146 235 243 176 182 112 112 170 167 272 280 
Ind149 134 134 268 266 126 128 274 274 146 146 243 243 186 182 112 112 187 167 272 280 
Ind150 142 134 268 266 128 124 274 274 146 140 241 253 182 182 167 112 170 187 276 172 
Ind151 144 138 266 266 132 116 277 274 146 143 269 241 182 184 167 112 170 168 168 172 
Ind152 128 134 268 266 122 126 274 277 146 146 235 241 178 170 177 169 169 170 278 178 
Ind153 152 144 266 266 128 128 274 277 146 119 255 235 186 174 112 169 169 171 272 268 
Ind154 152 144 268 266 122 128 274 277 143 119 267 235 180 174 112 169 170 171 272 268 
Ind155 160 142 266 268 126 128 274 274 146 146 235 255 188 172 167 167 170 170 268 278 
Ind156 160 142 266 268 126 128 274 274 149 146 241 255 168 172 112 167 170 170 268 278 
Ind157 140 134 266 268 122 124 274 277 140 134 243 265 174 176 165 171 168 171 178 170 
Ind158 140 132 266 266 124 128 274 274 140 149 243 235 174 190 114 169 179 172 176 170 
Ind159 150 132 266 268 126 128 274 274 125 146 255 247 182 168 112 110 168 185 276 278 
Ind160 132 134 266 266 130 124 274 274 155 146 243 251 180 176 112 169 171 171 168 268 
Ind161 132 138 266 266 130 130 274 274 134 137 239 247 174 180 112 116 193 168 268 274 
Ind162 132 138 266 266 130 130 277 274 134 137 239 247 174 180 112 116 172 168 268 274 
Ind163 144 132 266 266 128 126 274 274 137 146 235 255 180 182 112 112 172 172 172 176 
Ind164 144 132 268 266 128 126 274 274 146 146 235 255 180 182 112 112 168 172 174 176 
Ind165 132 140 268 268 130 130 274 274 119 146 243 259 178 154 171 169 169 179 270 174 
Ind166 146 134 266 266 124 124 274 277 140 158 241 243 178 154 167 167 177 171 276 268 
Ind167 144 134 266 266 130 124 274 274 149 140 247 269 164 170 112 116 168 170 280 174 
Ind168 140 144 266 268 126 122 277 277 146 143 241 239 190 170 171 112 174 177 172 174 
Ind169 138 134 268 266 124 126 274 274 134 140 241 269 174 184 112 114 168 177 174 280 
Ind170 144 142 266 266 126 132 274 274 143 146 243 241 176 172 171 108 179 176 172 268 
Ind171 134 148 266 266 124 126 274 274 146 146 241 251 180 176 112 110 170 173 270 178 
Ind172 132 148 266 266 124 126 274 274 146 146 241 251 180 176 112 110 172 173 176 178 
Ind173 136 132 266 268 126 126 274 274 146 146 247 241 182 162 165 112 171 170 170 172 
Ind174 136 132 266 268 126 126 274 274 146 146 247 241 182 162 167 112 171 170 170 172 
Ind175 132 134 266 268 128 126 274 274 140 146 259 247 176 176 112 169 173 170 172 268 
Ind176 134 138 266 266 124 130 274 274 146 152 251 249 170 172 112 167 167 187 176 268 
Ind177 134 140 266 266 128 128 274 274 137 143 247 269 178 176 112 169 177 170 176 170 
Ind178 134 140 266 266 126 128 274 274 137 143 247 269 178 176 112 169 177 170 270 170 
Ind179 136 152 266 266 124 130 274 277 146 161 261 235 188 190 167 167 170 172 276 276 
Ind180 128 134 266 266 126 126 274 274 149 149 245 243 184 174 177 112 167 167 214 176 
Ind181 136 132 266 266 130 126 274 274 146 140 251 249 166 178 112 110 170 170 172 172 
Ind182 144 132 266 266 126 126 274 274 146 140 241 249 166 178 112 110 170 170 266 172 
Ind183 134 132 268 268 124 128 274 274 143 140 235 243 176 180 163 167 169 168 172 172 
Ind184 138 132 268 268 124 128 274 274 146 140 241 243 174 180 163 167 169 168 172 172 
Ind185 140 140 266 268 122 124 277 274 146 134 247 257 172 178 110 112 169 175 280 280 
Ind186 132 132 266 268 128 128 274 274 146 134 243 259 178 180 177 169 176 173 174 270 
Ind187 136 128 266 266 126 116 274 274 137 140 269 243 182 174 112 112 177 170 170 280 
Ind188 132 144 266 266 130 128 274 274 143 146 243 269 182 176 112 165 170 173 176 174 
Ind189 138 142 268 266 122 132 277 277 146 119 241 241 184 178 171 114 174 187 266 190 
Ind190 134 142 266 266 128 132 277 277 146 119 243 241 184 178 171 114 174 187 266 190 
Ind191 138 142 268 266 128 132 277 277 140 119 243 241 184 178 114 114 174 187 266 190 
Ind192 138 132 266 266 132 128 274 274 146 158 235 235 186 168 165 167 170 174 272 172 
Ind193 138 138 268 266 124 130 277 274 146 146 243 251 180 172 116 167 169 187 178 274 
Ind194 144 132 266 266 124 124 274 274 146 143 243 241 172 180 108 112 172 172 276 172 
Ind195 138 142 266 266 128 126 274 274 119 146 241 241 168 188 110 167 171 168 280 174 
Ind196 134 134 266 266 126 130 274 274 152 167 259 247 180 182 169 167 175 169 180 268 
Ind197 134 134 266 266 124 130 274 274 149 167 251 247 192 182 169 167 170 169 174 268 
Ind198 132 132 266 266 124 124 274 274 140 134 247 243 166 176 169 112 179 176 170 190 
Ind199 138 138 266 268 124 124 274 274 176 140 241 243 182 186 112 167 180 169 282 268 
Ind200 134 138 266 266 130 128 274 274 140 137 243 235 166 180 169 110 177 169 276 278 
Ind201 134 132 266 266 124 132 274 274 140 146 241 249 184 174 169 167 179 168 280 172 
Ind202 140 140 266 266 128 126 274 274 146 143 241 263 174 178 169 114 168 171 280 172 
Ind203 142 134 266 266 126 126 274 274 134 134 251 243 178 182 169 114 174 171 182 170 
Ind204 134 134 266 266 124 116 274 274 146 143 251 235 180 172 112 116 171 172 270 268 
Ind205 134 136 266 268 126 128 274 274 134 146 247 235 174 176 112 167 175 174 280 174 
Ind206 132 140 266 268 124 126 274 274 143 140 259 241 172 178 177 171 169 171 170 276 
Ind207 138 132 266 268 132 124 274 274 134 143 235 243 166 164 169 169 171 171 184 194 
Ind208 138 134 266 266 132 128 274 274 140 143 273 243 188 176 165 112 169 171 172 268 
Ind209 148 138 266 266 130 122 274 277 146 149 243 241 182 188 112 114 171 181 270 174 
Ind210 132 138 266 266 130 126 274 266 146 149 231 247 182 168 167 112 171 173 180 268 
Ind211 138 136 266 266 130 126 277 274 146 155 235 267 174 188 169 108 170 173 180 274 
Ind212 144 136 266 266 124 124 274 274 146 140 235 241 178 190 112 169 170 179 176 270 
Ind213 138 132 266 268 124 124 274 274 146 143 241 243 178 176 112 110 172 170 276 176 
Ind214 134 138 266 268 128 128 274 274 134 134 241 247 176 176 112 171 166 175 184 270 
Ind215 134 150 266 268 128 126 277 274 140 140 245 243 184 182 167 116 177 167 276 176 
Ind216 136 144 266 266 122 126 274 277 152 161 241 249 188 188 112 110 170 171 280 172 
Ind217 132 132 266 266 124 126 274 277 143 146 243 255 180 182 167 112 171 168 284 276 
Ind218 134 132 266 266 126 130 274 277 137 140 251 243 170 182 167 169 172 170 276 276 
Ind219 144 136 266 266 124 128 277 274 143 146 235 249 182 180 169 165 168 171 268 174 
Ind220 134 140 266 266 126 130 277 277 140 146 241 229 182 172 165 112 173 176 170 172 
Ind221 134 144 266 266 122 126 277 277 146 170 251 247 162 182 165 114 170 171 170 276 
Ind222 140 132 266 266 126 130 274 274 146 146 241 251 186 174 112 112 170 170 276 268 
Ind223 140 132 266 268 124 128 277 274 140 134 241 243 184 186 112 173 173 170 170 170 
Ind224 140 132 266 268 130 128 274 274 140 134 235 243 184 186 110 173 173 170 170 170 
Ind225 140 134 266 266 128 126 274 274 146 140 241 247 174 174 169 112 170 172 196 278 
Ind226 132 140 266 266 128 126 274 274 134 140 241 251 176 180 112 167 169 171 278 278 
Ind227 144 136 266 268 124 124 277 277 140 155 255 241 180 174 167 169 172 193 172 170 
Ind228 144 136 266 268 122 124 277 277 140 155 239 241 174 174 167 169 172 193 170 170 
Ind229 144 134 266 266 128 124 274 274 125 119 247 251 176 186 169 165 174 170 268 268 
Ind230 134 142 266 266 124 128 274 274 146 149 241 241 176 170 169 167 172 169 268 276 
Ind231 132 132 266 266 124 124 277 277 149 143 243 243 176 176 173 112 172 169 280 268 
Ind232 144 138 268 266 128 126 277 274 155 167 249 239 178 178 171 116 173 168 276 172 
Ind233 140 138 266 266 126 126 274 274 146 167 251 239 178 178 171 116 173 168 280 172 
Ind234 138 132 266 266 132 128 277 274 143 146 249 243 176 180 169 169 170 169 276 276 
Ind235 138 128 268 266 128 128 274 274 143 137 243 249 174 176 167 110 169 168 276 276 
Ind236 132 130 266 266 126 122 274 274 140 143 251 241 168 154 112 112 170 190 176 268 
Ind237 134 138 268 266 124 124 274 274 143 134 237 235 178 176 112 167 169 169 172 276 
Ind238 142 144 266 266 124 130 274 274 149 143 241 241 172 188 169 114 177 171 280 276 
Ind239 130 134 268 266 122 126 274 277 134 143 255 241 180 178 167 171 168 172 276 174 
Ind240 132 132 268 268 124 130 274 274 140 146 241 241 176 176 112 169 168 193 172 272 
Ind241 140 134 266 266 126 124 274 274 143 113 241 249 174 172 169 114 170 177 268 268 
Ind242 132 132 266 266 130 124 274 277 158 146 259 235 178 184 114 171 172 168 274 278 
Ind243 142 132 266 266 126 130 274 274 143 134 273 241 168 176 165 112 168 170 276 268 
Ind244 140 140 266 266 130 132 274 274 155 140 243 241 172 178 112 167 170 169 174 176 
Ind245 132 134 266 266 122 126 274 274 146 143 243 241 180 176 112 112 172 168 276 172 
Ind246 136 138 266 266 124 130 274 274 146 146 241 259 184 164 165 167 170 170 170 268 
Ind247 138 134 266 266 126 126 277 274 143 146 241 231 172 176 116 169 166 177 172 280 
Ind248 144 134 266 266 126 126 277 274 146 146 251 231 172 176 114 169 166 177 170 280 
Ind249 144 136 266 266 122 122 274 277 143 146 253 241 174 180 112 112 167 177 268 170 
Ind250 134 140 266 266 130 130 274 274 146 146 235 243 174 180 114 112 171 167 280 278 
Ind251 140 144 266 266 128 124 274 277 146 143 241 263 170 182 112 112 187 172 178 170 
Ind252 132 132 266 266 126 126 274 274 140 143 239 257 182 176 112 112 170 187 276 176 
Ind253 140 134 266 266 130 130 274 277 134 140 243 245 176 180 167 169 169 177 172 280 
Ind254 140 150 266 266 126 124 274 274 113 140 241 245 186 172 177 114 173 170 172 276 
Ind255 134 132 266 268 122 122 274 274 140 143 245 243 184 184 112 116 171 168 172 280 
Ind256 142 140 266 266 128 126 274 277 140 146 273 243 180 176 167 108 173 170 180 270 
Ind257 144 140 266 266 124 128 277 277 140 134 239 255 186 174 112 112 173 169 276 268 
Ind258 144 142 266 266 122 130 274 274 140 143 241 269 188 184 167 112 169 171 172 170 
Ind259 134 138 266 266 132 126 274 277 167 134 243 243 170 182 114 169 172 172 170 172 
Ind260 134 138 266 266 132 126 274 277 155 134 243 243 174 182 114 169 185 172 170 172 
Ind261 138 140 266 266 126 130 274 274 146 140 243 247 172 168 114 169 168 173 270 170 
Ind262 132 140 268 266 124 126 277 274 146 119 235 247 174 178 167 169 183 174 276 280 
Ind263 140 132 266 266 128 126 277 274 143 140 243 243 190 174 112 167 187 170 276 268 
Ind264 134 134 268 266 132 126 274 274 146 143 257 243 176 176 114 167 169 172 272 278 
Ind265 134 136 266 266 126 130 274 274 143 140 255 241 176 186 167 112 172 173 268 170 
Ind266 132 128 266 266 124 124 274 274 140 146 235 247 162 174 116 173 172 169 280 168 
Ind267 140 132 266 266 122 130 274 274 146 140 267 249 184 170 169 112 170 171 268 276 
Ind268 138 140 266 266 122 126 274 274 143 134 241 259 180 172 110 110 167 170 280 172 
Ind269 132 132 268 268 124 124 274 274 146 146 243 245 178 176 112 165 169 172 268 280 
Ind270 138 136 268 266 124 130 277 274 140 140 247 243 184 188 114 167 171 172 268 280 
Ind271 132 132 266 266 124 128 274 274 146 119 251 241 180 170 171 114 168 170 176 272 
Ind272 144 132 266 266 124 128 274 274 146 119 253 241 180 170 171 114 168 170 274 272 
Ind273 132 132 266 266 124 128 274 274 146 119 253 241 180 170 112 114 168 170 176 272 
Ind274 136 132 266 266 124 122 274 274 140 146 249 257 178 172 112 169 170 168 268 192 
Ind275 132 128 266 266 126 122 274 274 146 119 255 241 168 172 165 118 171 172 276 176 
Ind276 144 140 266 266 128 126 274 277 143 146 251 247 180 172 114 110 187 168 174 172 
Ind277 138 144 266 266 122 128 274 274 140 140 241 239 180 184 112 110 189 170 276 174 
Ind278 132 132 266 266 124 130 274 274 146 140 241 243 174 174 165 118 174 171 172 278 
Ind279 138 132 266 266 122 124 274 277 146 146 251 253 174 178 114 112 171 170 272 176 
Ind280 134 132 266 266 128 128 277 274 134 146 241 251 180 178 167 112 185 171 276 182 
Ind281 128 144 266 266 130 130 274 277 140 146 241 267 182 182 112 112 187 168 170 174 
Ind282 140 132 266 266 130 124 277 274 140 146 241 243 176 190 167 112 187 185 170 174 
Ind283 138 142 266 266 124 128 274 274 143 134 247 241 174 166 167 112 169 169 174 280 
Ind284 140 134 266 266 126 122 277 274 146 149 241 243 184 180 110 169 170 168 178 180 
Ind285 134 128 266 266 126 126 274 274 140 140 255 239 178 184 167 112 174 172 278 276 
Ind286 148 134 268 268 128 130 274 274 149 146 243 247 178 170 165 173 168 177 280 170 
Ind287 134 128 266 266 126 128 274 274 119 155 243 249 162 186 112 112 168 172 276 172 
Ind288 140 136 266 266 126 122 274 274 182 134 241 241 162 174 112 167 168 177 276 174 
Ind289 132 144 266 266 124 130 274 274 143 155 249 255 180 184 114 167 175 169 172 278 
Ind290 144 132 266 266 130 136 274 274 119 146 241 255 174 184 112 169 172 176 280 172 
Ind291 144 132 266 266 128 136 274 274 152 146 241 255 174 184 112 169 175 176 276 172 
Ind292 146 128 266 266 126 128 274 277 140 146 229 243 180 178 114 114 168 179 276 270 
Ind293 136 146 266 266 126 126 274 274 140 143 255 255 176 178 165 169 187 168 172 176 
Ind294 132 134 266 266 126 130 274 274 140 143 243 247 178 174 114 112 176 168 278 268 
Ind295 134 132 268 266 128 126 274 277 146 146 241 259 176 176 169 112 175 168 170 278 
Ind296 136 132 268 268 122 130 274 274 143 140 261 243 172 176 169 112 193 177 268 268 
Ind297 142 134 266 268 130 130 277 274 146 134 239 239 176 180 165 169 187 171 174 170 
Ind298 134 140 266 268 130 126 274 274 146 140 235 251 176 172 167 171 172 179 172 170 
Ind299 134 132 266 266 128 132 274 274 155 149 255 243 168 174 112 112 168 168 174 172 
Ind300 136 132 266 266 128 130 274 274 155 155 259 243 168 174 112 169 168 172 268 280 
Ind301 138 134 266 268 126 128 274 274 143 143 241 241 168 182 169 112 170 187 270 276 
Ind302 132 136 266 266 126 128 274 277 143 158 241 241 174 178 112 169 168 175 268 176 
Ind303 140 134 266 266 126 122 274 274 119 146 247 241 174 176 114 167 172 170 214 178 
Ind304 132 138 266 266 124 130 274 274 137 143 257 241 180 178 112 167 173 173 174 172 
Ind305 138 132 266 266 126 124 274 277 155 146 247 253 174 178 114 167 173 170 270 278 
Ind306 138 132 266 266 126 124 274 277 143 146 247 253 174 178 114 167 173 170 270 278 
Ind307 138 146 266 268 128 122 274 274 155 146 247 249 182 188 114 110 170 168 270 274 
Ind308 140 132 266 266 126 122 274 274 119 146 241 243 186 172 112 114 168 172 278 268 
Ind309 132 152 266 266 126 128 277 274 149 146 231 241 174 178 112 110 169 177 172 274 
Ind310 144 132 266 266 128 128 277 277 146 134 247 241 172 178 173 169 170 173 280 276 
Ind311 130 132 266 266 128 128 277 277 146 134 247 241 172 178 169 169 172 173 268 276 
Ind312 132 134 266 266 128 124 274 274 146 146 255 235 174 166 167 116 172 173 170 172 
Ind313 144 134 266 266 130 124 277 274 146 146 255 235 176 166 114 116 172 173 190 172 
Ind314 134 148 266 266 126 124 277 274 140 146 255 235 192 172 175 112 175 170 174 280 
Ind315 138 134 266 268 130 126 277 274 134 143 251 249 172 174 112 167 175 172 174 274 
Ind316 134 138 266 266 126 126 277 274 146 146 231 235 180 190 169 110 168 171 268 172 
Ind317 140 132 266 266 124 126 277 277 152 119 269 241 180 190 112 112 189 176 276 270 
Ind318 132 134 266 266 124 126 277 274 134 140 241 235 180 178 169 177 170 177 172 280 
Ind319 132 134 266 266 124 126 277 274 134 140 253 235 178 178 169 177 170 177 270 280 
Ind320 144 134 266 266 124 126 274 274 134 140 241 235 180 178 108 177 170 177 172 280 
Ind321 140 146 266 268 126 126 274 277 143 167 241 255 172 178 106 116 176 175 176 176 
Ind322 134 134 266 266 126 128 277 274 143 134 247 231 168 166 112 112 172 168 172 176 
Ind323 132 142 268 268 126 128 274 274 143 140 241 261 174 188 167 169 168 168 170 276 
Ind324 138 134 266 266 124 126 274 277 143 134 241 255 176 174 167 167 172 170 276 170 
Ind325 134 134 266 266 124 124 274 274 149 146 245 259 174 182 165 167 172 187 190 178 
Ind326 132 138 266 266 132 128 277 277 146 140 251 243 182 172 167 114 168 172 168 272 
Ind327 134 128 266 266 126 126 274 277 143 134 261 241 178 182 112 167 174 177 172 172 
Ind328 134 142 268 268 124 124 274 274 140 146 241 247 178 172 112 112 168 173 274 176 
Ind329 136 132 266 266 126 128 277 274 146 146 255 251 178 172 112 112 168 172 280 170 
Ind330 140 140 266 268 126 126 274 277 143 137 235 241 180 188 167 114 171 170 268 178 
Ind331 140 132 268 266 126 128 277 277 140 161 257 241 178 178 112 112 173 173 270 278 
Ind332 140 136 266 266 122 128 274 274 140 146 259 241 170 184 112 169 191 170 270 268 
Ind333 134 142 266 266 122 128 277 274 176 143 235 235 166 172 169 114 172 168 172 172 
Ind334 134 142 266 266 126 128 277 274 143 143 251 235 166 172 110 114 172 168 268 172 
Ind335 134 138 266 266 122 124 277 277 143 146 251 247 172 186 110 110 172 173 172 172 
Ind336 144 140 266 266 122 128 274 277 140 140 241 247 170 180 169 167 170 170 278 176 
Ind337 132 144 266 266 126 126 277 274 140 146 241 241 168 196 169 112 168 168 172 170 
Ind338 134 150 266 268 124 124 274 277 146 134 257 241 166 186 169 114 179 176 172 270 
Ind339 142 152 266 266 126 124 274 274 155 161 255 249 176 168 106 114 170 177 276 172 
Ind340 138 132 266 266 130 128 274 274 140 143 241 241 180 178 114 112 169 172 176 276 
Ind341 140 134 266 268 128 126 277 277 164 143 255 235 176 174 112 114 177 171 274 268 
Ind342 140 138 266 268 128 124 277 277 164 146 253 241 182 178 167 110 177 181 276 178 
Ind343 134 138 266 266 124 124 274 277 140 140 247 235 172 190 110 167 175 170 172 190 
Ind344 140 138 266 266 124 130 274 274 137 143 241 243 178 184 167 169 187 168 170 170 
Ind345 132 132 266 266 130 126 274 277 119 146 251 251 178 168 110 165 170 170 172 178 
Ind346 132 132 266 266 124 126 274 277 119 146 251 251 178 168 167 165 187 170 170 178 
Ind347 134 134 266 266 126 130 274 274 134 146 247 241 168 182 167 169 169 171 276 172 
Ind348 144 140 266 266 124 126 274 277 155 140 241 247 168 180 112 112 172 172 280 276 
Ind349 148 140 266 266 122 124 274 277 155 140 235 245 178 178 112 112 175 170 270 274 
Ind350 148 136 266 266 122 130 274 274 155 146 247 241 178 168 112 167 175 172 270 268 
Ind351 134 134 268 266 126 130 274 274 149 143 243 243 180 174 169 169 170 170 176 188 
Ind352 136 130 266 266 124 126 274 274 146 119 267 241 172 170 112 110 172 168 276 172 
Ind353 140 134 268 268 126 124 274 274 146 146 241 249 174 182 171 112 185 169 174 270 
Ind354 144 132 266 266 130 128 274 274 143 140 277 241 186 174 114 173 172 174 270 278 
Ind355 138 138 266 266 130 130 274 274 134 143 247 269 174 172 169 175 169 171 280 278 
Ind356 152 134 268 266 126 124 274 277 140 146 241 241 180 180 167 171 170 170 280 276 
Ind357 146 128 266 266 128 130 274 274 119 155 231 235 174 174 167 167 172 169 176 268 
Ind358 138 130 266 266 124 128 274 277 143 167 241 241 180 184 167 169 170 168 276 172 
Ind359 146 134 268 266 130 126 274 277 146 146 255 261 178 174 114 112 167 168 178 278 
Ind360 140 134 266 266 130 126 274 277 146 146 257 261 186 174 114 112 167 168 172 278 
Ind361 140 136 268 266 130 122 274 277 146 146 257 255 178 180 114 114 171 171 172 276 
Ind362 166 144 266 266 126 130 274 277 149 140 241 243 184 182 110 167 170 170 268 268 
Ind363 132 138 266 266 130 122 274 274 146 143 243 247 180 180 173 112 187 168 170 170 
Ind364 140 132 266 266 128 126 274 274 134 149 235 241 178 178 110 167 173 174 172 280 
Ind365 134 138 266 266 122 124 274 274 146 134 241 253 184 180 112 114 173 170 170 280 
Ind366 138 140 266 266 122 126 274 277 146 137 243 239 174 164 169 114 173 166 178 270 
Ind367 132 134 266 266 124 124 274 274 146 143 251 249 176 178 171 167 168 175 276 172 
Ind368 134 134 266 266 124 122 274 274 146 125 241 243 180 186 114 112 181 168 278 176 
Ind369 128 132 266 266 126 124 274 274 140 140 243 247 178 176 169 112 172 169 176 270 
Ind370 140 132 268 266 126 130 277 277 140 134 243 239 186 190 165 167 168 168 172 284 
Ind371 146 132 266 266 126 126 274 277 134 146 267 253 170 176 114 171 169 170 276 170 
Ind372 132 140 266 266 126 124 274 274 146 146 243 241 180 170 110 112 170 174 174 176 
Ind373 134 132 266 266 124 126 277 274 143 146 247 241 172 182 112 173 187 170 276 276 
Ind374 138 128 266 266 130 126 274 274 155 146 243 241 154 162 169 169 171 175 280 170 
Ind375 132 132 266 266 128 124 274 274 140 146 241 239 172 172 167 112 170 175 172 170 
Ind376 132 134 266 266 128 122 277 277 140 143 267 241 180 186 169 167 172 168 280 168 
Ind377 134 144 268 266 126 126 274 274 155 143 243 251 178 162 171 110 171 168 170 284 
Ind378 134 128 266 266 130 130 274 274 143 152 243 249 178 168 110 110 166 169 170 270 
Ind379 132 140 266 266 126 130 277 277 140 143 241 241 172 176 169 112 168 174 268 176 
Ind380 140 152 266 266 126 122 274 277 146 176 241 235 176 178 171 165 172 179 168 170 
Ind381 132 134 266 266 130 126 277 277 146 134 255 249 180 180 112 108 168 172 276 270 
Ind382 140 132 268 266 122 130 274 274 134 146 247 241 186 180 169 114 175 175 172 172 
Ind383 128 144 266 266 128 128 277 274 140 143 243 241 174 188 167 116 170 193 176 176 
Ind384 134 136 268 266 126 130 274 274 146 146 241 269 182 182 173 167 172 168 278 170 
Ind385 144 128 266 266 126 128 277 274 146 119 243 235 182 174 169 167 172 175 280 274 
Ind386 134 140 266 266 130 126 274 274 146 146 263 251 176 172 112 116 169 173 272 172 
Ind387 134 130 266 266 126 130 274 277 137 146 243 241 178 182 167 167 177 170 274 176 
Ind388 132 140 266 266 130 128 274 277 146 146 247 243 184 174 167 169 170 174 170 268 
Ind389 138 140 266 268 126 128 274 274 146 143 251 239 178 172 108 169 170 173 178 282 
Ind390 132 138 266 266 128 124 277 274 134 170 231 235 178 172 112 169 179 171 268 280 
Ind391 134 138 266 266 130 124 274 274 146 146 261 243 182 182 114 112 168 170 276 174 
Ind392 140 132 266 266 130 132 274 274 137 134 245 243 182 174 114 112 170 168 282 276 
Ind393 140 134 266 266 128 124 274 274 146 146 255 241 174 168 169 110 172 187 276 192 
Ind394 134 142 266 266 126 124 277 274 146 146 245 243 176 172 112 112 169 174 180 170 
Ind395 138 132 266 266 126 126 277 274 143 149 257 255 178 184 112 114 168 179 174 174 
Ind396 136 134 266 266 126 124 274 277 143 143 257 249 182 170 112 112 167 170 276 170 
Ind397 138 138 266 266 124 130 274 274 140 143 243 269 176 178 112 112 170 169 276 182 
Ind398 138 134 266 266 130 128 274 274 143 146 255 255 188 180 112 114 177 168 270 276 
Ind399 134 142 266 266 126 126 274 274 143 146 243 257 180 168 169 112 179 168 276 280 
Ind400 140 136 266 268 126 128 277 274 149 146 243 255 190 190 169 114 166 169 268 176 
Ind401 134 132 266 268 126 130 274 274 146 146 247 243 178 172 112 169 170 170 274 278 
Ind402 138 132 266 268 126 126 274 274 146 134 255 247 172 178 114 169 171 169 170 174 
Ind403 134 138 266 266 126 126 274 274 152 170 243 259 180 182 114 165 170 170 180 268 
Ind404 136 132 266 266 126 128 274 274 134 146 231 243 188 186 167 112 175 173 170 276 
Ind405 136 132 266 266 126 128 277 274 134 146 231 243 188 186 112 112 175 173 190 276 
Ind406 140 134 266 266 130 126 274 274 140 146 235 251 176 180 116 112 168 170 176 172 
Ind407 142 144 266 266 124 126 274 274 146 140 241 243 184 188 167 167 168 168 268 268 
Ind408 134 144 268 266 124 126 274 274 134 143 243 255 186 174 112 112 164 167 176 188 
Ind409 130 134 266 268 122 128 274 274 143 146 249 251 170 168 112 167 173 170 170 270 
Ind410 132 134 266 266 130 128 277 274 170 140 235 241 182 182 165 112 171 170 182 174 
Ind411 134 134 268 266 126 124 274 274 146 134 243 241 184 186 112 169 170 169 176 172 
Ind412 144 128 266 266 122 122 274 277 134 146 247 259 180 174 165 177 168 172 172 276 
Ind413 144 140 266 268 128 126 274 274 146 149 247 235 180 180 165 114 170 170 172 272 
Ind414 140 134 268 266 116 122 277 274 134 146 235 255 170 182 112 112 170 168 276 176 
Ind415 144 144 266 266 124 126 277 274 167 143 241 251 184 186 167 114 170 169 268 176 
Ind416 130 132 266 266 122 122 274 274 140 146 243 241 176 176 112 112 158 173 174 170 
Ind417 132 132 266 266 126 128 274 277 146 137 251 241 178 178 171 171 170 175 280 172 
Ind418 136 134 268 266 124 126 274 274 146 146 255 235 178 178 110 112 167 173 270 280 
Ind419 138 136 268 266 124 128 277 277 122 146 241 243 180 176 112 116 169 171 284 268 
Ind420 128 134 266 266 130 122 277 274 140 152 241 251 184 172 169 169 173 187 268 268 
Ind421 138 128 266 268 124 124 266 274 146 146 241 247 172 172 167 169 185 169 276 272 
Ind422 134 138 268 266 128 116 274 274 137 146 241 251 180 176 112 112 169 191 176 280 
Ind423 134 138 266 266 124 126 277 274 143 146 245 235 174 154 108 169 169 168 268 170 
Ind424 134 138 266 266 124 128 274 274 134 146 235 247 170 176 114 167 181 168 268 268 
Ind425 130 132 266 266 126 126 277 274 146 137 251 243 182 180 167 112 172 171 168 280 
Ind426 134 134 266 266 126 124 274 274 137 182 255 247 174 168 108 165 169 173 176 270 
Ind427 144 138 266 266 130 124 274 277 140 149 267 255 168 184 116 114 169 169 172 168 
Ind428 138 134 266 266 124 126 274 274 134 146 239 267 184 188 169 112 172 172 268 176 
Ind429 134 132 266 266 128 124 274 274 149 146 259 243 174 178 112 167 170 171 292 280 
Ind430 128 130 266 266 126 124 274 274 134 140 241 241 176 174 112 169 172 173 278 180 
Ind431 136 144 266 266 130 124 274 274 170 140 247 243 168 182 171 112 168 168 272 172 
Ind432 142 142 266 266 130 126 274 274 146 146 235 243 178 176 167 173 174 169 276 276 
Ind433 138 142 266 266 122 126 274 274 164 119 243 251 180 186 112 167 173 170 176 170 
Ind434 138 142 266 266 126 126 274 274 164 119 243 251 182 186 167 167 170 170 276 170 
Ind435 138 140 266 268 126 130 274 274 119 146 269 243 178 174 114 114 167 167 172 176 
Ind436 134 132 268 266 132 124 274 274 140 143 251 251 172 174 167 114 177 168 176 180 
Ind437 134 138 266 266 130 130 274 274 140 146 251 241 170 176 112 171 167 166 268 176 
Ind438 134 140 266 266 128 126 274 277 140 164 241 255 170 172 112 169 167 172 268 178 
Ind439 134 134 266 266 128 124 274 274 146 146 241 255 168 178 169 169 167 179 168 268 
Ind440 132 146 266 266 124 126 277 274 134 113 247 251 172 182 112 112 172 171 270 276 
Ind441 134 146 268 266 128 126 277 274 140 113 247 251 176 182 112 112 172 171 270 276 
Ind442 134 132 266 266 126 130 274 277 146 146 243 251 178 172 112 112 179 168 174 182 
Ind443 134 140 266 266 130 128 274 274 146 134 263 253 178 182 114 169 168 173 170 176 
Ind444 136 140 266 266 130 128 274 274 146 134 263 253 178 182 112 169 168 173 272 176 
Ind445 134 140 266 266 130 128 274 274 146 134 255 253 178 182 114 169 185 173 170 176 
Ind446 144 134 266 266 124 126 274 274 134 146 229 241 168 184 114 112 170 176 196 268 
Ind447 144 134 266 266 130 126 274 274 134 146 229 241 168 184 114 112 170 176 276 268 
Ind448 132 142 266 266 124 126 274 274 146 146 243 255 178 170 114 114 187 168 174 172 
Ind449 140 144 266 266 124 128 277 274 146 146 229 259 172 160 171 169 169 171 268 176 
Ind450 140 134 266 266 126 124 277 274 146 143 241 235 174 180 165 114 169 169 268 170 
Ind451 134 134 268 266 126 128 274 274 146 143 247 241 172 170 114 167 176 170 172 268 
Ind452 146 134 266 268 130 126 277 274 140 146 261 243 180 168 112 173 170 170 270 270 
Ind453 144 134 266 266 126 128 274 274 167 146 241 243 190 182 112 167 168 173 176 268 
Ind454 136 134 266 266 124 124 274 274 134 134 255 243 180 166 165 167 175 187 268 276 
Ind455 132 132 266 266 124 130 277 274 146 164 257 243 182 176 169 108 169 169 170 276 
Ind456 132 138 266 266 124 126 277 274 146 140 239 241 182 174 169 116 169 168 170 176 
Ind457 140 134 266 266 130 122 274 274 146 113 247 247 174 176 112 112 169 168 276 270 
Ind458 128 134 266 266 132 124 277 277 152 146 243 253 172 176 108 110 168 169 172 176 
Ind459 128 134 266 266 132 124 277 277 146 146 243 253 172 176 169 110 168 169 172 176 
Ind460 134 140 266 266 126 126 277 277 146 140 241 235 174 182 116 165 169 185 276 178 
Ind461 134 134 266 266 130 126 274 274 137 146 241 241 168 168 169 167 187 179 170 170 
Ind462 138 134 266 266 128 126 274 274 143 140 235 241 178 166 169 169 175 168 178 276 
Ind463 138 134 268 266 126 126 274 274 140 140 261 241 178 166 110 169 171 168 172 276 
Ind464 144 140 266 266 126 122 274 274 119 146 241 241 168 182 112 169 168 170 170 268 
Ind465 134 136 268 266 124 124 274 274 158 134 251 241 180 180 114 173 193 168 276 174 
Ind466 140 134 266 266 124 130 274 274 134 137 253 255 172 184 167 114 179 171 276 170 
Ind467 136 132 268 268 126 124 277 274 137 134 247 235 180 176 112 118 168 167 172 276 
Ind468 136 132 266 268 122 124 277 274 143 134 247 235 180 176 112 118 177 167 172 276 
Ind469 140 132 266 266 122 124 274 274 140 146 243 243 182 178 112 167 168 187 270 174 
Ind470 136 132 266 266 124 132 274 274 146 146 241 243 178 194 112 169 172 169 172 182 
Ind471 128 132 266 266 124 132 274 274 146 146 241 243 176 194 112 169 172 169 172 182 
Ind472 144 140 266 266 126 124 277 274 140 140 241 241 186 176 169 112 173 169 176 178 
Ind473 136 134 266 266 126 130 274 277 146 134 243 243 172 178 171 112 169 175 268 276 
Ind474 146 134 266 266 128 124 274 274 134 134 247 243 188 190 112 112 169 172 176 276 
Ind475 144 140 266 268 130 122 274 277 146 146 243 241 172 186 169 171 175 171 172 176 
Ind476 134 136 268 266 132 130 274 277 146 146 241 251 174 184 167 169 170 187 276 268 
Ind477 142 132 266 266 126 126 274 274 134 146 243 241 176 178 108 112 179 170 276 176 
Ind478 142 134 266 266 126 128 277 277 134 137 243 243 176 180 108 169 179 169 268 268 
Ind479 142 134 266 266 126 128 274 277 134 137 231 243 176 180 108 169 175 169 276 268 
Ind480 134 132 266 266 128 130 277 274 143 143 241 247 172 174 112 112 167 170 178 270 
Ind481 142 142 266 266 124 124 277 277 149 140 241 247 184 170 169 110 172 172 276 278 
Ind482 134 140 266 268 122 122 277 274 140 149 249 243 180 176 112 173 172 171 170 174 
Ind483 134 142 266 266 132 126 274 277 140 146 249 247 176 178 112 112 173 170 170 276 
Ind484 134 138 266 266 126 122 277 274 146 143 243 241 176 172 169 165 179 168 268 276 
Ind485 146 130 266 266 128 116 274 274 134 140 241 259 180 160 167 167 169 166 268 278 
Ind486 134 134 266 266 124 126 277 274 146 146 241 241 180 174 167 112 170 177 170 170 
Ind487 134 132 266 266 124 126 274 277 149 146 241 251 188 182 171 112 181 177 270 172 
Ind488 138 134 266 266 124 124 274 277 149 146 255 255 180 172 165 114 170 175 172 172 
Ind489 130 132 266 266 122 126 277 274 146 140 243 235 186 180 112 169 166 168 276 284 
Ind490 142 134 266 266 124 124 274 277 143 146 243 241 174 174 112 167 177 170 268 176 
Ind491 136 132 268 266 130 126 274 274 125 143 241 241 176 178 112 112 167 172 268 170 
Ind492 134 140 266 266 126 126 277 274 146 140 235 255 174 180 112 167 170 179 270 176 
Ind493 132 140 266 266 122 126 277 274 146 140 235 255 174 180 169 167 170 179 270 176 
Ind494 134 132 266 266 126 122 274 274 143 137 243 255 172 162 112 167 185 170 280 276 
Ind495 128 132 268 266 130 128 277 274 143 143 249 251 176 174 167 108 167 173 184 280 
Ind496 128 136 266 266 122 126 274 277 143 146 239 269 182 184 112 110 179 170 176 268 
Ind497 128 134 266 266 124 128 277 277 143 146 239 241 182 178 112 112 170 193 176 270 
Ind498 136 134 268 268 124 122 274 274 143 134 261 257 174 174 169 112 168 173 268 170 
Ind499 136 138 266 266 122 128 274 277 140 143 241 249 176 174 112 167 173 172 170 172 
Ind500 134 138 266 266 124 128 274 277 140 143 241 249 174 174 169 167 170 172 170 172 
Ind501 138 138 266 266 132 124 274 274 146 140 249 259 184 182 114 106 172 177 178 172 
Ind502 132 144 268 266 126 122 274 274 140 146 251 269 170 176 171 112 168 170 170 278 
Ind503 142 142 266 266 126 126 274 274 140 134 247 247 180 184 167 169 168 168 176 176 
Ind504 134 140 266 266 124 126 274 274 155 146 257 255 174 172 112 169 173 173 170 276 
Ind505 132 132 266 266 130 126 277 274 146 140 239 241 184 168 112 114 170 168 292 170 
Ind506 138 134 266 266 130 126 277 274 146 143 273 261 170 166 118 112 177 172 292 278 
Ind507 152 132 266 266 128 126 277 274 146 137 249 241 174 176 167 169 170 172 280 278 
Ind508 144 142 266 266 122 128 274 274 137 146 259 257 186 170 114 112 185 174 172 176 
Ind509 144 136 268 266 126 126 274 274 146 143 243 241 184 172 112 112 172 175 170 278 
Ind510 132 134 268 266 128 128 274 274 149 146 241 249 178 188 167 114 185 169 172 276 
Ind511 134 134 266 266 128 128 277 274 149 146 241 249 178 188 167 114 185 169 174 276 
Ind512 144 144 266 266 126 130 274 274 146 137 243 243 170 180 169 112 170 169 178 170 
Ind513 144 136 266 266 130 126 277 274 161 146 249 245 180 180 169 112 173 170 172 176 
Ind514 132 138 266 266 128 128 274 274 134 146 245 239 174 182 167 114 168 167 170 170 
Ind515 132 140 266 266 128 124 274 274 140 140 241 255 176 182 167 116 169 172 176 268 
Ind516 138 134 266 266 128 124 274 274 140 143 259 255 176 168 169 167 172 169 270 276 
Ind517 134 134 266 266 128 124 274 274 140 143 259 255 172 168 112 167 177 169 270 276 
Ind518 138 140 266 268 128 126 274 274 140 140 249 249 172 168 169 169 177 169 270 170 
Ind519 132 134 266 268 126 130 274 274 143 155 243 255 172 174 114 110 168 170 270 174 
Ind520 132 134 268 268 126 130 277 274 152 155 243 255 172 174 110 110 168 170 186 174 
Ind521 140 134 266 268 126 130 274 274 143 155 243 255 172 174 110 110 168 170 186 174 
Ind522 136 132 266 266 126 128 274 274 140 134 257 243 176 176 167 163 195 170 172 172 
Ind523 136 134 266 266 128 124 274 277 146 146 247 243 172 176 112 169 168 171 176 268 
Ind524 134 140 266 266 124 116 274 274 143 137 243 255 176 172 169 114 170 175 176 294 
Ind525 138 140 266 268 124 128 274 274 143 140 243 255 180 170 112 114 169 170 268 270 
Ind526 136 132 266 268 128 126 274 274 146 143 269 243 176 174 167 169 173 170 268 174 
Ind527 138 134 268 266 124 132 277 274 146 164 243 241 184 174 169 112 170 170 280 276 
Ind528 136 134 266 266 124 132 274 274 146 164 243 241 180 174 169 112 170 170 276 276 
Ind529 138 134 268 266 124 132 277 274 146 164 243 241 184 174 169 112 170 170 276 276 
Ind530 138 146 266 266 126 130 277 274 140 140 255 247 172 176 177 112 170 170 268 276 
Ind531 142 132 268 266 126 124 274 274 146 158 259 243 178 168 169 110 171 168 270 270 
Ind532 142 132 266 266 124 124 274 274 146 158 259 243 178 168 167 110 171 168 278 270 
Ind533 142 132 266 266 126 124 274 274 146 158 257 243 178 168 167 110 170 168 278 270 
Ind534 150 132 266 266 130 126 274 277 149 146 235 243 190 180 112 116 169 170 276 172 
Ind535 132 138 266 266 122 122 274 274 146 143 241 289 174 176 114 114 187 168 172 272 
Ind536 132 138 266 266 122 122 274 274 146 143 241 289 174 176 108 114 170 168 268 272 
Ind537 128 138 266 266 130 122 274 274 146 143 239 289 174 176 114 114 170 168 268 272 
Ind538 134 138 266 266 124 124 274 274 146 146 239 231 180 178 112 169 187 172 280 276 
Ind539 134 138 268 266 124 124 274 274 149 146 239 231 180 178 112 169 187 172 268 276 
Ind540 134 144 266 266 122 124 274 274 158 143 243 241 162 180 169 112 168 166 176 276 
Ind541 132 144 268 266 122 124 274 274 158 143 251 241 162 180 112 112 185 166 176 276 
Ind542 134 138 266 266 126 122 274 274 143 149 243 273 168 178 169 167 169 168 276 170 
Ind543 140 138 266 266 132 126 277 274 140 143 241 235 174 178 112 114 167 172 268 268 
Ind544 132 144 266 266 128 128 277 277 137 158 241 235 180 174 167 114 177 168 270 276 
Ind545 134 134 266 266 126 128 277 274 137 146 263 243 176 170 108 112 173 172 174 280 
Ind546 140 134 266 266 126 128 277 274 167 146 235 243 164 170 169 112 177 172 268 280 
Ind547 132 132 266 266 124 128 274 274 119 146 243 243 180 180 112 110 170 171 276 172 
Ind548 144 132 266 268 126 132 274 274 140 143 241 231 178 176 112 112 176 168 268 270 
Ind549 134 140 266 266 126 128 274 274 137 143 251 251 182 174 112 112 170 172 174 280 
Ind550 134 132 266 266 128 124 277 274 137 146 241 241 166 176 114 169 173 170 278 276 
Ind551 132 134 268 266 122 126 274 274 140 140 245 255 176 174 114 112 169 169 176 276 
Ind552 142 132 266 266 132 122 277 274 143 143 255 247 176 178 169 167 174 167 172 276 
Ind553 132 138 266 266 130 124 274 274 143 140 235 235 182 182 112 169 167 158 276 172 
Ind554 134 134 266 266 124 128 274 274 146 143 247 241 180 168 167 114 170 173 176 170 
Ind555 136 132 266 268 126 126 274 274 146 167 263 243 168 168 112 112 168 169 172 276 
Ind556 144 138 266 266 124 124 277 277 140 143 247 241 178 172 171 114 168 169 170 268 
Ind557 144 138 266 266 130 124 274 274 146 140 247 255 178 182 112 169 187 168 276 270 
Ind558 134 138 266 266 130 124 277 274 146 140 241 255 176 182 114 169 187 168 276 270 
Ind559 134 138 266 266 128 124 274 274 146 140 247 255 178 182 112 169 170 168 276 270 
Ind560 148 130 266 266 126 130 274 274 152 146 243 243 168 174 112 112 170 174 176 176 
Ind561 132 140 266 266 130 124 274 274 140 143 273 257 172 176 114 112 171 175 172 268 
Ind562 140 144 266 266 124 130 274 274 146 143 247 241 172 172 167 167 172 191 276 268 
Ind563 140 144 266 266 124 130 274 274 146 143 247 241 172 172 112 167 172 191 276 268 
Ind564 134 148 266 266 122 130 274 277 149 143 261 247 170 182 169 167 187 174 280 172 
Ind565 134 134 266 266 122 124 274 274 146 146 247 241 174 178 171 116 174 169 176 270 
Ind566 130 142 266 266 130 116 274 277 140 146 259 271 154 168 110 108 175 170 176 276 
Ind567 138 172 266 266 122 124 274 274 140 155 243 249 180 182 112 110 170 172 176 172 
Ind568 132 134 266 266 126 128 274 274 134 146 249 241 190 182 169 167 168 169 186 172 
Ind569 134 140 266 268 126 124 274 274 143 155 259 249 172 170 169 112 166 172 276 268 
Ind570 136 132 266 266 126 128 274 274 134 137 243 243 168 178 165 169 168 170 278 270 
Ind571 138 140 268 268 128 132 274 274 125 143 267 243 176 188 169 112 168 168 270 170 
Ind572 138 140 268 266 124 124 274 277 146 143 241 255 174 176 167 169 170 168 172 170 
Ind573 134 140 266 266 132 128 274 274 140 146 269 241 168 172 112 114 169 169 270 272 
Ind574 132 132 266 266 124 126 277 277 146 146 243 251 180 174 169 167 176 181 280 268 
Ind575 138 132 266 266 128 126 274 277 152 146 243 251 180 174 112 167 176 181 172 268 
Ind576 134 138 266 266 128 128 274 274 143 140 255 243 184 170 114 167 171 175 280 168 
Ind577 134 134 266 266 130 124 277 274 155 146 247 241 176 170 112 112 177 170 270 174 
Ind578 134 138 266 266 124 124 274 274 125 137 243 259 174 180 167 112 170 172 268 268 
Ind579 136 140 266 266 128 128 274 277 140 140 243 243 186 168 114 175 174 177 276 172 
Ind580 140 140 266 266 128 126 277 274 143 146 251 243 178 172 171 169 168 176 174 176 
Ind581 142 138 266 266 128 126 274 274 146 134 241 241 174 178 112 167 173 166 276 176 
Ind582 132 138 266 266 122 126 274 274 146 134 243 241 176 178 112 167 171 166 170 176 
Ind583 140 134 266 266 126 124 277 274 143 143 255 247 162 186 112 112 173 171 278 278 
Ind584 144 130 266 266 130 130 277 274 134 146 243 251 180 170 169 112 174 177 178 284 
Ind585 134 138 266 266 128 116 277 274 137 143 241 241 182 168 108 112 173 170 280 180 
Ind586 138 132 266 266 122 126 274 274 146 143 255 247 182 170 112 167 170 173 172 268 
Ind587 138 132 266 266 122 126 274 274 146 143 255 247 178 170 112 167 175 173 172 268 
Ind588 142 136 266 266 130 130 274 277 140 146 241 241 186 186 112 163 170 170 280 268 
Ind589 132 144 268 266 124 122 274 274 140 140 261 245 170 168 112 167 175 168 276 194 
Ind590 132 138 268 266 128 128 274 274 140 140 241 251 170 176 112 110 172 172 278 278 
Ind591 132 144 268 266 128 122 274 274 140 140 261 245 170 168 167 167 172 168 276 194 
Ind592 140 144 266 266 124 122 277 274 149 140 247 239 184 176 112 112 173 170 276 178 
Ind593 132 132 268 266 122 124 274 274 143 155 247 241 154 178 169 112 172 166 280 276 
Ind594 130 132 266 266 128 124 274 274 140 125 255 235 178 178 112 167 170 171 268 276 
Ind595 142 132 268 266 126 122 274 277 146 143 269 257 180 186 112 112 177 168 276 270 
Ind596 132 134 268 266 124 124 274 274 176 140 259 241 180 178 112 112 171 171 172 176 
Ind597 140 134 266 266 124 124 274 274 140 146 253 261 178 182 112 171 170 173 270 274 
Ind598 138 134 266 266 126 124 274 274 146 149 267 257 180 182 116 110 173 177 292 190 
Ind599 136 134 266 268 124 122 277 274 146 134 241 247 184 182 163 112 168 169 270 174 
Ind600 134 128 266 266 130 124 274 274 134 143 241 241 172 176 167 165 169 173 176 268 
Ind601 132 138 266 268 128 128 274 274 146 113 251 247 186 174 171 169 170 171 178 270 
Ind602 146 136 266 266 122 126 274 277 149 140 243 241 170 176 167 167 195 170 168 280 
Ind603 144 140 266 266 130 126 274 274 146 143 235 243 186 174 110 167 170 168 270 182 
Ind604 140 134 266 266 126 128 274 274 146 146 247 247 166 172 171 169 167 176 280 190 
Ind605 144 132 266 266 128 126 277 274 182 149 241 243 178 178 112 118 172 172 270 276 
Ind606 144 132 266 266 128 126 277 274 182 149 243 243 180 178 112 118 175 172 170 276 
Ind607 132 136 266 266 124 130 274 277 137 143 235 247 176 182 112 116 169 172 170 276 
Ind608 134 142 266 266 132 128 274 274 146 143 243 235 168 180 112 112 170 168 270 172 
Ind609 134 130 266 266 132 124 274 274 134 149 243 235 172 170 171 167 170 170 270 280 
Ind610 134 136 266 266 130 130 274 274 146 119 235 269 172 174 165 112 171 168 172 270 
Ind611 134 134 266 266 122 130 277 266 149 146 243 247 174 180 114 114 177 170 178 280 
Ind612 134 134 266 266 124 128 274 274 146 146 243 245 168 178 114 167 178 172 276 268 
Ind613 144 134 266 266 122 124 274 274 140 146 267 255 174 178 169 171 170 175 280 272 
Ind614 134 134 266 266 126 122 274 274 140 146 231 273 168 178 167 167 173 169 174 182 
Ind615 144 140 266 266 128 130 277 274 146 140 243 239 170 186 167 112 169 170 274 178 
Ind616 134 132 266 266 130 130 274 277 161 146 241 257 172 186 173 171 169 172 168 172 
Ind617 134 138 266 268 122 128 274 274 140 158 261 241 184 184 112 112 173 177 270 178 
Ind618 142 134 266 266 130 124 274 274 143 146 243 241 176 178 110 167 170 170 182 176 
Ind619 134 142 266 266 124 122 274 274 140 140 249 241 184 172 112 118 169 172 276 280 
Ind620 144 144 268 266 128 132 274 274 146 146 235 235 186 182 169 112 172 168 276 178 
Ind621 130 146 266 266 126 124 277 274 146 149 243 235 174 184 169 110 191 168 182 276 
Ind622 132 132 266 266 130 124 274 274 146 134 231 243 174 174 167 112 166 168 268 268 
Ind623 140 144 266 268 130 124 274 277 146 146 231 247 172 186 167 114 166 177 276 276 
Ind624 136 134 266 266 126 128 274 274 113 146 243 247 172 154 108 112 168 171 172 280 
Ind625 160 140 266 268 124 128 274 274 137 146 243 253 180 180 114 171 168 166 276 174 
Ind626 138 132 266 266 128 124 274 274 140 143 243 241 178 174 112 173 187 170 270 176 
Ind627 132 132 268 266 128 124 274 274 140 143 239 241 186 174 112 173 187 170 268 176 
Ind628 140 136 268 266 122 126 274 277 143 143 241 241 190 178 112 110 168 169 170 278 
Ind629 134 142 266 266 128 128 274 274 137 152 255 243 190 178 169 167 169 171 174 268 
Ind630 140 140 266 266 126 128 274 274 140 149 235 243 180 172 108 112 169 170 280 272 
Ind631 140 136 266 266 126 126 277 274 134 161 247 251 178 178 169 171 173 171 276 176 
Ind632 138 144 266 266 130 130 274 274 137 146 241 231 176 188 167 167 175 169 268 172 
Ind633 140 132 266 266 126 132 274 274 140 146 251 255 166 184 114 169 170 168 176 276 
Ind634 144 132 268 266 124 122 277 274 143 146 255 247 182 178 165 165 169 170 176 276 
Ind635 140 132 266 266 122 122 277 274 143 146 249 247 182 178 165 165 169 170 276 276 
Ind636 132 144 266 266 128 124 274 274 143 143 241 243 186 170 169 169 169 170 276 174 
Ind637 132 142 266 266 124 122 274 274 146 140 241 241 170 186 169 167 168 170 276 268 
Ind638 140 134 266 266 130 126 277 274 146 146 239 247 184 184 112 112 174 167 176 276 
Ind639 140 132 266 266 126 126 274 274 140 149 269 247 168 182 169 110 172 176 276 172 
Ind640 136 132 266 268 130 124 277 274 146 146 241 249 174 172 112 114 169 178 292 276 
Ind641 130 134 266 266 124 128 274 274 137 140 243 251 174 174 169 112 169 169 276 276 
Ind642 136 146 266 266 132 130 277 277 146 149 249 235 168 182 112 167 177 168 280 170 
Ind643 136 132 266 268 124 124 274 274 143 155 243 269 172 172 167 185 168 172 276 176 
Ind644 132 144 266 266 124 124 274 274 146 155 241 255 170 176 112 169 169 168 268 176 
Ind645 132 142 266 266 128 126 277 274 146 143 241 235 182 176 112 110 169 167 276 280 
Ind646 132 144 266 266 132 128 274 277 146 146 259 243 172 174 110 114 176 170 172 172 
Ind647 134 136 266 266 130 124 274 277 134 119 243 243 174 178 112 112 168 170 268 268 
Ind648 138 132 266 268 126 124 274 274 146 152 255 241 178 176 175 169 170 187 172 270 
Ind649 134 142 266 266 122 124 274 274 167 146 247 243 180 182 112 169 172 170 170 174 
Ind650 134 134 268 266 130 126 274 274 146 146 257 247 180 174 112 112 168 167 176 268 
Ind651 138 134 268 268 128 126 277 274 146 134 239 243 186 168 169 165 168 170 168 276 
Ind652 134 144 266 266 128 130 274 274 146 134 245 255 174 188 112 169 170 175 174 172 
Ind653 140 134 266 266 128 122 274 274 140 146 241 269 176 174 167 112 177 170 176 174 
Ind654 138 136 266 266 126 130 277 274 146 134 243 247 184 170 169 167 168 171 174 170 
Ind655 140 136 266 266 126 130 274 274 143 134 243 247 184 170 169 167 168 171 174 170 
Ind656 140 144 266 266 122 128 274 274 134 146 245 247 168 174 112 112 170 169 178 272 
Ind657 134 138 266 266 128 124 277 277 134 143 243 251 180 184 169 167 169 181 172 172 
Ind658 142 134 266 266 130 124 274 274 140 140 235 269 180 174 112 169 193 172 276 268 
Ind659 132 138 266 266 128 122 274 274 113 146 235 247 186 188 112 167 179 172 172 178 
Ind660 128 138 266 266 122 130 274 274 125 146 231 247 178 174 112 175 179 179 268 174 
Ind661 132 132 266 266 128 124 277 277 146 143 259 261 190 178 167 114 168 172 276 278 
Ind662 132 132 266 266 128 124 277 277 146 143 247 261 170 178 173 114 168 172 268 278 
Ind663 140 132 266 266 128 124 277 277 146 143 259 261 170 178 167 114 170 172 276 278 
Ind664 134 144 266 268 126 126 274 277 149 119 235 239 178 172 167 167 167 187 172 270 
Ind665 134 144 266 268 126 126 274 277 140 119 241 239 178 172 110 167 167 187 172 270 
Ind666 138 132 266 268 126 126 274 277 113 167 247 269 174 176 112 112 187 168 170 280 
Ind667 134 132 266 266 126 130 274 274 146 134 251 241 180 170 167 169 170 187 172 174 
Ind668 132 144 268 266 124 124 274 274 134 146 241 269 178 170 110 112 172 179 276 174 
Ind669 132 144 268 266 132 124 274 274 134 146 241 269 172 170 110 112 185 179 276 174 
Ind670 132 144 268 266 132 124 274 274 119 146 255 269 172 170 110 112 172 179 276 174 
Ind671 134 136 266 266 126 124 274 277 134 134 263 247 168 184 114 177 172 168 170 176 
Ind672 134 138 266 266 128 122 277 274 125 134 235 257 182 170 112 169 172 170 270 268 
Ind673 134 132 268 266 132 126 274 274 146 140 243 243 172 172 181 171 170 169 276 276 
Ind674 134 134 268 266 124 124 277 274 143 146 247 259 172 174 114 171 177 170 172 270 
Ind675 134 134 266 266 124 124 277 274 143 146 247 259 186 174 114 171 177 170 276 270 
Ind676 136 132 266 266 130 128 274 274 146 137 241 255 180 184 112 167 172 172 278 268 
Ind677 132 138 268 266 122 128 274 274 146 146 241 243 180 176 112 169 169 181 280 170 
Ind678 150 134 266 266 126 126 274 274 140 146 243 247 178 176 112 114 173 170 174 280 
Ind679 140 132 268 268 130 126 274 274 143 143 241 247 182 178 167 169 172 166 276 270 
Ind680 140 132 268 268 130 126 274 274 146 143 241 247 178 178 167 169 172 166 276 270 
Ind681 140 132 268 268 130 126 274 274 143 143 259 247 182 178 165 169 172 166 276 270 
Ind682 140 144 268 266 124 126 277 274 146 140 249 243 182 186 163 167 169 168 280 174 
Ind683 144 144 266 268 124 126 274 274 146 146 251 241 180 186 173 169 170 169 172 276 
Ind684 152 138 266 266 130 124 274 274 146 146 235 247 182 178 112 169 170 170 172 176 
Ind685 134 138 266 266 130 124 274 274 146 146 235 247 180 178 112 169 179 170 172 176 
Ind686 140 144 268 266 122 126 274 274 146 158 235 243 174 178 167 169 170 172 268 174 
Ind687 142 136 266 268 122 124 274 277 146 146 247 247 168 182 165 112 169 177 278 170 
Ind688 144 132 266 266 126 122 274 274 146 143 255 255 180 176 112 112 171 171 266 170 
Ind689 134 132 268 266 126 126 274 277 146 134 239 245 180 170 167 167 181 166 170 276 
Ind690 146 132 266 268 124 126 277 274 155 176 241 243 174 168 167 112 170 168 276 190 
Ind691 146 134 266 266 124 124 274 274 146 140 241 241 178 182 167 171 170 175 276 178 
Ind692 138 134 266 266 124 132 274 277 149 146 247 253 180 178 167 163 169 172 276 172 
Ind693 132 134 266 266 122 128 274 274 146 146 241 241 184 172 112 167 170 185 172 172 
Ind694 142 140 266 266 122 128 274 277 113 146 241 247 186 170 112 167 168 172 268 268 
Ind695 140 134 268 266 122 126 274 277 113 143 241 243 168 176 171 114 177 170 268 274 
Ind696 140 140 266 266 126 128 274 277 140 146 241 247 168 170 171 167 177 172 278 268 
Ind697 140 128 266 266 124 126 274 274 146 143 241 241 178 188 112 167 177 170 282 280 
Ind698 134 134 266 266 124 124 274 274 146 143 237 273 174 178 175 167 168 170 170 172 
Ind699 144 140 266 266 130 124 274 274 167 137 251 243 170 188 112 167 171 168 276 280 
Ind700 136 134 268 266 126 122 277 274 170 143 257 235 154 172 112 114 174 179 276 276 
Ind701 140 144 266 266 126 128 274 274 134 146 255 239 172 172 171 169 168 170 172 276 
Ind702 140 152 266 266 128 128 274 274 167 146 241 231 174 174 112 167 169 170 178 268 
Ind703 132 132 266 266 124 122 274 274 137 143 247 235 172 186 110 167 171 171 276 280 
Ind704 134 134 266 268 128 122 274 277 134 146 255 241 166 182 112 169 177 168 268 280 
Ind705 140 144 266 266 124 126 274 277 137 143 241 243 176 174 167 112 168 170 170 276 
Ind706 128 148 266 268 124 124 274 274 146 146 243 257 170 178 112 169 170 172 196 268 
Ind707 140 140 266 268 124 126 274 274 143 152 247 251 170 180 112 175 173 171 270 170 
Ind708 138 142 266 268 130 124 274 274 134 143 241 247 178 174 110 114 169 187 182 268 
Ind709 146 134 266 266 128 124 274 277 146 146 239 243 168 172 175 106 174 177 268 170 
Ind710 130 138 268 266 126 130 274 274 134 140 267 237 182 182 112 112 168 173 170 268 
Ind711 134 134 266 266 126 124 274 274 119 143 235 255 178 186 167 167 193 173 280 176 
Ind712 140 134 266 266 126 126 277 274 140 140 241 247 172 180 169 112 168 168 268 268 
Ind713 132 134 266 266 126 126 277 274 134 140 245 247 172 180 169 112 168 168 276 268 
Ind714 132 134 266 266 126 126 277 274 134 140 245 247 172 180 169 112 168 168 268 268 
Ind715 138 140 268 266 128 126 274 274 140 140 251 255 188 186 114 169 177 171 172 268 
Ind716 144 132 266 266 128 122 274 274 140 146 247 259 182 184 169 171 172 169 280 172 
Ind717 142 132 266 266 126 122 274 274 140 155 241 241 184 182 169 169 170 185 270 174 
Ind718 142 138 268 266 128 124 274 277 140 140 269 231 174 180 169 169 173 170 176 176 
Ind719 134 134 268 266 128 124 277 274 140 140 269 235 178 174 169 167 173 171 176 172 
Ind720 138 144 266 266 128 126 274 274 143 140 243 247 168 176 116 114 173 170 270 276 
Ind721 132 132 266 266 122 130 274 277 140 146 237 243 178 174 112 112 169 172 268 178 
Ind722 134 134 266 268 128 124 274 274 155 146 241 273 172 190 169 167 171 174 268 172 
Ind723 132 138 266 266 128 126 274 274 143 140 235 235 180 174 112 112 187 169 276 172 
Ind724 128 134 268 266 124 128 274 274 146 143 241 241 178 170 169 169 168 174 276 270 
Ind725 132 142 266 266 124 122 274 274 134 140 241 255 184 172 112 114 171 173 178 278 
Ind726 136 134 266 266 124 124 277 274 146 146 253 241 176 186 114 169 176 168 190 268 
Ind727 140 132 266 266 130 126 274 274 143 143 241 251 176 168 110 169 172 170 276 280 
Ind728 152 142 266 266 128 126 274 277 146 146 241 243 186 180 167 112 170 170 270 178 
Ind729 140 134 268 266 124 124 274 274 146 146 235 269 154 180 167 163 169 174 268 190 
Ind730 132 148 266 266 124 128 274 277 143 140 235 243 172 174 167 173 168 177 276 170 
Ind731 140 132 266 266 122 124 274 277 143 137 243 241 172 182 169 114 170 172 276 172 
Ind732 138 132 266 266 126 130 274 274 140 146 269 253 178 178 112 112 166 170 276 182 
Ind733 152 132 266 268 124 130 277 274 143 143 243 243 172 176 167 112 175 169 280 268 
Ind734 130 138 266 266 128 124 274 277 158 146 243 241 176 184 114 110 173 170 174 278 
Ind735 134 134 268 266 124 130 274 274 140 143 239 235 176 176 173 169 169 172 276 176 
Ind736 132 144 266 266 130 126 274 274 161 140 243 239 182 180 112 114 168 170 172 276 
Ind737 132 144 266 266 126 126 274 274 134 140 241 239 180 180 112 114 168 170 278 276 
Ind738 134 134 268 266 130 126 274 277 134 146 245 243 180 176 112 112 168 170 176 170 
Ind739 144 134 266 266 126 126 274 274 143 140 251 251 178 184 167 167 187 170 172 276 
Ind740 140 172 266 266 128 128 274 274 140 140 247 249 172 178 167 169 168 169 276 268 
Ind741 138 140 266 266 130 126 274 274 134 140 231 243 174 188 169 114 177 170 170 176 
Ind742 140 140 266 266 128 126 274 274 134 140 259 243 174 188 169 114 187 170 170 176 
Ind743 144 132 266 266 130 126 274 274 140 146 241 255 172 154 169 167 187 171 174 172 
Ind744 140 132 266 266 130 126 274 274 140 146 241 241 170 180 112 114 170 177 276 280 
Ind745 144 132 266 266 126 128 274 277 143 137 243 241 178 182 116 167 177 168 170 188 
Ind746 132 134 266 266 126 126 277 274 143 119 243 241 162 184 169 112 172 179 270 170 
Ind747 142 142 266 266 132 130 274 274 146 146 261 273 176 184 169 169 170 168 172 176 
Ind748 142 142 266 266 132 126 274 277 140 176 235 229 176 180 169 114 172 168 280 278 
Ind749 140 142 266 266 130 130 274 274 146 146 261 273 178 184 169 169 172 168 172 176 
Ind750 134 140 266 266 124 134 274 274 143 143 247 253 168 180 112 112 167 171 172 280 
Ind751 136 134 268 266 122 128 274 277 146 140 235 235 178 178 175 167 172 169 174 276 
Ind752 144 134 266 266 128 130 274 274 152 152 245 243 178 178 112 175 172 168 272 176 
Ind753 132 140 266 266 126 126 277 274 140 119 249 247 172 178 169 169 193 172 170 178 
Ind754 132 136 266 266 124 130 277 274 146 146 259 247 170 176 175 167 170 170 170 280 
Ind755 136 134 266 266 128 126 274 274 146 149 241 241 170 166 110 112 170 169 276 172 
Ind756 140 140 266 266 126 130 274 274 146 140 255 251 170 180 114 108 170 168 280 268 
Ind757 132 136 268 268 128 128 274 277 146 146 235 257 190 180 171 177 181 170 174 176 
Ind758 134 138 266 266 130 126 277 274 140 140 253 259 182 168 169 167 174 181 280 276 
Ind759 134 132 266 266 124 128 274 274 119 149 243 269 178 178 167 112 171 187 176 176 
Ind760 132 144 266 266 122 124 274 277 143 155 243 257 176 174 112 175 169 169 280 270 
Ind761 132 130 266 266 126 124 274 274 137 146 243 255 176 184 165 110 171 167 272 276 
Ind762 128 128 266 266 128 130 277 277 149 113 241 243 172 172 169 112 169 171 176 268 
Ind763 136 130 266 266 130 128 277 274 146 140 241 241 176 190 169 169 181 170 174 172 
Ind764 132 138 266 266 124 130 274 274 146 134 241 241 180 178 112 116 170 166 276 170 
Ind765 134 132 266 266 122 122 274 274 119 143 243 235 172 178 114 169 173 172 270 178 
Ind766 134 138 266 266 124 130 277 274 134 146 265 249 188 182 165 112 172 170 276 170 
Ind767 134 134 266 266 124 126 274 274 134 146 255 251 174 176 112 108 174 167 268 172 
Ind768 138 134 266 266 126 130 274 274 143 140 241 235 154 174 114 167 170 170 170 176 
Ind769 128 132 266 266 130 128 274 274 146 134 243 241 180 184 169 114 175 166 170 276 
Ind770 136 132 266 266 124 128 277 277 146 119 241 243 154 172 112 112 170 169 188 176 
Ind771 132 132 266 266 126 126 277 277 146 158 243 247 172 170 167 167 170 167 172 268 
Ind772 140 138 268 266 130 128 274 274 140 143 257 243 178 178 114 167 169 177 280 170 
Ind773 150 138 266 266 124 126 274 274 146 146 267 241 162 180 110 116 172 167 278 276 
Ind774 134 138 268 266 128 128 274 274 140 146 289 243 184 178 169 112 177 170 270 268 
Ind775 168 132 266 266 122 122 274 274 146 146 241 245 178 168 112 112 170 169 170 280 
Ind776 132 138 268 266 128 124 274 274 140 146 239 261 172 182 169 167 170 172 284 180 
Ind777 134 134 268 266 124 124 274 274 134 134 267 269 180 176 112 177 170 173 268 176 
Ind778 132 140 268 266 126 126 274 274 146 146 255 255 176 172 171 169 168 174 268 190 
Ind779 138 140 266 266 124 124 274 274 140 143 235 247 188 172 171 114 171 173 280 278 
Ind780 136 134 266 268 126 126 274 274 119 146 245 267 168 182 167 169 167 169 276 176 
Ind781 134 138 266 266 126 126 274 274 143 149 251 235 170 176 171 169 168 174 276 274 
Ind782 136 142 266 266 128 128 274 277 155 143 257 255 176 178 169 167 169 174 274 172 
Ind783 140 132 268 266 124 130 274 274 146 119 247 239 188 178 112 171 170 172 276 276 
Ind784 140 132 268 266 124 130 274 274 140 119 247 239 188 178 167 171 170 172 182 276 
Ind785 140 140 268 266 128 126 274 274 146 140 247 241 188 188 112 167 170 170 276 276 
Ind786 140 134 266 266 130 124 274 274 134 134 243 251 172 192 112 169 171 187 276 178 
Ind787 132 132 266 266 122 124 277 277 143 143 241 241 184 180 167 169 171 179 270 174 
Ind788 132 138 266 266 124 130 274 274 134 146 269 249 180 162 167 116 179 167 172 270 
Ind789 132 138 266 266 130 130 277 274 134 146 259 249 178 162 169 116 170 167 172 270 
Ind790 138 138 266 266 124 130 277 274 134 146 269 249 180 162 167 116 170 167 174 270 
Ind791 140 132 266 266 124 128 274 274 137 143 243 245 172 180 169 169 168 169 278 268 
Ind792 128 140 266 266 130 126 277 266 146 161 245 243 174 174 112 167 175 171 278 276 
Ind793 146 128 266 266 128 130 274 274 146 146 251 241 168 170 112 165 172 170 178 176 
Ind794 152 130 266 266 122 132 274 274 143 143 235 235 172 180 169 112 170 173 174 274 
Ind795 138 142 266 266 124 128 274 274 146 176 241 245 168 182 171 167 175 177 278 278 
Ind796 152 138 266 266 126 128 274 274 134 143 235 235 182 178 112 112 169 172 168 174 
Ind797 132 142 266 266 126 124 274 277 146 146 241 239 170 180 114 167 169 171 170 176 
Ind798 142 132 266 268 130 128 277 274 146 134 255 257 176 168 112 112 168 169 182 190 
Ind799 136 142 266 266 126 128 274 274 146 143 241 241 160 184 173 167 169 172 270 176 
Ind800 144 132 266 266 128 128 274 274 146 149 235 239 182 190 112 169 171 170 280 270 
Ind801 144 132 266 266 122 128 274 274 140 149 235 239 182 190 112 169 171 170 278 270 
Ind802 144 128 266 266 128 124 274 274 146 134 235 247 182 176 110 114 171 168 278 270 
Ind803 132 138 266 266 130 124 274 274 146 137 241 241 168 176 169 165 168 170 280 190 
Ind804 142 134 266 266 124 126 274 274 146 146 259 235 178 176 171 169 173 168 272 276 
Ind805 144 134 266 266 128 128 274 274 146 146 235 241 178 172 116 163 172 172 268 276 
Ind806 144 134 266 266 124 124 277 274 143 155 243 253 186 168 112 169 172 167 172 276 
Ind807 140 132 266 266 122 128 274 274 161 146 229 241 178 182 112 167 175 168 172 270 
Ind808 134 134 266 266 122 124 274 277 134 143 231 255 172 172 167 110 173 168 178 280 
Ind809 132 132 266 266 122 126 274 274 146 134 251 251 174 176 112 112 173 171 172 172 
Ind810 132 138 266 266 130 128 274 277 143 134 241 241 174 172 112 112 170 171 172 270 
Ind811 134 132 266 266 126 126 274 277 149 143 247 241 180 184 114 167 171 173 176 174 
Ind812 132 128 266 268 122 130 274 274 134 152 249 253 178 184 167 114 169 166 280 284 
Ind813 134 144 266 266 128 124 274 274 140 155 241 241 186 178 169 167 168 179 282 276 
Ind814 134 132 266 266 124 130 274 274 134 146 243 253 174 180 110 114 170 170 280 268 
Ind815 132 138 266 266 132 126 274 274 152 140 247 261 182 168 165 169 173 172 284 276 
Ind816 140 138 266 266 132 126 274 274 146 140 247 261 174 168 165 169 173 172 270 276 
Ind817 140 134 266 266 122 126 274 274 146 140 243 259 178 178 112 171 171 169 176 276 
Ind818 134 132 266 266 128 128 274 277 146 149 265 243 174 174 167 169 169 170 176 280 
Ind819 132 134 266 266 126 124 274 277 146 134 235 243 186 172 118 112 168 169 276 292 
Ind820 134 134 268 266 132 116 274 274 146 143 243 241 182 186 112 112 169 169 172 176 
Ind821 138 144 266 266 128 122 274 274 146 134 251 249 180 174 112 173 172 168 280 276 
Ind822 134 134 266 268 126 126 277 274 113 146 255 253 180 172 173 112 172 177 176 268 
Ind823 134 138 268 266 126 124 274 277 146 146 243 243 174 184 112 169 169 177 178 280 
Ind824 132 134 266 266 126 124 274 274 140 170 251 253 170 178 114 112 168 170 180 276 
Ind825 132 138 266 266 124 128 277 274 146 146 239 243 180 176 110 110 169 167 270 272 
Ind826 142 134 266 266 124 128 277 274 146 143 241 241 192 166 112 169 175 170 276 270 
Ind827 138 134 266 266 128 124 277 274 146 146 259 249 184 176 110 112 175 169 276 276 
Ind828 134 134 266 266 126 124 274 274 146 146 251 249 184 176 171 112 174 169 276 276 
Ind829 138 140 266 266 122 130 274 274 158 149 267 243 174 176 112 110 172 177 176 270 
Ind830 132 144 266 266 128 126 274 274 146 119 267 247 180 172 112 169 170 177 280 268 
Ind831 144 132 266 266 126 126 274 274 146 146 247 243 188 186 169 169 173 169 182 272 
Ind832 140 142 266 266 126 130 274 274 140 143 241 243 172 186 167 163 172 171 172 270 
Ind833 128 134 266 268 122 124 274 274 146 140 261 243 178 166 114 114 172 189 278 274 
Ind834 144 134 268 266 126 126 274 274 146 146 257 243 168 186 110 169 168 168 276 276 
Ind835 134 140 268 266 124 122 274 274 143 134 235 257 190 184 167 114 170 172 176 280 
Ind836 138 132 266 266 128 130 274 277 134 143 251 235 180 182 112 110 177 167 274 276 
Ind837 144 128 266 266 128 128 274 274 143 146 241 247 172 194 167 171 171 172 268 280 
Ind838 132 138 266 266 124 130 274 274 143 146 241 243 184 180 169 112 171 173 268 276 
Ind839 136 132 268 266 122 128 274 274 137 146 243 243 172 178 171 175 173 170 280 268 
Ind840 138 138 266 266 128 128 277 274 134 146 231 247 192 190 169 167 175 171 276 176 
Ind841 132 134 266 268 126 130 274 274 113 149 247 243 178 180 171 167 170 170 268 268 
Ind842 132 132 266 266 126 126 274 274 146 146 247 243 170 168 169 167 170 181 280 174 
Ind843 144 132 266 266 126 124 274 274 140 161 241 241 174 176 165 112 168 169 176 182 
Ind844 132 132 266 266 128 128 274 266 140 146 251 269 176 176 165 114 172 168 280 170 
Ind845 140 132 266 266 128 128 274 266 140 146 251 269 170 176 112 114 177 168 268 170 
Ind846 140 132 266 266 124 122 277 274 158 149 235 263 178 180 167 169 172 173 178 274 
Ind847 140 132 266 266 124 122 277 274 143 149 235 263 182 180 106 169 171 173 178 274 
Ind848 134 144 268 266 122 126 274 274 146 146 243 247 168 170 114 171 172 168 168 172 
Ind849 134 132 266 266 122 132 274 277 140 140 231 243 184 168 169 112 168 175 268 268 
Ind850 128 128 268 266 124 130 274 277 140 143 235 269 178 172 169 167 172 168 176 192 
Ind851 144 134 266 266 126 128 274 274 146 134 239 255 178 174 110 114 168 170 280 190 
Ind852 134 144 266 268 128 126 277 274 140 146 259 247 174 172 114 167 170 169 280 280 
Ind853 132 138 268 266 126 128 274 274 146 140 251 241 174 182 116 169 169 175 268 178 
Ind854 134 130 266 266 126 122 274 266 149 143 255 247 176 180 114 169 167 175 176 270 
Ind855 134 130 268 266 126 126 277 277 146 146 279 251 178 172 114 167 170 179 276 170 
Ind856 132 140 266 266 130 128 274 274 146 143 235 231 186 172 112 112 170 174 278 280 
Ind857 134 132 266 266 126 128 274 274 146 134 269 257 174 182 169 167 175 177 278 270 
Ind858 144 146 266 266 124 128 274 277 140 146 235 257 170 168 169 169 168 170 276 280 
Ind859 140 132 266 266 130 128 274 277 146 161 255 253 170 168 169 165 168 169 174 270 
Ind860 136 138 266 266 130 128 274 274 113 143 243 243 188 196 171 114 175 170 270 276 
Ind861 128 134 266 266 126 130 274 277 146 143 235 241 176 174 112 112 169 170 276 174 
Ind862 136 134 266 266 132 122 274 274 146 143 255 247 176 174 169 167 169 170 276 268 
Ind863 134 130 268 266 126 130 274 274 155 146 241 251 182 176 112 110 166 171 276 178 
Ind864 144 132 266 266 124 124 277 277 143 146 243 243 180 170 169 114 168 177 176 172 
Ind865 134 140 266 266 130 122 277 274 143 146 241 241 174 186 114 175 167 175 280 276 
Ind866 134 140 266 266 126 122 277 274 143 146 241 241 174 186 114 175 168 175 280 276 
Ind867 138 142 268 266 130 124 274 274 143 146 247 241 172 192 165 112 185 171 172 278 
Ind868 134 136 268 268 126 130 277 274 137 146 243 241 176 172 110 173 169 166 180 276 
Ind869 138 134 266 266 128 128 274 274 149 143 249 259 176 174 118 114 169 172 170 268 
Ind870 134 140 266 266 126 126 277 274 134 146 245 239 170 184 112 169 171 170 174 276 
Ind871 134 138 266 266 124 128 274 274 140 134 267 243 176 168 110 169 179 177 268 172 
Ind872 134 134 266 266 124 124 277 274 140 149 241 243 168 174 110 110 179 171 170 172 
Ind873 132 136 266 266 124 130 274 277 143 134 255 251 174 186 169 169 173 169 268 270 
Ind874 132 146 266 268 132 126 274 274 143 134 253 243 174 184 167 167 173 170 214 276 
Ind875 144 134 266 266 124 128 274 274 146 119 231 241 174 186 112 116 172 168 172 276 
Ind876 140 132 266 266 128 124 274 274 146 146 245 243 180 186 167 116 179 168 274 284 
Ind877 140 132 266 266 128 124 274 274 146 146 241 243 178 186 112 116 170 168 170 284 
Ind878 138 134 266 266 126 124 274 277 143 146 269 241 172 184 112 112 172 176 172 172 
Ind879 140 134 268 266 122 126 274 274 146 146 241 243 188 170 114 171 171 193 276 276 
Ind880 134 134 266 266 122 122 274 277 149 140 243 241 170 178 169 167 168 169 176 190 
Ind881 134 140 266 266 128 122 277 277 140 146 243 241 172 168 112 167 185 167 178 268 
Ind882 144 134 266 266 132 126 274 277 146 143 235 243 172 168 169 110 175 187 172 270 
Ind883 144 134 266 266 126 124 277 274 146 146 247 255 166 180 167 169 177 168 276 178 
Ind884 132 134 266 268 124 128 274 274 140 134 251 239 188 168 112 110 167 166 170 272 
Ind885 132 134 266 268 128 128 274 274 140 134 255 239 178 168 114 110 167 166 170 272 
Ind886 148 144 266 266 126 130 277 274 146 119 241 243 182 188 167 114 172 170 276 172 
Ind887 134 136 266 266 124 124 277 274 146 143 251 257 178 168 169 114 172 168 268 270 
Ind888 136 134 266 266 124 128 277 274 146 143 245 231 176 178 112 112 169 168 170 276 
Ind889 134 134 266 266 122 124 277 274 146 134 259 241 168 180 177 114 168 167 276 278 
Ind890 140 134 266 266 124 124 277 274 146 134 255 241 188 180 116 114 170 167 170 278 
Ind891 134 128 268 266 124 122 277 274 146 146 241 267 178 186 116 169 170 169 274 274 
Ind892 134 144 266 266 130 130 277 274 146 146 251 251 188 176 169 167 167 168 280 280 
Ind893 134 132 266 266 124 126 274 274 146 137 261 241 168 180 112 112 173 170 268 176 
Ind894 132 128 266 266 130 128 277 274 146 140 255 235 168 174 112 112 170 177 268 172 
Ind895 132 130 266 268 128 126 274 274 146 146 243 247 176 182 169 167 169 169 276 172 
Ind896 132 148 268 266 126 128 274 274 146 146 243 247 176 168 112 114 168 187 268 178 
Ind897 144 144 266 266 126 130 274 274 149 143 247 245 186 180 169 114 168 168 268 170 
Ind898 140 136 266 266 122 124 277 277 140 119 251 273 176 180 169 167 169 177 268 168 
Ind899 138 142 266 266 126 128 277 274 146 146 243 253 176 176 114 112 185 171 270 176 
Ind900 134 140 266 266 126 130 274 274 146 146 247 243 168 170 167 167 170 169 178 268 
Ind901 134 140 266 266 126 130 274 274 140 146 241 243 168 170 167 167 170 169 182 268 
Ind902 136 140 266 266 126 130 277 274 140 146 247 243 168 170 167 167 193 169 182 268 
Ind903 134 140 266 266 126 130 274 274 140 146 241 243 178 170 112 167 170 169 178 268 
Ind904 134 134 266 266 124 128 277 274 119 146 255 251 182 184 114 169 170 174 172 172 
Ind905 138 136 266 266 122 124 274 274 146 146 247 269 174 172 169 169 169 168 176 268 
Ind906 134 144 266 266 132 122 274 277 140 134 251 243 176 178 165 112 168 174 192 272 
Ind907 138 132 266 266 128 124 274 277 146 158 243 235 170 176 112 167 179 173 268 170 
Ind908 136 132 266 266 128 124 274 277 140 158 243 235 170 176 112 167 179 173 168 170 
Ind909 128 132 266 266 132 124 277 274 134 155 243 241 178 176 169 169 169 175 214 192 
Ind910 132 144 266 268 124 126 277 274 143 146 247 257 178 186 169 171 169 170 188 268 
Ind911 134 134 268 266 126 124 277 274 146 137 249 241 172 176 112 110 179 174 268 176 
Ind912 134 138 266 266 122 130 274 274 176 146 233 259 172 180 169 114 173 170 266 172 
Ind913 132 142 266 266 130 126 274 277 161 146 243 247 182 180 169 167 175 170 176 174 
Ind914 132 138 266 266 130 130 274 274 149 137 235 243 182 184 169 167 175 172 176 176 
Ind915 140 138 266 268 126 124 274 274 146 164 235 247 180 176 110 112 170 169 280 274 
Ind916 140 138 266 268 130 124 274 274 146 164 243 247 180 176 167 112 173 169 270 274 
Ind917 132 142 266 266 130 130 274 274 146 146 235 251 180 172 167 112 170 170 280 180 
Ind918 132 138 268 268 130 124 274 274 146 164 243 247 180 176 167 112 173 169 280 274 
Ind919 132 134 266 266 124 122 274 274 146 146 235 245 178 186 114 110 169 170 172 170 
Ind920 140 138 266 266 124 124 274 277 143 146 241 241 176 180 169 112 169 179 170 272 
Ind921 140 144 266 266 116 124 274 274 134 143 249 241 176 172 114 165 177 168 174 280 
Ind922 144 134 266 266 130 126 274 274 146 146 251 241 172 182 167 112 175 170 268 172 
Ind923 146 132 266 266 124 126 277 274 146 140 241 255 182 174 169 169 187 168 270 172 
Ind924 140 144 268 266 130 124 277 274 143 146 255 241 190 172 163 112 175 170 294 272 
Ind925 136 140 266 266 124 126 277 274 146 149 251 241 180 178 114 169 187 168 178 268 
Ind926 142 128 268 266 132 122 274 274 152 146 235 257 168 170 112 112 187 170 170 180 
Ind927 142 134 268 266 126 128 274 274 140 146 243 235 178 172 112 116 167 175 276 176 
Ind928 142 134 266 266 126 128 274 274 140 146 235 235 176 172 112 116 169 175 276 176 
Ind929 132 138 266 266 128 128 274 274 140 140 243 239 178 178 167 169 169 169 268 270 
Ind930 136 134 268 266 130 128 277 274 143 140 247 243 178 184 114 171 168 170 276 192 
Ind931 136 142 268 266 130 124 277 274 146 146 255 239 178 174 114 112 168 169 176 170 
Ind932 140 132 266 266 128 124 274 274 134 146 259 241 170 176 169 112 170 170 176 268 
Ind933 132 144 266 266 128 124 274 274 146 140 241 245 170 180 112 167 177 170 280 172 
Ind934 138 144 266 266 126 126 274 277 146 143 247 243 178 172 167 114 173 174 170 170 
Ind935 138 144 266 266 130 126 274 277 146 143 247 243 178 172 167 114 173 174 170 170 
Ind936 132 134 266 266 126 130 274 274 146 146 255 245 178 168 114 173 171 169 174 186 
Ind937 136 134 266 266 126 124 277 274 140 134 255 243 168 178 116 112 170 181 172 190 
Ind938 152 134 266 268 126 128 274 274 134 143 241 261 176 176 114 112 169 187 270 276 
Ind939 160 134 268 266 126 132 274 277 140 140 241 247 172 184 112 169 170 179 268 268 
Ind940 140 134 266 266 126 122 274 274 140 143 257 231 178 176 110 169 169 170 176 280 
Ind941 140 134 266 266 128 122 274 274 146 143 257 231 168 176 110 169 169 170 176 280 
Ind942 144 128 268 266 126 128 277 274 134 146 243 241 180 174 167 116 170 170 172 182 
Ind943 140 142 266 266 122 124 274 277 167 140 241 269 182 182 171 112 170 168 172 170 
Ind944 144 132 266 268 130 130 274 277 146 146 239 243 178 176 110 110 170 173 268 280 
Ind945 134 132 266 266 124 128 277 274 146 143 247 235 178 182 169 171 168 167 276 172 
Ind946 136 132 266 266 130 126 274 274 143 149 235 241 188 180 112 169 167 168 272 270 
Ind947 136 140 266 266 124 124 274 274 143 149 235 241 188 172 112 169 167 170 268 172 
Ind948 144 142 266 266 122 122 274 274 146 143 241 241 176 174 112 167 173 169 276 280 
Ind949 134 138 268 266 130 122 277 274 134 143 251 243 164 184 167 114 181 170 172 276 
Ind950 132 132 266 266 126 128 274 277 140 161 241 243 182 180 112 110 179 171 172 168 
Ind951 144 132 266 266 126 128 274 277 143 161 241 243 182 180 169 110 179 171 170 168 
Ind952 134 132 266 266 126 130 274 274 134 146 269 233 180 176 114 169 172 173 176 268 
Ind953 134 132 266 266 126 130 277 274 149 146 269 233 174 176 114 169 168 173 170 268 
Ind954 132 134 266 266 130 122 274 277 146 155 247 255 188 170 108 114 173 177 176 176 
Ind955 132 134 266 266 130 122 274 277 146 155 247 255 188 170 169 114 169 177 170 176 
Ind956 132 134 266 266 126 126 274 274 143 143 243 241 178 176 167 116 170 171 180 276 
Ind957 132 134 266 266 128 126 274 274 146 146 235 241 184 178 110 167 187 173 278 172 
Ind958 138 134 266 266 124 126 277 274 143 140 251 247 172 172 114 114 170 170 268 280 
Ind959 134 134 266 266 126 126 274 274 119 140 259 247 172 172 114 114 170 170 170 280 
Ind960 138 134 266 266 124 124 274 277 137 155 261 243 184 180 163 167 169 172 280 174 
Ind961 130 130 266 266 128 124 274 274 146 140 245 241 172 178 114 167 169 170 280 280 
Ind962 128 132 266 266 128 128 277 277 146 140 241 235 180 176 165 173 179 177 170 276 
Ind963 132 132 266 266 124 128 277 277 146 140 241 235 180 176 116 173 179 177 170 276 
Ind964 136 134 268 266 126 122 277 274 134 146 235 241 168 154 169 110 168 171 176 174 
Ind965 144 142 266 268 126 126 274 274 143 140 249 237 190 170 112 169 167 187 268 274 
Ind966 140 140 266 266 128 124 274 274 146 125 247 241 170 178 114 112 170 193 276 174 
Ind967 140 138 266 266 126 124 274 274 164 137 263 243 180 168 114 114 168 170 168 172 
Ind968 134 138 266 266 126 124 274 274 164 137 243 243 180 168 169 114 168 170 268 172 
Ind969 144 142 266 266 124 130 274 274 143 137 251 253 182 178 112 171 168 168 178 268 
Ind970 132 132 268 266 128 126 274 274 134 158 243 251 178 166 167 108 173 169 192 170 
Ind971 134 138 266 266 130 128 274 274 140 152 235 247 170 170 167 167 169 175 278 268 
Ind972 140 144 266 266 130 128 274 274 140 146 243 243 168 182 171 110 170 169 278 176 
Ind973 134 134 266 266 128 130 274 274 146 137 247 239 166 176 167 167 169 170 170 268 
Ind974 132 142 268 266 126 126 274 274 155 143 249 253 172 178 112 112 168 187 270 268 
Ind975 140 142 268 266 128 126 274 274 155 143 231 253 178 178 114 112 168 187 270 268 
Ind976 132 136 266 266 124 130 277 277 143 134 247 245 178 182 167 167 170 168 268 268 
Ind977 142 132 266 266 130 124 274 274 143 134 247 241 182 174 112 114 171 170 268 274 
Ind978 140 132 268 266 122 132 274 274 134 137 241 235 170 166 173 167 174 187 276 268 
Ind979 142 140 266 266 126 124 277 277 146 119 247 241 178 182 173 169 171 170 170 174 
Ind980 142 140 266 266 128 124 277 277 146 119 247 241 170 182 165 169 168 170 170 174 
Ind981 132 132 266 266 124 124 274 277 134 149 259 247 170 184 112 167 170 171 268 176 
Ind982 142 134 268 266 124 126 274 274 140 146 251 243 172 176 165 114 181 177 174 176 
Ind983 144 140 266 266 124 124 274 274 161 137 241 229 172 184 108 169 181 170 174 174 
Ind984 138 142 266 266 128 128 274 274 146 146 263 243 176 188 175 114 170 168 176 276 
Ind985 134 134 268 266 130 116 274 277 146 143 243 243 174 180 171 112 175 171 276 276 
Ind986 134 134 268 266 132 116 277 277 146 143 241 243 174 180 112 112 175 171 276 276 
Ind987 140 132 266 266 128 128 274 274 140 140 249 243 184 168 163 167 172 172 276 280 
Ind988 134 144 266 266 124 124 274 274 146 113 263 251 188 182 112 110 177 170 170 172 
Ind989 132 144 266 266 124 124 274 274 146 113 263 251 172 182 112 110 177 170 276 172 
Ind990 142 134 266 266 128 130 274 274 146 143 243 241 178 176 167 171 169 172 170 170 
Ind991 138 132 266 266 122 126 274 274 146 149 267 247 176 180 177 114 168 172 170 272 
Ind992 140 128 266 266 116 126 274 274 140 146 243 263 176 168 108 114 169 169 270 280 
Ind993 144 128 266 266 116 126 274 274 134 146 243 263 176 168 169 114 167 169 270 280 
Ind994 134 144 266 266 124 124 274 277 140 152 243 249 182 172 114 114 170 176 266 276 
Ind995 140 144 266 266 128 124 277 277 134 152 243 249 182 172 114 114 170 176 170 276 
Ind996 132 134 266 266 128 122 274 274 146 140 247 243 174 172 114 112 172 168 282 172 
Ind997 134 134 268 266 126 122 274 277 140 149 243 255 176 178 167 169 169 170 276 170 
Ind998 132 132 266 266 122 124 274 274 146 143 243 241 172 172 112 167 187 170 276 268 
Ind999 134 134 266 266 126 124 274 277 146 146 243 235 176 168 169 112 168 169 276 174 
Ind1000 132 134 266 266 126 124 274 277 134 146 243 235 182 168 169 112 170 169 276 174 

0 0 !Probabilities that the father and mother of an offspring included in candidates
0 0 !Numbers of candidate males and females



0 0 !Number of known paternities

0 0 !Number of known maternities

0 !Number of known paternal sibships with unknown fathers

0  !Number of known maternal sibships with unknown mothers

0  !Number of offspring with known excluded paternity

0  !Number of offspring with known excluded maternity

0  !Number of offspring with known excluded paternal sibships

0  !Number of offspring with known excluded maternal sibships

