mixtus_pp0 ! C, Dataset name, Length<51
mixtus_pp0 ! C, Main output file name, Length<21
1000 ! I, Number of offspring in the sample
10 ! I, Number of loci
123 ! I, Seed for random number generator
0 ! B, 0/1=Not updating/updating allele frequency
2 ! 2/1=Dioecious/Monoecious
0 ! 0/1=No inbreeding/inbreeding
1 ! B, 0/1=Diploid species/HaploDiploid species
1 0 ! B, 0/1=Polygamy/Monogamy for males & females
0 ! 0/1=No clone inference/clone inference
0 ! 0/1=No scaling/sibship size scaling
0 0 0 ! B, R, R : Use sibship prior, Y/N=1/0. If Yes, give mean paternal, maternal sibship size
0 ! B, 0/1=Unknown/Known population allele frequency

1 ! I, Number of runs
3 ! I, Length of Run (1, 2, 3) = (Short, Medium, Long)
1 ! B, 0/1=Monitor method by Iterate#/Time in second
60 ! I, Monitor interval in Iterate#/Seconds
0 ! B, 0/1=Other platform/Windows execution
1 ! 1/0=Full-likelihood/pairwise-likelihood score method
3 ! 1/2/3=low/medium/high precision


BT10 BTMS0057 BTMS0086 BTMS0066 BTMS0062 BTMS0136 BTMS0126 BL13 BTMS0083 B126 !Marker IDs
0 0 0 0 0 0 0 0 0 0 !Marker types, 0/1=Codominant/Dominant
0 0 0 0 0 0 0 0 0 0 !Marker-specific allelic dropout rate
0 0 0 0 0 0 0 0 0 0 !Other marker-specific typing-error rate


Ind1 132 144 266 266 124 124 274 274 149 140 241 241 186 180 112 110 169 172 180 268 !Offspring ID and genotypes
Ind2 128 132 266 268 128 128 274 274 146 155 247 243 172 182 112 169 168 171 174 174 
Ind3 136 136 266 266 126 128 277 274 146 146 255 243 178 168 114 167 170 172 276 270 
Ind4 136 130 266 268 126 126 277 274 146 146 255 243 178 168 114 167 170 172 276 270 
Ind5 136 140 266 266 122 122 274 274 146 134 243 241 184 184 116 116 181 167 280 176 
Ind6 140 138 266 266 122 126 274 274 143 140 245 239 180 186 167 165 185 171 276 278 
Ind7 134 136 266 266 130 124 277 274 155 122 269 241 180 180 169 169 171 169 176 270 
Ind8 134 136 266 266 130 126 277 274 155 161 269 241 180 178 169 169 171 168 176 278 
Ind9 128 130 266 266 124 126 274 274 140 146 241 235 178 182 167 167 169 168 172 268 
Ind10 138 138 266 266 126 124 274 274 146 146 241 289 178 186 167 110 168 172 174 172 
Ind11 142 132 266 266 124 130 274 274 134 146 243 247 180 174 112 169 172 169 276 278 
Ind12 144 138 266 266 126 124 277 274 140 113 247 251 178 172 169 114 187 181 280 276 
Ind13 134 138 266 266 124 126 274 274 143 140 241 243 172 164 169 112 187 174 280 276 
Ind14 138 134 266 266 124 126 274 277 146 146 251 269 170 178 167 169 175 174 274 276 
Ind15 142 138 268 266 116 124 274 274 149 140 241 241 168 174 169 112 169 173 172 178 
Ind16 142 138 268 266 116 124 274 277 149 140 241 243 168 178 169 112 169 173 172 170 
Ind17 138 138 266 266 126 126 274 274 146 146 247 235 174 170 114 169 176 172 276 190 
Ind18 138 146 266 266 126 132 274 274 146 146 247 235 174 176 114 167 176 172 276 190 
Ind19 138 146 266 266 126 126 274 274 146 146 247 235 174 176 114 169 176 175 276 174 
Ind20 140 132 266 268 130 126 274 274 146 134 241 249 180 168 167 112 172 169 176 178 
Ind21 132 134 266 266 122 128 274 274 143 146 243 251 182 182 169 165 169 170 172 194 
Ind22 132 134 266 266 122 130 274 274 143 146 243 269 182 182 169 165 169 170 172 194 
Ind23 134 134 266 268 126 130 274 274 134 146 251 289 170 176 171 114 170 169 272 170 
Ind24 134 134 266 268 126 130 274 274 134 146 251 289 170 176 171 114 170 169 272 270 
Ind25 132 140 268 266 130 128 277 274 146 143 243 241 188 180 116 169 171 189 270 270 
Ind26 130 144 266 266 128 122 277 274 113 143 289 235 172 164 169 167 173 179 176 172 
Ind27 134 142 266 266 124 122 274 274 146 143 249 241 182 186 171 169 170 172 276 268 
Ind28 134 132 266 266 124 130 274 277 146 143 249 247 182 182 171 112 170 169 276 268 
Ind29 134 142 266 266 124 130 274 274 146 143 249 241 182 186 171 169 170 172 276 176 
Ind30 134 144 266 268 124 128 274 274 149 146 241 241 170 174 169 167 172 170 172 274 
Ind31 136 134 268 266 130 130 274 274 146 158 243 235 170 178 171 112 168 168 276 170 
Ind32 132 152 266 266 126 124 277 274 140 140 249 241 188 172 112 114 168 168 168 170 
Ind33 144 134 266 266 122 126 274 274 134 143 257 237 170 170 167 116 170 170 172 280 
Ind34 144 132 266 266 122 130 274 274 134 146 257 237 170 170 167 114 170 187 172 278 
Ind35 144 134 266 266 122 126 274 274 134 146 257 253 170 180 167 116 170 170 172 278 
Ind36 144 132 266 266 122 126 274 274 134 146 257 253 170 180 167 114 170 170 172 278 
Ind37 140 140 266 266 128 122 274 274 182 182 251 253 178 168 110 112 170 170 174 276 
Ind38 140 138 266 266 128 130 274 274 182 182 251 253 178 168 110 112 170 170 174 276 
Ind39 134 134 266 266 126 130 274 274 140 146 235 243 178 182 114 112 170 170 270 170 
Ind40 140 134 268 266 124 124 277 277 146 146 243 257 182 178 112 167 170 170 276 170 
Ind41 134 136 268 266 122 122 274 277 140 155 241 243 178 180 171 169 170 174 268 276 
Ind42 138 132 266 268 126 126 274 274 155 146 247 247 176 170 167 165 168 172 268 278 
Ind43 138 132 266 266 126 130 274 274 155 146 247 247 176 180 167 165 168 176 268 280 
Ind44 144 144 266 266 126 126 274 274 146 143 243 239 176 172 112 167 171 185 170 176 
Ind45 132 132 268 266 122 128 274 274 143 140 263 249 174 176 169 114 170 168 172 172 
Ind46 132 132 268 266 122 128 274 274 143 140 263 243 174 180 169 114 170 172 172 172 
Ind47 132 132 268 266 122 124 274 274 143 149 263 243 174 180 169 114 170 168 172 172 
Ind48 132 134 268 266 124 128 277 274 143 140 245 241 170 172 167 169 174 169 172 176 
Ind49 134 132 268 266 126 130 274 274 140 113 243 265 168 154 112 169 168 168 276 270 
Ind50 134 132 266 266 124 130 274 274 119 146 243 241 174 166 171 112 170 168 170 174 
Ind51 142 132 266 266 126 126 274 277 146 143 235 247 180 182 169 112 195 168 280 176 
Ind52 134 130 266 266 128 130 274 277 125 146 253 241 178 180 112 177 172 169 268 172 
Ind53 138 134 268 266 124 122 274 274 146 137 243 241 180 180 169 114 170 174 270 168 
Ind54 130 142 266 266 124 126 277 274 146 137 259 231 176 188 112 114 170 168 268 276 
Ind55 132 132 266 266 128 126 274 274 146 113 255 241 176 178 112 116 171 175 268 268 
Ind56 134 134 266 266 130 128 274 277 140 143 245 231 180 178 112 167 170 170 268 278 
Ind57 138 138 266 268 126 124 274 274 149 146 241 239 170 176 114 177 168 172 176 176 
Ind58 134 132 266 266 128 124 274 274 143 149 243 273 170 176 167 112 170 168 276 276 
Ind59 134 136 268 266 130 130 277 274 146 119 255 247 170 180 114 112 166 173 278 170 
Ind60 134 144 266 266 122 130 274 277 149 119 241 241 178 180 169 167 168 173 276 276 
Ind61 134 144 266 266 122 126 274 277 149 119 241 241 178 180 169 167 168 173 276 276 
Ind62 142 142 266 266 126 128 274 277 140 134 255 251 168 180 169 165 170 168 178 174 
Ind63 132 138 266 266 128 128 277 274 143 146 243 255 184 180 110 169 172 167 276 182 
Ind64 144 132 266 266 126 126 277 274 134 143 243 241 182 180 112 171 168 170 282 268 
Ind65 130 136 266 268 128 122 274 274 140 137 243 241 176 178 167 112 172 166 268 176 
Ind66 130 136 266 268 128 122 274 274 140 137 243 241 176 178 167 112 172 166 268 276 
Ind67 136 132 266 266 130 126 274 274 158 143 235 249 186 174 165 116 172 169 172 270 
Ind68 146 140 268 266 124 126 277 274 140 134 255 277 182 180 112 114 173 177 194 268 
Ind69 132 130 266 266 130 126 277 277 140 134 235 257 188 170 110 167 177 170 172 268 
Ind70 132 134 268 268 130 126 274 274 143 146 247 243 172 184 169 167 168 169 278 170 
Ind71 134 140 268 266 128 130 274 274 146 140 239 247 186 172 118 167 168 181 174 268 
Ind72 132 132 266 266 128 126 277 274 140 140 261 241 176 174 167 110 173 168 176 176 
Ind73 132 138 266 266 128 126 277 274 140 143 261 241 176 178 167 169 173 169 176 176 
Ind74 144 132 266 266 132 126 274 274 140 134 253 251 178 180 114 108 173 170 270 172 
Ind75 138 134 266 266 126 126 277 274 113 146 255 239 172 182 167 167 175 170 270 176 
Ind76 132 132 266 266 124 128 277 274 146 143 259 245 168 170 169 165 170 169 278 172 
Ind77 172 134 268 266 126 128 274 274 146 146 241 235 174 182 112 112 171 175 168 170 
Ind78 130 138 266 266 124 126 277 274 146 140 243 247 172 176 169 173 168 168 182 174 
Ind79 140 130 266 266 126 116 274 277 134 152 269 251 178 168 108 171 179 169 270 172 
Ind80 132 140 268 266 124 124 274 274 146 146 241 241 172 172 112 108 174 169 176 174 
Ind81 136 132 268 266 126 132 274 274 143 146 235 249 176 184 114 112 170 187 174 170 
Ind82 134 132 266 266 128 126 274 274 122 137 257 245 174 178 112 114 168 168 270 276 
Ind83 136 136 268 266 124 128 277 274 119 140 235 269 174 174 167 114 195 193 278 268 
Ind84 136 138 266 266 128 122 277 277 167 146 267 255 176 190 165 169 171 166 276 168 
Ind85 136 142 268 266 128 130 274 274 134 146 241 255 182 176 114 112 170 181 172 170 
Ind86 136 142 268 268 128 130 274 274 134 146 241 255 182 176 114 167 170 181 172 170 
Ind87 136 142 268 266 128 130 274 274 134 146 241 255 182 182 114 112 170 168 172 170 
Ind88 136 134 268 266 126 126 274 277 146 158 243 247 184 186 112 167 168 170 280 176 
Ind89 136 144 268 268 126 126 274 274 146 140 243 229 184 186 112 171 168 170 280 268 
Ind90 144 134 266 266 126 132 277 274 146 134 241 243 172 174 110 167 170 181 276 280 
Ind91 132 138 266 266 130 122 274 274 146 143 255 241 178 178 171 112 168 173 174 172 
Ind92 134 134 266 268 124 126 274 274 113 158 241 243 178 168 169 171 168 169 170 170 
Ind93 132 132 266 266 124 126 274 274 146 143 243 241 178 182 114 112 167 166 172 174 
Ind94 132 144 266 266 124 124 274 277 146 146 243 255 178 182 114 169 167 166 172 276 
Ind95 138 140 266 266 124 124 274 274 140 140 247 247 176 170 114 171 172 170 276 172 
Ind96 136 132 266 266 128 124 274 277 146 146 255 235 174 178 112 169 175 168 268 172 
Ind97 136 144 266 266 128 122 274 274 146 146 255 235 174 186 112 165 175 168 268 278 
Ind98 150 140 266 268 128 126 277 274 155 119 237 269 176 176 112 114 167 174 280 276 
Ind99 136 132 266 268 126 128 274 274 140 146 241 241 178 174 167 114 173 170 276 170 
Ind100 134 138 268 266 130 124 274 277 140 134 241 249 176 178 167 112 172 170 176 268 
Ind101 134 138 268 266 130 124 274 277 140 134 241 249 176 178 167 167 172 175 176 176 
Ind102 134 138 268 266 130 126 274 277 140 140 241 249 176 178 167 112 172 170 176 268 
Ind103 130 134 266 266 126 124 274 274 143 146 241 247 188 184 167 112 170 168 278 170 
Ind104 136 136 266 266 124 124 274 274 134 152 241 243 192 176 169 163 175 170 276 178 
Ind105 136 136 266 266 124 122 274 274 134 152 241 243 192 176 169 163 175 168 276 178 
Ind106 128 138 268 266 122 124 274 274 146 140 231 249 174 178 171 114 170 175 276 270 
Ind107 140 132 268 266 130 132 277 277 146 146 243 251 178 170 171 173 170 170 180 276 
Ind108 134 134 268 268 130 126 274 274 146 146 251 231 170 172 169 167 169 169 268 178 
Ind109 134 132 266 266 124 130 274 274 146 146 243 243 176 174 112 167 168 168 280 280 
Ind110 144 144 266 266 124 130 277 274 146 140 235 241 186 170 112 165 173 167 170 182 
Ind111 138 140 266 266 126 124 274 277 143 140 243 255 170 184 169 116 168 176 176 172 
Ind112 138 140 266 266 126 126 274 277 143 149 243 255 170 174 169 167 168 168 176 172 
Ind113 138 140 266 266 126 126 274 277 143 140 243 255 170 174 169 167 168 176 176 276 
Ind114 142 134 266 266 124 128 277 274 134 146 243 239 186 174 167 112 170 172 276 276 
Ind115 132 172 266 268 122 122 277 274 140 143 243 253 176 186 169 112 170 175 280 170 
Ind116 138 134 268 268 124 128 274 274 146 149 247 235 176 184 173 167 177 167 278 276 
Ind117 144 134 268 266 124 126 277 274 161 143 241 241 174 176 167 165 170 177 172 172 
Ind118 130 144 266 266 126 124 274 277 146 140 247 241 172 188 167 167 171 171 268 270 
Ind119 132 134 266 266 126 124 274 277 143 146 243 255 180 170 169 114 168 179 172 172 
Ind120 128 132 266 266 128 122 274 274 146 140 239 233 178 172 112 112 170 172 270 176 
Ind121 134 140 266 268 124 124 277 274 143 134 243 243 172 172 112 169 173 168 168 170 
Ind122 144 134 266 268 130 122 274 274 143 146 241 241 178 178 169 171 168 169 268 276 
Ind123 134 134 266 266 126 126 277 274 146 113 235 255 194 178 112 167 174 173 268 274 
Ind124 140 134 266 268 122 128 277 277 143 146 243 251 182 176 165 112 169 171 178 176 
Ind125 132 138 266 266 124 126 274 274 149 134 253 243 182 178 165 169 170 172 170 276 
Ind126 128 162 266 266 132 128 274 274 146 140 241 245 188 178 167 171 185 168 170 178 
Ind127 136 132 266 266 126 128 274 277 146 143 243 267 188 182 171 169 168 173 168 278 
Ind128 136 134 266 266 126 124 274 277 146 137 243 241 188 174 171 169 168 173 168 278 
Ind129 136 132 266 266 126 124 274 277 146 137 243 267 188 174 171 169 168 173 168 278 
Ind130 134 138 266 266 130 126 274 277 143 143 247 243 178 180 112 110 168 168 276 268 
Ind131 134 140 266 266 130 126 274 277 143 134 247 243 178 180 112 110 168 168 276 172 
Ind132 136 138 268 266 122 132 274 277 146 134 243 243 182 172 112 112 171 177 276 270 
Ind133 132 144 266 266 122 128 277 277 146 146 269 251 180 192 169 112 168 170 270 176 
Ind134 146 140 268 266 124 128 274 274 146 146 235 241 188 178 167 112 172 174 270 170 
Ind135 140 144 266 266 130 130 274 274 140 146 247 231 174 182 110 165 168 177 172 268 
Ind136 132 148 266 266 128 130 274 274 146 146 243 243 172 172 169 110 175 172 280 278 
Ind137 132 134 266 266 128 122 274 274 146 146 243 259 172 184 169 110 175 172 280 278 
Ind138 140 142 266 266 124 126 277 274 146 140 243 243 174 180 169 167 174 170 270 268 
Ind139 138 144 266 268 126 116 274 274 140 146 243 247 174 180 167 171 174 181 276 274 
Ind140 138 134 266 268 126 126 274 274 140 134 243 247 174 180 167 171 174 170 276 268 
Ind141 132 132 266 266 130 124 274 274 146 134 243 241 180 182 110 110 187 167 278 170 
Ind142 132 132 266 266 126 130 274 277 140 134 249 239 178 174 167 112 179 169 174 176 
Ind143 134 138 266 266 130 126 274 274 146 140 247 247 172 174 169 167 170 171 278 180 
Ind144 134 132 268 266 126 124 277 274 134 134 247 251 170 184 167 112 172 169 176 172 
Ind145 134 132 268 266 126 126 277 274 134 134 247 231 170 186 167 112 172 169 176 276 
Ind146 132 134 266 266 124 126 274 274 140 155 233 241 180 180 171 167 168 187 280 172 
Ind147 132 128 266 266 124 128 274 274 140 155 233 241 180 180 171 167 168 175 280 172 
Ind148 136 136 266 266 126 124 274 274 146 146 255 247 176 176 173 169 171 168 280 276 
Ind149 136 136 266 266 126 124 274 274 146 146 255 247 176 176 173 167 171 170 280 276 
Ind150 138 130 266 266 128 130 274 274 140 149 243 249 172 180 169 110 170 169 274 278 
Ind151 132 128 266 266 126 130 277 274 140 143 251 267 168 174 167 169 173 169 268 268 
Ind152 128 142 266 266 124 122 274 274 140 146 251 255 174 168 108 169 170 171 278 172 
Ind153 138 134 268 266 128 126 274 274 146 140 251 243 164 188 177 165 170 170 276 268 
Ind154 138 132 268 266 128 124 274 274 146 146 251 243 164 174 177 165 170 170 276 268 
Ind155 140 134 266 266 122 130 274 274 146 125 241 251 178 178 112 112 179 172 276 268 
Ind156 140 132 266 266 122 130 274 274 146 125 241 263 178 178 112 112 179 169 276 282 
Ind157 140 138 266 266 124 126 274 274 140 134 241 269 184 170 169 112 175 174 176 268 
Ind158 140 128 266 266 124 126 274 274 140 134 241 269 184 170 169 114 175 174 176 176 
Ind159 138 132 266 266 128 130 274 274 143 143 235 241 178 180 114 167 169 170 268 178 
Ind160 144 144 268 266 128 126 274 277 137 149 247 241 168 180 169 169 173 172 276 172 
Ind161 142 142 266 266 128 122 274 274 146 146 235 243 182 174 187 112 170 170 190 172 
Ind162 142 136 266 266 128 122 274 274 146 146 235 243 182 174 187 171 170 171 190 278 
Ind163 138 140 266 266 128 124 277 277 143 146 245 247 168 178 167 114 169 168 278 268 
Ind164 138 142 266 266 128 124 277 274 143 146 245 247 168 176 167 114 169 167 278 268 
Ind165 138 168 266 266 128 126 274 274 146 146 245 241 182 174 112 112 168 168 176 170 
Ind166 142 134 266 266 132 122 274 277 113 137 253 255 168 170 169 169 173 170 278 276 
Ind167 152 132 266 266 122 128 277 277 146 140 241 267 170 172 112 112 170 167 268 268 
Ind168 142 132 266 266 130 122 274 274 146 155 241 269 168 176 116 112 168 168 276 172 
Ind169 134 134 266 266 126 128 274 274 143 152 249 235 174 174 169 173 177 169 170 172 
Ind170 140 136 266 266 126 124 274 277 149 143 263 257 184 176 177 169 169 170 172 176 
Ind171 144 138 266 266 122 122 277 277 119 146 255 247 172 178 173 171 172 173 172 276 
Ind172 144 144 266 266 122 122 277 277 119 149 255 259 172 178 173 169 172 173 172 276 
Ind173 134 134 268 266 124 126 274 274 143 146 243 241 182 180 167 169 170 177 176 278 
Ind174 134 136 268 266 124 128 274 274 143 143 243 241 182 180 167 169 170 175 176 268 
Ind175 132 132 266 266 130 126 277 277 140 140 241 251 180 176 171 112 170 170 188 268 
Ind176 142 132 266 268 124 126 274 277 134 143 243 251 168 178 181 169 171 171 170 172 
Ind177 132 134 266 266 128 126 274 277 146 134 273 241 174 182 114 114 166 168 276 170 
Ind178 132 132 266 266 128 130 274 277 146 140 273 247 174 184 114 114 166 168 276 170 
Ind179 132 136 266 266 130 128 274 274 149 149 243 241 176 174 112 112 168 168 172 180 
Ind180 140 142 266 266 124 126 274 274 146 182 251 241 182 184 167 169 187 187 282 170 
Ind181 138 138 266 266 132 122 274 274 146 134 241 241 172 180 167 110 172 177 196 276 
Ind182 138 132 266 266 132 124 274 274 146 140 241 241 172 180 167 112 172 169 196 276 
Ind183 132 132 266 266 124 132 274 277 140 143 247 251 180 172 112 169 170 170 276 170 
Ind184 132 132 266 266 124 130 274 277 140 146 247 251 180 178 112 169 170 170 276 170 
Ind185 136 138 266 266 124 124 277 274 140 152 249 253 188 182 171 112 169 177 268 276 
Ind186 150 138 266 266 126 132 274 274 149 167 241 241 182 180 112 112 169 168 176 174 
Ind187 138 138 268 266 126 130 274 274 140 146 243 241 174 180 112 167 175 170 172 270 
Ind188 138 134 266 266 128 132 274 274 137 152 241 243 176 170 110 169 168 166 184 176 
Ind189 134 128 268 266 130 122 277 274 143 134 241 237 184 170 167 171 174 170 168 190 
Ind190 134 128 268 266 130 122 277 274 143 134 241 237 184 170 167 171 174 170 168 176 
Ind191 134 132 268 266 130 122 277 274 143 134 241 237 184 170 167 169 174 170 168 176 
Ind192 144 134 266 268 128 130 274 274 119 143 241 237 154 178 112 169 170 176 276 276 
Ind193 138 134 266 266 130 126 274 277 146 146 241 251 180 186 185 167 172 168 268 174 
Ind194 134 144 268 266 128 124 274 274 143 143 247 241 180 174 110 112 166 170 170 174 
Ind195 132 140 266 266 126 128 274 277 155 134 251 251 154 182 167 114 170 177 276 276 
Ind196 134 142 266 268 126 124 274 274 146 146 269 251 178 178 114 167 170 173 172 172 
Ind197 134 142 266 268 126 126 274 274 146 146 269 243 178 178 114 167 170 168 172 172 
Ind198 142 142 266 268 128 126 274 274 146 137 257 243 182 172 167 173 172 172 270 180 
Ind199 134 142 266 266 124 126 274 274 134 134 243 255 174 172 169 112 172 170 180 276 
Ind200 140 134 266 266 124 128 274 274 146 143 239 241 172 170 112 169 170 169 172 176 
Ind201 144 132 266 266 124 122 277 274 134 125 241 247 174 180 165 169 168 169 278 170 
Ind202 130 136 266 266 126 124 274 277 134 134 269 251 172 176 116 169 168 179 276 170 
Ind203 128 134 266 266 126 126 274 274 146 146 243 243 154 176 167 173 171 168 278 170 
Ind204 134 144 266 266 126 126 274 277 134 155 241 255 178 178 169 112 171 171 276 268 
Ind205 136 138 266 266 126 128 266 274 143 140 243 241 168 182 173 108 170 168 172 174 
Ind206 142 128 266 268 124 128 274 274 134 143 241 243 178 178 112 114 172 187 276 276 
Ind207 138 136 266 266 122 122 277 277 146 146 243 247 176 170 114 112 168 172 268 276 
Ind208 132 128 266 266 122 126 274 274 134 134 261 259 178 194 167 112 172 169 192 174 
Ind209 140 140 266 266 128 130 274 274 146 146 247 249 184 182 110 169 179 172 168 274 
Ind210 128 134 266 268 122 126 274 274 146 140 243 247 174 184 169 112 168 172 270 276 
Ind211 144 136 266 268 124 128 277 277 146 149 243 241 174 180 116 169 169 170 280 176 
Ind212 134 144 266 266 132 128 277 274 146 149 253 247 176 182 167 169 176 171 174 178 
Ind213 134 132 266 268 126 128 277 274 146 146 251 255 186 166 169 112 170 170 268 172 
Ind214 138 130 266 268 124 130 274 274 137 146 259 241 188 170 112 112 171 173 268 174 
Ind215 130 132 266 266 126 126 274 274 140 146 289 269 174 180 110 116 169 170 274 280 
Ind216 140 130 266 266 132 126 274 274 137 143 247 235 188 176 167 112 175 173 196 172 
Ind217 132 132 266 266 130 124 274 277 140 146 243 235 172 168 169 167 169 170 274 178 
Ind218 134 132 266 266 126 132 274 274 140 119 241 235 174 192 112 169 169 168 168 180 
Ind219 140 140 266 266 130 132 274 274 143 134 247 243 178 182 116 169 171 179 170 168 
Ind220 132 132 266 266 124 130 277 277 146 149 241 269 174 170 108 112 173 171 168 196 
Ind221 132 144 266 266 124 124 277 277 146 146 241 269 174 168 108 112 173 170 168 196 
Ind222 134 136 266 266 126 124 277 274 134 146 231 243 178 178 112 169 179 170 268 268 
Ind223 140 138 266 266 126 126 277 274 140 146 241 249 168 172 169 177 173 171 172 268 
Ind224 140 138 266 268 126 126 277 274 140 146 241 251 168 180 169 169 173 171 172 268 
Ind225 134 134 268 266 130 126 274 274 137 140 251 247 180 170 167 112 169 169 280 172 
Ind226 138 138 266 266 128 124 274 277 143 140 247 247 176 172 112 112 168 170 178 268 
Ind227 140 140 268 266 128 128 274 277 143 146 251 241 178 176 112 167 170 171 276 176 
Ind228 140 140 268 266 128 128 274 277 143 146 251 241 178 174 112 167 170 171 276 176 
Ind229 128 142 268 266 126 122 277 274 140 143 235 241 180 176 112 169 193 174 168 174 
Ind230 134 132 266 266 128 124 274 277 152 146 241 243 172 178 116 167 168 169 276 270 
Ind231 136 136 268 266 122 130 274 274 143 134 237 251 178 178 167 173 172 177 276 172 
Ind232 138 132 266 268 126 130 274 274 134 134 251 243 182 178 167 114 167 168 276 176 
Ind233 138 132 266 266 126 130 274 274 134 134 251 243 182 178 167 110 167 166 276 176 
Ind234 140 146 266 268 126 132 274 274 146 140 229 235 174 178 114 167 171 169 172 276 
Ind235 142 144 266 266 122 124 277 274 140 143 255 247 178 172 167 112 181 170 176 272 
Ind236 138 144 266 266 122 130 274 274 140 134 243 241 184 176 169 114 173 172 272 278 
Ind237 134 138 266 266 128 122 274 274 155 146 251 239 176 182 114 171 177 193 268 172 
Ind238 134 136 266 268 124 128 274 274 164 149 243 241 170 184 169 112 170 171 280 270 
Ind239 128 134 268 266 132 124 274 274 146 167 235 243 174 174 116 114 171 179 176 176 
Ind240 140 132 266 266 126 124 274 277 143 149 235 255 168 162 114 169 181 168 190 190 
Ind241 134 132 266 266 122 128 277 274 143 134 255 251 178 174 177 173 170 170 170 176 
Ind242 132 144 268 266 126 128 277 274 143 146 261 261 172 170 171 169 169 173 268 278 
Ind243 134 136 268 268 124 126 274 274 146 140 251 269 168 180 167 112 169 170 172 270 
Ind244 138 132 268 268 124 130 277 274 146 149 243 255 176 172 114 167 173 187 170 280 
Ind245 130 134 266 266 128 132 277 274 143 143 243 241 182 174 114 112 170 170 174 276 
Ind246 136 132 266 266 126 124 274 277 155 140 247 241 178 172 167 114 168 170 172 174 
Ind247 132 136 266 266 126 126 277 274 146 143 243 235 174 180 114 112 169 168 178 172 
Ind248 132 136 266 266 126 126 277 274 146 143 243 235 174 180 114 112 169 168 178 268 
Ind249 132 134 266 266 128 132 274 274 134 146 241 267 182 176 169 167 170 170 278 170 
Ind250 140 132 266 266 122 124 274 274 143 146 269 251 168 178 169 112 167 176 268 268 
Ind251 140 136 266 266 132 126 277 274 146 167 235 247 170 176 108 114 170 169 176 276 
Ind252 128 134 266 266 126 124 274 277 137 182 241 251 182 176 112 112 170 170 270 172 
Ind253 132 134 268 266 126 122 274 274 158 146 243 243 170 176 112 112 181 167 176 172 
Ind254 132 134 268 266 126 122 274 274 158 146 243 243 170 176 112 112 181 174 176 176 
Ind255 132 134 266 266 128 126 274 274 140 140 241 241 172 178 112 165 170 173 176 280 
Ind256 140 132 266 266 130 128 274 274 146 140 247 251 182 172 169 112 174 171 276 278 
Ind257 142 136 266 266 126 128 274 274 146 140 241 241 178 178 167 167 170 170 176 268 
Ind258 134 142 266 266 130 128 277 277 146 149 243 241 168 184 169 114 168 193 268 172 
Ind259 134 132 266 266 124 126 274 274 152 134 241 247 172 178 108 173 169 172 176 270 
Ind260 134 142 266 268 124 126 274 274 152 143 241 241 172 178 108 173 169 176 176 172 
Ind261 136 132 266 266 124 128 274 274 149 146 243 243 178 176 112 112 171 172 180 268 
Ind262 138 140 266 266 122 124 277 274 146 128 251 241 170 174 112 167 168 170 270 274 
Ind263 140 132 266 266 130 130 274 274 146 149 243 245 174 192 112 169 168 172 270 168 
Ind264 142 134 268 266 124 126 274 274 146 140 261 243 176 180 167 169 168 171 278 268 
Ind265 144 142 266 266 128 124 277 274 146 149 241 247 176 174 114 114 171 170 270 172 
Ind266 144 144 268 266 126 126 274 274 134 161 243 239 170 168 167 116 168 174 176 178 
Ind267 138 134 266 266 124 124 274 274 146 137 269 241 174 172 116 114 173 172 268 172 
Ind268 136 136 266 268 124 126 274 274 146 140 249 229 180 182 112 112 191 174 280 276 
Ind269 132 134 266 266 130 132 274 274 146 143 243 249 178 174 167 112 171 176 278 178 
Ind270 132 134 266 266 126 130 274 274 146 140 255 259 172 168 171 116 170 172 174 174 
Ind271 140 144 268 266 124 122 274 274 143 146 243 243 178 174 169 114 170 169 174 276 
Ind272 140 144 268 266 124 128 274 274 143 140 243 243 178 188 169 114 170 173 174 172 
Ind273 140 138 268 266 124 128 274 274 143 146 243 243 178 188 169 114 170 169 174 276 
Ind274 134 138 266 268 124 132 274 277 149 140 243 251 180 172 114 110 169 168 172 276 
Ind275 136 132 266 266 126 122 277 274 155 146 243 241 168 178 112 169 173 170 172 172 
Ind276 132 140 266 266 126 126 274 274 146 143 255 243 180 178 173 114 168 171 172 178 
Ind277 134 148 266 266 130 126 274 274 140 140 257 235 174 182 169 171 168 168 180 270 
Ind278 144 172 268 266 126 124 277 274 146 140 243 269 186 180 171 169 170 173 276 268 
Ind279 134 132 266 266 122 126 274 274 140 146 269 245 178 176 167 169 179 170 278 276 
Ind280 136 128 266 266 128 128 274 274 143 146 243 241 174 166 167 112 176 171 276 268 
Ind281 136 134 268 266 124 130 277 274 167 149 241 243 174 170 165 112 170 170 170 270 
Ind282 136 134 268 266 124 130 277 274 167 149 241 247 174 170 165 112 170 170 170 270 
Ind283 132 144 268 266 124 130 277 277 140 137 241 241 180 170 112 171 193 167 172 268 
Ind284 132 136 266 266 126 126 274 277 143 143 243 241 172 184 108 112 170 176 176 170 
Ind285 142 134 266 266 132 126 274 274 155 140 243 241 172 172 169 167 172 175 176 276 
Ind286 134 140 266 266 130 124 274 277 146 119 255 241 166 190 114 116 169 168 268 268 
Ind287 140 134 266 266 126 126 274 277 140 146 249 243 176 188 165 112 172 168 172 168 
Ind288 140 150 266 266 126 126 274 277 140 146 249 255 176 188 165 169 172 171 172 180 
Ind289 140 134 266 266 128 130 274 277 146 146 243 255 172 176 112 114 168 171 268 276 
Ind290 134 138 266 266 128 124 274 277 155 134 231 235 182 182 169 169 169 172 276 270 
Ind291 134 134 266 266 128 124 274 277 155 134 231 235 182 168 169 169 169 168 276 270 
Ind292 134 140 266 268 126 122 274 274 146 137 255 243 182 184 169 169 173 193 172 174 
Ind293 134 134 266 266 124 124 274 274 146 140 251 251 182 180 167 167 169 174 178 172 
Ind294 132 132 266 266 126 126 274 274 146 140 245 241 172 168 175 167 170 177 280 170 
Ind295 140 134 266 266 128 128 274 277 140 146 243 243 168 186 165 169 175 168 276 276 
Ind296 132 140 268 266 130 124 277 277 149 143 255 257 180 176 110 112 175 170 276 280 
Ind297 140 132 266 268 128 124 277 274 140 146 247 241 180 178 112 114 170 167 172 170 
Ind298 136 132 266 266 126 130 274 274 122 143 239 257 182 178 114 116 170 170 172 276 
Ind299 140 138 266 266 130 124 277 274 146 143 235 243 190 186 112 167 169 166 268 270 
Ind300 140 142 266 266 130 124 277 274 146 146 235 259 190 178 112 167 169 170 268 276 
Ind301 132 138 266 266 130 126 277 274 143 146 241 253 176 166 112 169 171 171 276 278 
Ind302 138 132 266 266 126 132 274 274 140 146 231 259 178 178 112 169 170 169 172 276 
Ind303 138 136 266 266 126 124 274 277 143 140 241 257 168 184 114 116 169 168 170 278 
Ind304 138 138 268 268 126 130 274 274 146 143 241 245 172 178 112 112 169 169 274 176 
Ind305 132 140 266 268 122 124 274 274 146 146 249 259 178 180 112 112 175 168 170 176 
Ind306 132 140 266 266 122 124 274 274 146 146 249 259 178 172 112 112 175 174 170 176 
Ind307 132 140 266 266 122 126 274 274 146 134 249 243 178 180 112 112 175 174 170 176 
Ind308 134 144 266 266 130 130 274 274 146 146 243 251 178 180 114 165 166 171 278 268 
Ind309 136 136 266 268 126 130 274 274 134 146 257 241 172 174 112 167 168 171 276 170 
Ind310 136 146 266 266 126 128 274 274 143 146 251 257 176 176 114 169 170 178 276 268 
Ind311 136 146 266 266 126 130 274 274 143 146 251 243 176 176 114 112 170 174 276 170 
Ind312 144 134 266 266 126 126 277 274 164 143 243 255 162 186 167 110 170 168 172 280 
Ind313 144 134 266 266 126 126 277 274 164 146 243 241 162 186 167 169 170 168 172 178 
Ind314 128 132 266 266 130 122 274 277 140 143 235 241 188 180 112 112 170 170 170 174 
Ind315 128 134 266 266 130 122 274 277 140 143 235 241 188 180 112 108 170 172 170 174 
Ind316 140 134 268 268 128 128 274 274 140 140 265 263 172 178 169 169 170 169 178 170 
Ind317 132 136 268 266 124 126 277 274 155 167 245 231 178 154 112 114 175 176 276 270 
Ind318 132 134 266 268 124 128 274 274 134 119 243 243 178 176 167 114 171 169 276 172 
Ind319 132 134 266 268 124 122 274 274 134 119 243 243 178 174 167 169 171 168 276 268 
Ind320 132 134 266 266 124 128 274 274 134 134 243 241 178 176 167 114 171 168 276 268 
Ind321 132 150 266 268 128 130 274 274 155 146 255 245 182 172 112 112 168 168 280 174 
Ind322 132 134 266 266 126 126 277 274 146 143 251 259 174 168 167 169 168 173 174 170 
Ind323 138 142 266 268 124 126 274 274 119 146 251 235 184 176 169 112 177 173 268 280 
Ind324 132 138 266 266 128 122 277 274 146 119 243 243 178 172 112 108 176 170 278 172 
Ind325 134 134 268 266 132 122 274 274 134 143 259 235 186 174 169 169 168 168 270 270 
Ind326 134 146 268 266 126 128 274 274 140 146 251 241 178 188 114 169 170 177 176 276 
Ind327 140 146 268 266 130 126 277 277 158 146 241 243 174 172 110 110 171 173 272 280 
Ind328 128 142 268 266 130 126 274 274 146 146 243 241 172 176 167 169 172 172 176 280 
Ind329 140 132 266 266 124 130 274 277 146 134 243 243 180 180 165 114 170 168 174 276 
Ind330 134 132 266 266 128 130 277 277 143 143 243 243 186 180 175 169 170 172 268 170 
Ind331 134 144 268 266 124 130 274 274 146 140 235 249 184 184 167 169 171 169 280 278 
Ind332 134 144 268 266 124 130 274 274 146 140 235 243 184 168 167 171 171 169 280 276 
Ind333 134 130 266 266 122 126 274 274 143 155 241 255 172 174 167 112 170 172 172 174 
Ind334 134 130 266 266 122 126 274 274 143 146 241 255 172 174 167 169 170 172 172 276 
Ind335 134 128 266 266 122 126 274 274 143 155 241 243 172 174 167 169 170 172 172 276 
Ind336 144 136 266 268 124 128 277 274 134 149 235 247 186 180 112 169 168 187 176 172 
Ind337 140 134 266 266 128 122 277 274 146 146 243 235 180 174 165 169 168 169 170 280 
Ind338 132 130 268 266 122 130 277 277 143 134 245 267 174 172 167 108 175 168 178 170 
Ind339 132 144 266 268 126 132 274 274 179 158 273 229 174 172 112 167 177 168 272 174 
Ind340 140 134 266 266 130 130 274 274 146 146 247 243 174 172 169 112 168 193 278 276 
Ind341 136 134 266 266 126 128 274 274 137 137 243 253 170 172 114 112 169 168 172 278 
Ind342 136 134 266 266 126 122 274 274 137 137 243 253 170 180 114 112 169 168 172 172 
Ind343 152 134 266 266 128 126 277 274 134 158 241 241 174 178 114 167 173 185 170 180 
Ind344 144 144 266 266 128 124 274 274 146 146 241 229 172 168 171 169 170 175 176 172 
Ind345 144 144 266 266 128 130 274 274 146 146 241 245 172 180 171 169 170 175 176 172 
Ind346 144 144 266 266 128 124 274 274 146 146 241 245 172 168 171 169 170 175 176 280 
Ind347 134 136 266 266 122 124 274 277 149 140 251 259 168 176 112 114 169 171 276 172 
Ind348 132 138 266 266 126 128 277 274 152 146 241 235 176 176 169 114 168 172 172 282 
Ind349 132 134 266 266 126 126 274 274 140 113 239 243 176 178 169 167 171 177 276 280 
Ind350 132 132 266 266 126 126 274 274 140 113 239 235 176 170 169 112 171 177 276 180 
Ind351 140 152 268 266 128 128 277 274 140 146 239 243 172 180 167 112 175 170 172 172 
Ind352 136 134 266 266 130 132 274 274 143 146 251 243 176 176 114 114 169 168 278 270 
Ind353 138 138 266 266 128 122 274 274 146 146 243 235 154 176 167 116 169 169 280 272 
Ind354 138 134 268 266 130 130 277 274 146 140 249 253 172 178 112 112 168 175 172 174 
Ind355 144 138 266 266 124 128 274 277 146 143 269 247 172 176 173 165 169 170 196 172 
Ind356 132 144 266 266 122 126 274 274 146 146 229 261 174 180 171 169 168 168 270 176 
Ind357 132 144 266 266 126 130 277 277 134 146 249 243 182 180 167 167 170 170 270 192 
Ind358 138 168 266 266 132 128 277 274 134 149 241 249 178 186 167 108 177 172 178 174 
Ind359 148 140 266 266 122 124 274 277 146 134 247 241 186 184 169 167 174 171 170 276 
Ind360 148 132 266 266 122 124 274 277 146 149 247 241 186 184 169 167 174 171 170 270 
Ind361 148 132 266 266 122 122 274 274 146 134 247 241 186 184 169 112 174 171 170 270 
Ind362 132 132 266 266 128 124 274 274 146 146 243 269 182 174 169 167 167 174 274 278 
Ind363 132 132 266 266 128 128 277 277 140 146 251 253 184 172 114 114 179 169 268 280 
Ind364 144 134 266 268 128 128 274 274 152 146 255 241 178 178 167 169 170 169 176 268 
Ind365 132 144 266 266 126 128 274 277 146 155 243 243 182 174 112 169 172 167 276 268 
Ind366 132 134 266 268 128 130 277 274 113 122 243 243 174 180 110 167 178 170 276 172 
Ind367 144 146 268 266 126 126 274 274 134 155 241 241 180 182 173 167 168 172 170 276 
Ind368 132 132 266 266 122 122 274 274 113 140 247 241 180 178 167 112 170 174 276 270 
Ind369 144 134 266 266 130 122 274 274 140 140 235 241 180 176 169 171 172 171 172 178 
Ind370 144 140 266 266 128 124 277 274 143 140 263 237 186 186 169 167 170 172 280 176 
Ind371 138 152 266 266 128 126 274 274 140 134 259 241 168 176 173 167 170 170 280 278 
Ind372 142 140 268 266 124 126 274 277 140 149 241 247 170 168 169 173 172 169 172 170 
Ind373 134 134 266 266 126 130 277 277 164 146 245 239 172 170 112 116 170 175 276 172 
Ind374 132 138 266 266 124 128 274 274 146 134 243 235 172 178 112 169 171 168 268 172 
Ind375 132 140 266 266 126 126 277 274 119 152 235 255 168 184 173 167 171 177 170 176 
Ind376 142 140 266 266 126 128 274 274 146 113 253 243 186 176 167 112 172 169 280 170 
Ind377 134 134 266 266 122 126 277 277 146 143 245 251 178 178 116 110 171 176 172 268 
Ind378 150 138 266 266 130 126 274 277 146 134 245 235 186 162 114 169 168 189 276 276 
Ind379 138 140 266 266 126 128 274 274 134 146 241 241 182 176 114 116 168 171 280 268 
Ind380 134 140 266 266 130 124 274 274 146 149 231 257 178 172 112 173 168 172 174 280 
Ind381 132 134 266 266 124 124 274 274 146 140 255 257 176 172 112 169 172 170 270 276 
Ind382 134 140 266 266 130 124 277 274 119 137 255 245 180 172 167 114 187 170 176 186 
Ind383 136 134 266 266 128 124 274 277 146 143 255 247 178 168 169 112 179 172 280 178 
Ind384 132 132 266 266 132 130 274 274 146 146 241 243 174 180 167 108 166 170 268 270 
Ind385 144 134 268 266 124 122 277 274 146 125 249 269 172 172 112 112 170 172 168 174 
Ind386 142 134 266 266 128 128 274 274 143 146 243 241 186 194 110 167 170 171 168 176 
Ind387 132 140 266 266 124 126 274 274 119 134 249 243 180 176 169 165 183 170 278 168 
Ind388 144 142 266 266 124 124 274 274 146 146 235 247 170 176 167 171 175 174 172 268 
Ind389 144 132 266 266 130 126 274 277 146 146 235 263 178 186 169 167 171 172 176 268 
Ind390 134 142 266 266 130 126 266 274 140 146 255 255 172 174 110 116 171 169 168 176 
Ind391 134 136 266 266 124 130 277 274 146 146 247 241 192 168 112 169 169 176 276 172 
Ind392 132 134 266 266 126 128 277 277 143 146 235 245 174 180 112 114 175 169 176 268 
Ind393 138 132 266 266 126 122 266 274 146 143 241 239 178 170 165 106 171 173 174 268 
Ind394 138 144 266 266 128 124 274 277 140 146 241 267 178 176 167 167 170 168 170 172 
Ind395 132 142 266 268 126 122 277 274 146 134 241 241 190 170 169 169 175 189 170 184 
Ind396 132 142 266 268 126 122 277 277 146 155 241 241 190 170 169 108 175 189 170 172 
Ind397 132 134 266 266 130 126 274 274 140 134 241 239 174 190 167 114 168 167 268 276 
Ind398 130 134 266 268 122 132 274 274 137 143 241 241 190 174 112 114 175 173 176 174 
Ind399 136 132 266 266 130 124 274 277 146 146 259 241 170 176 112 112 173 171 178 270 
Ind400 132 140 266 266 124 126 277 277 146 146 235 241 178 184 167 114 170 169 176 172 
Ind401 138 132 268 268 130 132 277 274 143 143 243 259 182 178 167 112 177 179 174 172 
Ind402 134 134 266 266 130 132 274 274 146 146 235 241 174 184 169 114 169 177 172 172 
Ind403 138 150 266 268 130 124 277 274 146 146 247 259 186 180 114 112 171 167 280 270 
Ind404 142 142 266 266 128 124 274 277 134 143 241 249 174 168 112 169 187 170 270 270 
Ind405 142 132 266 266 128 124 274 274 134 143 241 249 174 168 112 169 187 170 270 270 
Ind406 140 140 268 266 128 122 277 277 146 140 243 241 184 178 112 169 166 187 174 268 
Ind407 144 132 266 266 124 126 274 274 137 143 255 235 174 180 167 114 168 169 270 170 
Ind408 138 140 266 266 128 124 277 274 155 146 241 241 186 180 169 112 171 171 270 178 
Ind409 132 134 266 266 132 122 277 274 146 146 243 247 172 184 167 167 170 172 276 172 
Ind410 134 136 266 266 130 126 274 274 119 140 235 263 168 176 169 112 175 173 170 174 
Ind411 146 146 266 266 126 124 274 277 134 146 241 269 178 182 171 167 172 176 172 268 
Ind412 132 138 266 266 124 128 274 277 140 140 255 235 186 174 169 116 175 170 280 268 
Ind413 132 138 266 266 124 128 274 277 140 134 255 235 186 174 169 167 175 170 280 268 
Ind414 138 144 266 266 124 130 277 274 143 140 251 241 178 180 169 169 166 173 268 278 
Ind415 134 132 266 266 130 124 274 274 146 134 255 261 172 176 110 110 169 177 168 170 
Ind416 142 134 266 268 122 126 277 274 155 164 261 247 176 172 112 167 189 171 276 274 
Ind417 134 132 266 266 124 130 274 274 146 146 243 241 178 168 110 169 169 169 168 276 
Ind418 140 134 266 266 122 124 274 274 146 146 241 255 172 182 167 169 168 179 276 174 
Ind419 132 134 266 266 130 126 274 274 146 143 241 257 184 184 108 112 171 169 270 276 
Ind420 134 132 266 266 124 124 274 274 140 146 241 273 178 176 108 114 170 173 276 276 
Ind421 138 132 268 266 124 130 274 274 146 143 257 243 188 178 169 112 168 169 172 172 
Ind422 132 134 266 266 128 126 274 274 146 149 247 259 172 166 112 173 169 168 172 270 
Ind423 150 138 266 266 130 124 274 274 134 140 247 247 180 168 167 112 175 171 182 176 
Ind424 132 132 268 266 126 126 274 274 137 146 241 257 174 176 177 112 175 168 270 170 
Ind425 136 140 266 266 128 122 274 274 143 134 255 261 178 172 171 169 168 170 172 290 
Ind426 130 132 266 268 122 130 274 274 146 149 241 255 190 184 112 112 170 169 176 276 
Ind427 172 132 266 266 130 130 274 274 134 146 243 241 186 182 169 112 168 172 174 268 
Ind428 132 134 266 266 130 126 274 274 146 146 243 261 172 176 167 167 187 188 276 172 
Ind429 134 132 266 266 130 130 274 274 143 143 241 251 176 172 169 165 171 170 172 276 
Ind430 134 142 268 266 124 128 274 274 155 182 245 251 182 176 112 167 170 172 174 280 
Ind431 142 140 266 266 132 122 274 274 140 155 241 247 176 180 114 112 170 170 170 174 
Ind432 132 136 266 266 122 126 274 277 146 146 241 235 172 172 112 114 187 173 270 270 
Ind433 134 132 266 266 124 122 274 274 137 146 247 243 168 178 167 169 170 175 168 168 
Ind434 134 132 266 266 124 122 274 274 137 146 247 243 168 170 167 169 170 168 168 168 
Ind435 132 152 268 266 124 126 274 274 146 146 235 243 186 178 167 167 170 172 172 190 
Ind436 138 132 266 266 124 128 274 277 146 113 259 255 180 172 177 167 172 167 270 176 
Ind437 144 140 266 266 122 124 277 274 146 140 243 235 178 178 112 169 170 171 276 282 
Ind438 144 138 266 266 122 130 277 274 146 146 243 235 178 178 112 169 170 174 276 282 
Ind439 130 144 266 266 122 130 274 274 146 140 241 235 174 168 114 167 167 169 178 172 
Ind440 138 140 266 266 128 124 277 274 137 146 243 241 176 174 169 165 168 168 170 276 
Ind441 138 134 266 266 128 124 277 277 137 146 243 241 176 184 169 112 168 181 170 276 
Ind442 134 134 266 266 128 130 274 274 161 146 255 247 170 174 165 112 167 177 170 176 
Ind443 134 134 266 266 126 128 274 274 146 143 243 235 188 180 114 167 172 173 170 268 
Ind444 134 144 266 266 126 128 274 274 146 143 243 261 188 180 114 110 172 169 170 268 
Ind445 134 144 266 266 126 126 274 274 146 140 243 261 188 174 114 167 172 173 170 268 
Ind446 134 132 266 266 126 124 274 274 125 134 241 241 180 176 112 167 167 170 174 170 
Ind447 134 128 266 266 126 126 274 274 125 143 241 247 180 176 112 167 167 174 174 268 
Ind448 144 136 266 268 126 124 274 274 146 137 239 247 182 178 112 116 179 170 280 276 
Ind449 130 132 266 266 124 130 274 274 158 146 247 267 178 172 112 112 170 177 176 276 
Ind450 136 140 266 268 124 124 274 274 158 146 243 251 172 176 114 169 175 168 276 268 
Ind451 136 138 266 266 124 128 274 274 146 146 251 245 154 174 167 114 175 179 268 270 
Ind452 132 134 268 266 124 124 274 277 140 140 235 267 174 178 112 114 170 177 172 186 
Ind453 136 136 266 266 126 124 277 274 146 155 241 251 182 168 112 112 171 168 278 170 
Ind454 134 132 266 266 122 130 277 274 140 146 251 235 178 180 112 114 170 172 172 202 
Ind455 130 136 266 266 122 124 277 274 146 140 241 251 174 180 110 114 168 173 174 172 
Ind456 130 134 266 266 122 124 277 274 146 140 241 241 174 180 110 114 168 170 174 172 
Ind457 138 144 266 268 126 124 274 274 134 149 243 233 168 192 169 173 171 171 172 276 
Ind458 132 134 266 266 124 124 277 274 140 158 247 241 188 172 169 167 193 172 276 280 
Ind459 132 134 266 266 124 124 277 274 140 140 247 241 188 172 169 167 193 172 276 190 
Ind460 134 138 266 266 122 126 274 274 146 146 255 241 174 178 169 165 177 172 170 268 
Ind461 128 134 266 266 124 128 274 274 146 146 237 257 168 182 116 167 172 187 276 178 
Ind462 142 136 266 266 130 126 274 274 146 155 235 243 180 180 167 114 177 168 172 174 
Ind463 142 136 266 266 130 130 274 274 146 140 235 243 180 176 167 114 177 168 172 174 
Ind464 142 144 268 268 130 126 274 274 113 146 269 249 188 178 114 165 187 168 276 268 
Ind465 140 132 266 266 130 126 274 277 146 143 257 243 174 182 114 110 172 172 268 276 
Ind466 128 138 266 266 122 132 274 277 146 167 269 259 174 184 169 112 168 177 178 190 
Ind467 132 132 266 266 126 124 274 274 146 146 235 243 184 170 114 167 172 174 270 170 
Ind468 132 132 266 266 126 126 274 274 146 146 235 243 184 184 114 167 172 164 270 170 
Ind469 140 136 266 266 126 126 274 274 146 140 249 251 180 178 167 112 174 187 268 172 
Ind470 132 132 266 266 128 128 274 274 140 146 261 243 178 178 112 112 168 170 174 176 
Ind471 132 134 266 268 128 124 274 274 140 146 261 247 178 172 112 112 168 173 174 280 
Ind472 150 132 266 266 126 122 274 274 140 143 245 273 182 182 114 167 177 168 172 170 
Ind473 134 150 266 268 124 126 274 277 137 146 241 241 166 172 114 167 170 175 280 270 
Ind474 150 128 266 266 126 130 274 277 119 155 243 249 188 168 116 167 179 187 170 278 
Ind475 132 138 266 266 126 124 277 274 143 146 243 261 168 182 169 169 181 170 176 170 
Ind476 144 138 266 266 124 128 274 277 137 140 241 235 180 154 114 112 173 170 276 192 
Ind477 134 146 266 266 126 126 274 274 143 143 245 241 178 178 171 169 170 177 176 174 
Ind478 134 128 266 266 126 126 274 274 143 143 245 279 178 178 171 169 170 177 176 174 
Ind479 134 128 266 266 126 126 274 274 143 143 245 241 178 178 171 169 170 177 176 268 
Ind480 136 134 266 266 128 124 274 274 134 143 251 243 176 168 173 167 169 169 170 172 
Ind481 134 128 266 266 124 124 274 274 146 140 241 255 166 164 112 167 169 171 174 276 
Ind482 134 132 268 266 126 128 274 277 143 146 241 269 166 178 112 167 169 191 172 268 
Ind483 136 134 268 266 122 128 277 274 140 143 243 269 172 176 169 169 175 177 178 268 
Ind484 134 132 266 266 122 124 274 274 140 146 251 255 186 176 169 167 172 169 268 270 
Ind485 132 132 268 266 122 126 277 274 140 146 243 241 186 172 165 167 172 167 174 176 
Ind486 140 130 266 266 122 126 274 274 155 149 255 245 168 176 169 169 173 174 280 268 
Ind487 132 140 268 266 126 132 277 277 149 140 241 241 180 172 169 112 169 169 170 172 
Ind488 132 144 266 266 124 126 274 274 143 146 259 241 178 176 116 169 168 168 276 176 
Ind489 140 142 266 266 130 124 277 274 143 182 245 241 174 178 116 112 175 170 174 178 
Ind490 134 132 266 268 128 128 274 274 140 146 245 247 184 190 112 169 175 166 268 178 
Ind491 142 134 266 266 128 128 274 277 146 155 243 239 176 176 169 114 171 175 182 276 
Ind492 140 132 266 266 126 128 274 277 146 140 235 243 184 178 114 110 173 170 276 172 
Ind493 140 132 266 266 126 128 274 277 146 146 235 251 184 180 114 110 173 169 276 268 
Ind494 136 138 266 266 122 132 274 277 134 143 241 241 182 188 171 167 175 179 268 172 
Ind495 138 134 266 268 126 124 274 274 140 134 243 243 166 174 106 167 168 168 176 174 
Ind496 140 138 266 266 126 124 274 274 146 182 255 253 170 178 175 169 168 170 176 176 
Ind497 140 138 266 266 126 124 274 274 146 182 255 253 170 184 175 175 168 170 176 170 
Ind498 134 134 266 266 124 128 274 274 146 143 259 255 178 178 167 167 171 168 268 278 
Ind499 132 138 266 266 130 122 277 274 143 146 243 249 176 176 116 171 172 168 170 276 
Ind500 132 138 266 266 130 132 277 274 143 140 243 249 176 176 116 167 172 168 170 280 
Ind501 136 132 266 266 124 124 274 274 140 134 249 269 180 174 169 114 179 168 276 268 
Ind502 138 136 266 266 124 126 274 274 155 140 235 241 184 178 169 114 168 170 172 178 
Ind503 138 138 266 266 124 128 274 274 155 137 235 243 184 178 169 114 168 169 172 276 
Ind504 134 140 266 268 128 124 274 274 140 140 249 241 178 172 112 114 187 179 282 174 
Ind505 146 130 268 266 122 122 277 274 149 134 245 247 166 170 112 116 170 168 268 268 
Ind506 146 130 268 266 122 128 277 274 149 146 245 247 166 178 112 112 170 169 268 268 
Ind507 138 138 266 266 122 130 274 274 146 167 257 243 170 178 171 114 172 171 180 176 
Ind508 132 138 266 266 124 128 274 274 146 146 261 251 174 174 169 169 169 173 176 172 
Ind509 144 134 266 266 130 130 274 274 146 143 241 255 176 178 167 112 172 168 176 176 
Ind510 134 142 266 266 122 126 274 274 146 146 279 249 172 182 110 175 193 171 178 182 
Ind511 134 136 266 266 122 126 274 277 146 146 279 235 172 168 110 175 193 172 178 182 
Ind512 132 132 266 266 126 126 277 274 143 146 243 235 180 170 167 112 171 173 276 268 
Ind513 134 134 266 268 122 126 274 274 146 140 239 241 172 184 171 167 169 171 276 170 
Ind514 134 140 266 266 124 130 274 274 140 134 243 255 178 186 112 112 172 167 268 280 
Ind515 134 138 266 266 128 122 277 274 143 146 241 257 180 168 171 114 173 167 176 170 
Ind516 134 134 266 268 128 128 274 274 146 140 243 261 162 182 167 112 187 177 170 174 
Ind517 134 134 266 268 128 124 274 274 146 140 243 241 162 168 167 112 187 177 170 170 
Ind518 134 134 266 266 128 124 274 277 146 140 243 241 162 182 167 112 187 177 170 174 
Ind519 138 132 266 266 128 122 274 274 146 146 243 239 180 176 169 169 170 181 280 276 
Ind520 138 144 266 266 128 130 274 274 146 137 243 255 180 182 169 112 170 169 280 276 
Ind521 138 144 266 266 128 122 274 274 146 146 243 239 180 182 169 169 170 181 280 276 
Ind522 142 132 266 266 126 122 277 274 113 143 247 251 180 178 167 175 171 170 178 178 
Ind523 130 134 266 266 124 122 274 277 134 146 249 243 172 182 112 169 173 170 170 172 
Ind524 134 150 266 266 132 130 274 274 140 140 239 235 172 168 110 165 168 172 176 276 
Ind525 136 134 266 266 122 130 274 274 134 143 243 269 176 172 169 165 170 172 280 174 
Ind526 132 152 266 266 126 124 277 274 146 140 261 241 166 180 112 112 193 171 276 170 
Ind527 138 144 268 266 124 126 277 274 146 137 241 247 186 176 167 112 168 169 270 268 
Ind528 138 144 268 266 124 126 277 274 146 137 241 247 186 176 167 114 168 170 270 268 
Ind529 138 136 268 266 124 126 277 274 146 137 241 247 186 176 167 112 168 169 270 178 
Ind530 128 134 266 266 128 126 277 274 146 140 241 241 180 178 169 169 173 175 276 268 
Ind531 140 134 266 266 126 122 274 274 140 140 243 259 182 176 169 167 170 173 278 276 
Ind532 140 134 266 266 126 124 274 274 140 143 243 247 182 176 169 167 170 173 278 268 
Ind533 140 134 266 266 126 122 274 274 140 143 243 259 182 176 169 169 170 173 278 276 
Ind534 138 140 266 266 126 124 274 274 137 146 235 247 176 182 112 112 170 173 268 176 
Ind535 140 136 266 266 124 124 277 274 146 146 241 249 170 188 112 173 171 171 172 268 
Ind536 140 140 266 266 124 128 277 274 146 146 241 249 170 188 112 173 171 169 172 268 
Ind537 140 136 266 266 124 128 277 274 146 146 241 249 170 188 112 177 171 169 172 176 
Ind538 144 148 266 266 132 124 274 274 146 140 241 235 168 168 112 112 170 170 174 276 
Ind539 144 148 266 266 132 124 274 274 146 149 241 235 168 188 112 177 170 170 174 276 
Ind540 134 140 266 266 122 132 274 277 140 146 243 247 194 184 169 110 173 168 178 194 
Ind541 134 144 266 266 122 132 274 274 140 146 243 247 194 184 169 110 173 168 178 194 
Ind542 146 172 266 266 126 126 274 274 155 140 255 241 182 172 169 169 169 170 276 276 
Ind543 138 140 266 266 130 130 274 274 146 134 245 255 176 178 169 171 175 170 280 172 
Ind544 140 134 266 266 126 128 274 277 146 143 235 257 168 184 112 112 168 170 176 268 
Ind545 140 168 266 266 124 126 274 277 134 170 247 255 172 178 167 169 171 170 174 272 
Ind546 140 138 266 266 124 126 274 277 134 170 247 255 172 178 167 110 171 170 174 186 
Ind547 144 134 266 266 130 130 274 277 155 134 257 259 178 168 169 110 169 170 276 176 
Ind548 140 134 266 266 132 126 274 277 134 146 235 251 176 176 112 165 174 171 174 280 
Ind549 132 134 268 266 126 128 274 274 146 140 249 259 178 176 116 112 170 167 174 276 
Ind550 132 134 266 266 126 126 277 277 146 143 267 241 176 180 167 114 169 171 170 268 
Ind551 134 130 266 266 124 124 274 277 140 146 253 247 178 186 114 169 170 169 276 176 
Ind552 132 132 266 268 122 122 274 274 143 149 241 257 168 168 110 171 171 173 170 190 
Ind553 132 134 266 266 130 126 266 277 146 146 273 243 184 154 173 112 175 169 178 170 
Ind554 136 138 266 266 132 126 274 274 134 140 235 235 182 174 169 112 173 168 174 276 
Ind555 134 134 266 266 126 122 274 274 146 146 241 243 184 184 167 112 172 171 268 270 
Ind556 134 134 266 266 128 130 274 274 146 146 239 231 184 154 114 171 181 170 176 276 
Ind557 144 132 266 266 122 128 277 274 146 146 251 251 190 178 167 114 170 171 176 268 
Ind558 144 132 266 266 122 124 277 274 146 146 251 251 190 178 167 112 170 179 176 170 
Ind559 144 132 266 266 122 124 277 274 146 146 251 251 190 178 167 112 170 179 176 268 
Ind560 140 136 266 266 126 128 277 274 140 146 241 241 192 166 112 169 170 175 280 170 
Ind561 134 132 266 266 124 130 274 277 137 146 239 239 178 178 114 112 179 170 178 172 
Ind562 132 134 266 266 126 124 274 274 143 149 241 245 178 188 108 114 169 172 268 268 
Ind563 132 134 266 266 126 128 274 274 143 149 241 235 178 168 108 114 169 169 268 190 
Ind564 130 136 266 266 124 124 274 274 146 152 241 243 184 176 173 108 170 168 276 176 
Ind565 136 132 266 266 126 126 274 274 149 146 255 255 172 192 177 171 168 172 276 182 
Ind566 132 142 266 266 130 126 274 277 146 140 245 267 182 168 169 167 173 173 172 270 
Ind567 132 138 268 266 128 132 274 274 134 140 255 259 172 176 110 171 185 168 274 170 
Ind568 132 134 266 266 126 124 274 274 146 134 241 251 180 170 112 114 167 179 172 172 
Ind569 134 132 266 266 130 128 277 274 134 134 243 241 174 176 112 169 170 170 178 168 
Ind570 142 132 266 266 126 128 274 274 140 146 231 259 180 182 114 175 169 169 272 276 
Ind571 136 132 266 268 126 128 266 274 119 134 241 243 170 170 177 112 177 174 280 268 
Ind572 138 134 266 266 130 128 274 274 146 140 253 243 172 178 167 118 170 167 276 278 
Ind573 134 140 266 266 126 126 274 274 155 146 265 259 170 184 167 112 170 170 278 268 
Ind574 138 140 268 266 128 122 274 274 146 146 245 247 168 184 112 110 168 173 172 170 
Ind575 138 140 268 266 128 128 274 274 146 146 245 269 168 178 112 110 168 170 172 170 
Ind576 142 134 266 266 128 130 277 274 146 146 247 235 172 176 167 112 168 170 178 278 
Ind577 140 128 266 266 122 128 277 274 119 155 241 243 176 174 112 112 170 169 174 270 
Ind578 138 132 266 266 126 124 274 274 143 143 243 245 164 184 171 167 173 171 276 268 
Ind579 132 128 266 268 128 126 277 277 146 137 243 241 168 176 169 114 168 171 276 276 
Ind580 138 134 266 268 122 126 277 274 134 149 269 241 168 168 114 167 169 168 176 170 
Ind581 132 140 266 266 122 126 277 277 155 140 255 245 180 174 175 169 168 168 188 172 
Ind582 132 144 266 266 122 122 277 277 155 140 255 245 180 178 175 169 168 166 188 172 
Ind583 134 132 266 266 124 126 274 274 143 146 241 239 176 178 169 169 166 171 276 276 
Ind584 134 134 268 266 124 128 277 274 140 146 249 251 172 174 167 116 170 167 172 268 
Ind585 128 132 268 266 124 130 274 274 137 134 235 235 180 186 167 112 177 170 172 280 
Ind586 140 130 266 266 132 124 274 274 155 146 249 257 168 186 171 114 171 174 176 182 
Ind587 140 130 266 266 132 128 274 274 155 143 249 257 168 186 171 112 171 170 176 176 
Ind588 144 140 266 266 122 122 274 277 134 134 241 277 180 174 112 169 172 170 278 180 
Ind589 134 136 266 266 124 130 274 274 146 146 247 241 188 174 167 167 166 168 174 172 
Ind590 134 136 266 266 124 130 274 277 146 146 247 241 188 172 167 167 166 168 174 178 
Ind591 134 136 266 266 124 130 274 277 146 146 247 253 188 174 167 169 166 168 174 178 
Ind592 134 134 266 268 124 130 274 274 146 146 241 259 180 182 112 167 171 171 172 278 
Ind593 134 128 266 266 128 130 274 274 134 140 251 247 168 178 114 114 169 170 274 172 
Ind594 140 140 268 266 122 130 274 274 143 119 247 241 170 176 169 112 170 187 174 176 
Ind595 138 134 266 266 124 128 274 274 143 146 247 247 184 176 171 112 171 173 276 280 
Ind596 138 138 266 266 124 128 274 274 143 155 247 231 184 174 171 112 171 173 276 190 
Ind597 132 144 266 266 122 122 274 274 146 146 241 241 154 178 167 114 168 168 168 276 
Ind598 130 128 268 266 126 124 274 274 119 152 255 241 172 180 169 167 171 169 280 280 
Ind599 132 140 266 266 126 130 274 274 146 146 249 269 186 176 169 165 168 173 268 176 
Ind600 138 142 266 266 126 132 277 274 143 146 261 251 168 182 114 114 178 170 176 276 
Ind601 132 140 266 266 128 124 274 277 140 134 255 243 190 174 112 112 167 168 172 176 
Ind602 144 144 266 266 126 124 274 274 146 146 235 243 182 182 169 112 173 169 270 172 
Ind603 138 132 266 266 124 126 274 274 152 140 255 241 168 186 112 112 171 168 278 168 
Ind604 132 134 266 266 124 122 277 274 113 119 243 241 180 172 171 169 171 170 268 280 
Ind605 140 134 266 266 124 128 274 274 137 125 247 249 172 186 112 171 170 187 276 276 
Ind606 140 134 266 266 124 124 274 277 137 125 247 279 172 186 112 171 170 167 276 276 
Ind607 144 140 266 266 126 126 277 274 146 158 261 243 178 174 167 167 169 170 268 268 
Ind608 132 144 266 268 124 124 277 274 140 155 243 239 188 186 110 171 187 170 176 274 
Ind609 132 144 266 268 124 124 277 277 140 155 243 241 188 182 110 169 187 169 176 268 
Ind610 138 144 266 266 126 128 277 277 140 146 247 257 154 182 171 169 168 167 170 268 
Ind611 146 138 266 266 128 126 274 274 140 149 239 247 180 178 169 167 168 170 280 172 
Ind612 138 132 268 266 126 128 277 274 137 146 243 243 172 176 112 169 170 172 170 168 
Ind613 132 152 266 266 130 124 274 277 146 149 255 289 178 178 167 112 169 168 170 280 
Ind614 136 134 266 266 124 124 277 274 146 155 253 247 174 172 112 114 168 167 270 178 
Ind615 134 150 266 266 122 130 274 274 146 140 241 245 180 178 112 114 187 173 270 170 
Ind616 134 134 266 266 122 132 274 274 143 140 257 241 168 178 108 167 170 170 278 178 
Ind617 134 150 266 266 128 128 274 277 158 143 241 241 180 182 112 114 170 187 276 170 
Ind618 136 138 266 266 128 128 274 274 143 146 255 241 180 186 167 116 171 170 176 268 
Ind619 144 138 266 268 124 126 274 274 149 143 239 243 162 176 112 169 171 170 274 270 
Ind620 128 138 266 266 116 126 274 274 134 146 247 243 172 184 112 169 169 189 268 180 
Ind621 136 144 268 266 130 122 274 274 149 146 247 269 174 172 169 169 170 172 278 176 
Ind622 152 166 266 266 128 126 274 274 140 140 241 241 178 186 167 169 172 168 172 174 
Ind623 152 166 266 266 128 126 274 274 140 143 241 251 178 184 167 169 172 168 172 174 
Ind624 134 134 268 266 122 130 274 274 149 176 241 247 178 172 167 114 177 170 268 276 
Ind625 134 134 266 266 124 122 277 277 176 134 243 241 168 186 171 108 170 170 174 276 
Ind626 134 136 266 266 126 130 274 274 146 146 257 235 178 182 112 171 177 170 174 268 
Ind627 134 136 266 266 126 126 274 274 146 146 257 235 178 182 112 112 177 170 174 276 
Ind628 140 136 266 268 128 126 274 274 146 146 247 243 182 184 167 167 171 169 190 280 
Ind629 136 132 266 266 128 128 274 274 146 119 245 241 174 184 118 167 165 170 268 280 
Ind630 136 132 266 268 126 128 274 274 140 143 243 243 162 188 110 112 179 172 170 176 
Ind631 132 132 266 268 132 124 274 274 146 146 247 241 180 180 114 171 171 177 172 178 
Ind632 144 134 266 266 122 128 277 274 170 134 243 241 170 180 112 112 166 169 276 172 
Ind633 132 138 266 266 124 126 274 274 149 134 247 243 168 180 173 171 166 176 170 268 
Ind634 134 140 266 266 124 124 274 277 146 143 243 243 178 186 114 171 193 170 170 280 
Ind635 134 140 266 266 124 124 274 277 146 146 243 243 178 180 114 171 193 170 170 280 
Ind636 144 140 266 266 128 126 274 274 146 146 243 253 178 174 169 169 169 170 276 182 
Ind637 144 128 266 266 124 122 277 274 146 143 235 247 172 172 110 167 170 195 174 174 
Ind638 134 138 268 266 130 124 274 274 143 146 239 247 172 186 167 112 173 171 174 172 
Ind639 136 134 266 266 128 126 274 277 146 134 235 241 184 172 114 112 177 170 172 268 
Ind640 138 132 266 266 124 132 274 274 140 140 249 235 178 178 167 169 195 175 280 280 
Ind641 132 138 266 268 126 122 274 277 134 140 247 235 176 186 112 108 187 166 270 276 
Ind642 138 140 266 266 126 122 274 277 134 134 255 249 172 190 110 169 173 181 270 182 
Ind643 134 136 266 266 124 124 277 274 119 140 241 235 166 178 112 112 174 168 276 170 
Ind644 132 142 266 268 128 126 274 277 146 143 243 241 192 168 112 169 171 171 268 270 
Ind645 132 142 266 268 128 126 274 274 146 146 243 241 192 168 112 167 171 170 268 268 
Ind646 138 134 266 266 124 124 274 277 137 140 241 243 172 178 167 110 171 171 172 276 
Ind647 132 128 266 266 126 124 277 274 140 134 241 255 182 182 114 171 168 170 186 214 
Ind648 160 132 268 266 130 126 274 274 155 146 235 261 170 172 112 108 187 172 276 182 
Ind649 142 130 266 266 126 122 274 277 143 146 235 259 176 184 167 167 171 173 280 268 
Ind650 134 134 266 266 126 124 274 274 140 146 241 243 172 172 169 169 172 166 276 170 
Ind651 138 142 266 266 130 128 277 277 140 134 247 241 178 162 167 167 173 172 276 270 
Ind652 134 138 266 268 124 126 274 274 140 143 235 235 176 170 112 114 170 168 176 276 
Ind653 134 142 268 266 126 122 274 274 113 128 243 235 172 168 112 169 168 168 276 170 
Ind654 132 140 266 266 126 124 274 274 146 146 229 235 176 182 165 116 168 185 276 168 
Ind655 132 140 266 266 126 124 274 277 146 119 229 235 176 174 165 112 168 171 276 168 
Ind656 138 134 266 266 126 122 274 274 146 146 241 235 188 178 112 167 173 170 170 276 
Ind657 146 138 266 266 126 124 274 277 146 146 241 241 174 176 114 112 171 168 170 272 
Ind658 130 134 266 266 126 122 277 277 146 146 251 239 170 182 108 112 173 173 176 274 
Ind659 132 140 266 266 122 122 277 274 146 143 241 255 188 180 165 110 170 171 280 276 
Ind660 132 142 266 266 126 124 274 274 146 134 241 241 172 184 167 171 176 166 170 172 
Ind661 134 140 266 266 130 124 274 277 146 143 235 243 168 184 169 167 173 171 170 270 
Ind662 134 140 266 266 130 124 274 274 146 143 235 243 168 170 169 167 173 173 170 270 
Ind663 134 144 266 266 130 124 274 277 146 134 235 243 168 184 169 110 173 173 170 270 
Ind664 136 132 266 268 128 122 277 274 143 137 259 243 180 184 114 169 168 158 186 276 
Ind665 136 130 266 268 128 122 277 274 143 137 259 243 180 184 114 169 168 158 186 270 
Ind666 134 132 268 268 136 128 274 274 146 146 255 241 176 178 112 167 169 168 280 276 
Ind667 132 132 266 266 128 126 274 274 119 146 247 243 184 154 112 169 172 174 280 178 
Ind668 140 140 266 266 128 126 277 274 149 146 255 241 182 172 173 112 177 168 276 270 
Ind669 140 140 266 266 128 126 277 274 149 146 255 241 182 172 173 169 177 168 276 270 
Ind670 140 140 266 266 128 126 277 274 149 146 255 235 182 172 173 112 177 168 276 276 
Ind671 132 142 268 266 130 122 274 277 152 167 243 255 178 180 114 169 173 172 176 276 
Ind672 136 138 266 266 122 122 277 274 158 146 241 239 178 170 112 169 171 169 174 276 
Ind673 140 134 266 266 132 122 277 274 146 146 269 251 178 172 114 167 171 168 172 176 
Ind674 134 138 266 266 132 128 277 277 146 146 253 243 172 178 110 114 168 169 268 174 
Ind675 134 134 266 266 132 128 277 277 146 167 253 235 172 178 110 112 168 169 268 276 
Ind676 134 138 266 266 122 126 274 274 143 137 257 241 172 180 169 114 168 170 270 170 
Ind677 140 138 266 266 128 124 277 274 146 152 241 269 178 176 112 112 168 170 280 178 
Ind678 132 144 266 268 126 128 277 277 146 146 255 241 178 186 177 169 176 176 268 170 
Ind679 140 130 268 266 130 126 274 277 155 146 251 247 180 174 114 110 170 170 280 268 
Ind680 140 130 268 266 130 126 274 274 155 146 251 247 180 174 114 110 170 173 280 170 
Ind681 140 142 268 266 130 128 274 277 155 146 251 247 180 172 114 110 170 170 280 170 
Ind682 134 144 266 266 130 130 274 277 134 164 241 245 180 168 112 167 172 168 176 268 
Ind683 140 134 266 268 124 128 274 277 119 146 253 243 178 178 169 112 158 185 168 174 
Ind684 128 152 266 268 124 124 274 274 176 146 239 239 178 176 169 112 177 168 186 178 
Ind685 128 144 266 266 124 128 274 274 176 146 239 251 178 176 169 112 177 177 186 278 
Ind686 138 134 266 266 126 122 274 274 137 149 259 235 174 176 167 169 188 168 268 268 
Ind687 134 134 266 268 130 130 274 274 155 146 255 235 178 186 112 167 168 170 268 270 
Ind688 142 134 266 266 128 126 274 274 146 146 235 235 174 174 112 169 168 171 276 176 
Ind689 138 132 266 266 126 132 274 277 143 146 243 235 186 182 177 169 175 170 268 172 
Ind690 136 132 268 266 124 126 274 277 146 143 241 251 172 186 112 112 176 172 176 176 
Ind691 136 132 268 266 124 126 274 277 146 143 241 251 172 176 112 112 176 172 176 176 
Ind692 136 132 268 266 124 126 274 277 155 146 241 241 180 174 112 165 176 168 270 172 
Ind693 128 138 266 266 130 128 274 277 134 143 243 247 172 180 171 112 170 172 174 268 
Ind694 134 144 266 268 126 124 274 274 140 146 247 247 176 172 112 112 170 173 172 268 
Ind695 134 144 266 268 126 124 274 274 140 140 247 273 176 172 112 112 170 187 172 268 
Ind696 134 144 266 268 126 130 274 274 140 140 247 247 176 172 112 112 170 187 172 268 
Ind697 132 138 266 266 124 130 277 274 155 146 241 239 172 182 116 114 175 169 174 176 
Ind698 136 142 266 268 130 130 274 274 146 167 243 259 180 168 169 112 168 173 268 278 
Ind699 132 134 266 268 128 126 274 277 146 143 241 247 182 184 112 112 175 171 278 172 
Ind700 132 130 266 266 124 124 277 277 140 134 245 241 176 190 112 175 171 171 278 168 
Ind701 132 140 266 266 128 124 277 274 146 113 235 235 168 180 169 163 170 181 172 174 
Ind702 134 142 266 266 124 122 274 274 146 143 255 267 168 178 169 169 169 167 170 174 
Ind703 132 142 266 266 124 128 274 274 146 146 243 243 176 184 112 108 174 170 174 176 
Ind704 146 136 266 266 124 128 274 274 143 134 251 245 172 180 167 112 171 166 170 172 
Ind705 134 140 266 266 126 126 274 274 155 146 253 247 170 176 167 112 171 171 174 280 
Ind706 132 144 266 266 126 130 274 274 140 146 241 273 170 184 169 118 177 175 174 176 
Ind707 140 134 266 266 124 126 274 274 143 143 255 243 174 168 169 110 177 171 276 276 
Ind708 132 138 266 266 126 124 274 274 134 137 241 241 178 168 110 171 171 177 170 174 
Ind709 134 132 266 266 126 124 274 274 149 143 241 235 176 182 167 110 174 172 276 172 
Ind710 138 142 266 266 124 124 274 277 143 146 233 243 170 170 108 167 172 169 276 172 
Ind711 134 130 266 266 130 122 277 274 149 149 235 241 176 172 167 108 170 169 268 270 
Ind712 130 140 268 266 132 128 274 274 146 152 239 243 176 168 167 171 172 170 182 214 
Ind713 130 138 268 266 132 124 274 274 146 152 239 243 176 182 167 171 172 170 182 214 
Ind714 130 138 268 266 132 124 274 274 146 152 239 243 176 168 167 171 172 172 182 214 
Ind715 140 144 266 266 124 128 274 274 149 146 259 243 174 182 167 169 177 173 172 268 
Ind716 144 140 266 268 130 130 274 274 164 146 255 241 180 176 116 112 172 170 178 268 
Ind717 134 128 266 266 126 130 274 277 146 146 239 247 174 184 112 165 172 172 176 190 
Ind718 134 138 266 266 128 122 274 277 146 146 239 241 176 180 171 165 170 170 178 172 
Ind719 134 132 266 266 128 122 274 274 146 146 239 243 176 180 171 165 170 170 178 172 
Ind720 132 134 268 266 124 124 277 274 140 146 247 243 172 172 112 110 169 170 282 268 
Ind721 134 142 266 266 126 128 274 277 146 140 241 247 172 172 110 167 170 168 274 278 
Ind722 134 140 266 266 130 126 274 274 140 134 289 243 172 186 112 114 171 167 176 174 
Ind723 142 144 266 266 130 122 274 277 143 143 269 253 176 178 112 167 167 170 278 276 
Ind724 134 132 266 266 130 130 277 274 140 146 257 251 172 168 167 112 167 168 172 172 
Ind725 134 134 266 266 124 122 274 274 146 140 235 241 168 168 171 110 169 170 182 172 
Ind726 128 146 268 266 126 124 274 274 140 146 241 243 170 170 171 112 169 187 180 170 
Ind727 138 134 268 266 126 126 274 274 146 140 261 241 182 168 165 171 171 169 176 268 
Ind728 132 138 266 266 130 130 277 274 137 146 235 235 184 170 114 112 168 169 176 274 
Ind729 128 134 266 266 126 128 274 277 146 143 241 263 180 168 171 112 170 167 276 174 
Ind730 142 142 266 266 132 126 274 277 146 155 241 237 170 176 169 167 169 172 268 276 
Ind731 132 140 266 266 128 122 274 277 140 155 241 241 166 182 114 114 170 187 270 276 
Ind732 132 136 266 266 124 126 274 277 143 143 241 267 172 182 110 169 170 166 272 270 
Ind733 134 138 266 268 126 122 274 274 152 143 241 231 180 182 112 112 174 170 280 268 
Ind734 132 140 266 268 124 124 274 277 140 146 241 247 182 178 169 169 168 187 276 174 
Ind735 128 130 266 268 124 122 274 274 134 140 241 269 186 178 169 167 171 170 270 268 
Ind736 136 138 266 266 126 122 277 274 134 140 241 235 172 172 171 112 168 172 214 178 
Ind737 136 138 266 266 126 130 277 274 134 140 241 235 172 192 171 169 168 170 214 172 
Ind738 136 132 266 268 130 128 274 274 140 140 253 231 170 184 112 114 177 168 280 278 
Ind739 132 138 266 266 130 130 274 277 149 143 241 241 180 176 169 165 169 187 176 274 
Ind740 132 130 266 268 128 126 274 274 140 140 241 269 186 186 112 114 169 172 170 276 
Ind741 138 132 266 268 124 124 277 274 119 143 237 235 182 178 112 163 167 171 270 278 
Ind742 138 134 266 268 124 124 277 274 119 146 237 255 182 178 112 173 167 174 270 188 
Ind743 140 134 266 266 124 122 274 274 146 134 241 243 184 184 177 114 170 169 280 272 
Ind744 138 146 266 268 132 126 274 274 143 140 241 241 188 170 173 169 168 176 280 280 
Ind745 138 134 266 268 126 130 274 274 119 146 241 243 184 172 112 173 172 172 282 176 
Ind746 144 132 266 266 130 128 277 274 143 149 245 249 186 178 114 169 172 168 268 280 
Ind747 138 134 266 266 124 124 274 274 146 176 241 269 176 182 167 167 187 169 172 276 
Ind748 138 134 266 266 124 124 274 274 146 176 241 269 176 182 167 167 187 168 172 184 
Ind749 138 134 266 266 124 124 274 274 146 140 241 269 176 168 167 167 187 169 172 276 
Ind750 132 140 266 266 126 126 277 274 146 143 259 235 178 170 108 167 169 169 170 178 
Ind751 134 132 266 266 122 128 277 274 146 134 241 243 174 182 110 112 179 172 270 276 
Ind752 140 132 266 266 122 126 274 274 140 137 241 241 180 174 169 165 169 168 172 276 
Ind753 132 136 266 266 126 126 274 277 134 143 243 243 188 180 171 171 171 169 276 170 
Ind754 132 128 268 266 124 128 274 277 146 125 253 255 174 184 167 112 187 171 174 172 
Ind755 132 132 266 266 130 122 274 274 155 140 255 231 176 176 167 169 170 185 178 268 
Ind756 132 134 266 266 122 126 274 274 143 146 241 251 184 176 167 116 170 170 176 280 
Ind757 140 136 266 266 130 122 274 277 143 146 235 241 178 172 167 169 189 169 276 172 
Ind758 134 134 268 266 124 122 274 277 149 146 243 241 176 174 169 169 172 168 174 280 
Ind759 132 138 266 266 124 128 274 277 134 149 231 255 166 178 169 114 171 174 268 168 
Ind760 132 134 266 266 124 124 274 274 146 146 255 241 178 176 169 114 169 175 174 276 
Ind761 134 142 266 266 130 124 274 277 146 158 255 247 176 184 108 169 169 172 172 268 
Ind762 140 134 266 266 126 130 274 274 149 152 229 243 178 172 167 110 169 171 280 278 
Ind763 144 132 266 266 124 122 274 274 137 140 241 247 178 182 169 112 173 172 176 174 
Ind764 132 144 266 266 124 128 274 274 146 155 255 243 172 182 112 110 169 187 270 176 
Ind765 132 134 266 268 128 126 274 274 134 146 235 241 180 174 165 165 170 168 176 168 
Ind766 140 132 266 268 126 128 274 274 140 113 243 257 180 186 114 169 169 168 170 268 
Ind767 134 128 266 266 122 128 274 274 134 146 255 243 168 166 171 169 173 175 176 280 
Ind768 136 136 266 266 124 122 274 277 143 149 243 243 188 180 112 169 168 166 274 178 
Ind769 132 134 266 266 128 126 277 274 137 146 241 243 172 168 114 116 173 187 172 176 
Ind770 132 134 268 268 124 122 274 277 146 143 241 255 184 182 112 169 169 172 170 172 
Ind771 134 134 266 266 126 132 274 274 146 143 243 241 182 182 167 167 170 177 268 170 
Ind772 172 134 266 266 124 122 274 274 143 140 247 243 174 170 169 169 170 174 272 270 
Ind773 140 140 266 266 122 124 274 277 146 140 243 243 184 176 167 169 175 179 276 270 
Ind774 132 134 266 266 126 132 274 274 143 146 235 241 176 190 177 169 172 174 280 272 
Ind775 132 134 266 266 128 124 274 274 140 146 241 243 178 178 112 116 174 168 276 176 
Ind776 134 138 266 266 128 126 274 274 143 146 245 243 182 174 169 114 171 169 174 180 
Ind777 128 140 266 266 128 126 274 274 146 146 255 239 186 186 167 110 187 170 268 182 
Ind778 132 138 266 266 132 126 274 274 149 164 235 253 182 182 173 116 168 166 174 172 
Ind779 136 130 266 266 126 124 274 274 146 146 235 243 180 176 112 108 171 176 276 170 
Ind780 136 144 266 266 126 130 277 274 146 149 269 249 168 178 173 167 175 168 174 170 
Ind781 138 136 268 266 128 126 274 274 143 155 243 251 172 178 110 167 172 168 172 176 
Ind782 140 142 266 266 124 126 277 274 134 137 241 229 178 176 112 110 170 167 276 270 
Ind783 138 136 266 266 128 122 274 274 146 134 241 245 186 178 175 169 175 168 268 168 
Ind784 138 136 266 266 128 128 274 274 146 134 241 243 186 178 175 114 175 173 268 172 
Ind785 138 136 266 266 128 128 274 274 146 134 241 243 186 172 175 169 175 168 268 172 
Ind786 134 144 266 268 130 128 277 274 146 143 243 241 174 172 167 114 168 171 280 168 
Ind787 140 134 266 266 126 130 274 277 146 143 229 251 172 182 110 112 169 168 276 170 
Ind788 132 144 266 266 132 130 277 274 140 143 243 235 180 170 169 112 170 169 170 270 
Ind789 132 134 266 266 132 130 277 274 140 137 243 251 180 170 169 112 170 169 170 170 
Ind790 132 144 266 266 132 130 277 277 140 137 243 251 180 182 169 112 170 169 170 270 
Ind791 134 138 266 266 126 124 277 274 149 134 243 241 176 176 112 169 173 167 172 172 
Ind792 134 142 266 266 128 126 274 274 134 134 241 249 154 182 114 167 176 170 170 168 
Ind793 142 138 266 266 128 126 274 266 143 134 251 241 174 160 169 112 169 172 268 174 
Ind794 142 142 266 266 124 126 274 274 149 140 269 235 180 178 114 112 170 168 268 174 
Ind795 134 132 266 266 130 124 274 274 149 146 241 241 176 170 112 167 168 177 276 278 
Ind796 140 144 266 266 128 126 274 277 146 146 241 267 176 180 167 165 174 169 182 268 
Ind797 132 132 266 266 122 124 274 274 134 161 255 231 172 178 167 169 170 173 176 268 
Ind798 134 134 266 268 130 124 277 277 149 140 245 235 178 174 116 169 169 168 272 176 
Ind799 138 132 266 266 124 124 274 274 140 146 255 243 176 192 108 169 170 189 176 270 
Ind800 144 140 266 266 124 124 274 277 134 143 241 235 174 176 167 108 169 172 280 276 
Ind801 144 140 266 266 124 124 274 274 134 143 241 241 174 176 167 165 169 169 280 276 
Ind802 144 140 266 266 124 124 274 277 134 134 241 235 174 176 167 108 169 169 280 276 
Ind803 136 132 268 268 130 130 274 274 140 140 253 235 188 176 165 114 172 173 170 268 
Ind804 132 132 266 266 130 130 274 274 146 140 235 241 182 178 114 167 170 189 176 170 
Ind805 140 130 266 266 124 122 274 274 146 146 261 241 176 180 112 169 171 170 174 192 
Ind806 132 144 266 266 126 130 274 277 134 149 247 241 178 174 110 112 187 181 176 276 
Ind807 144 140 266 266 128 124 274 274 143 140 251 257 168 154 169 112 170 174 174 176 
Ind808 130 134 266 266 126 130 274 274 143 137 243 239 172 186 167 112 187 170 278 276 
Ind809 134 134 266 266 126 130 274 274 146 146 243 243 184 168 112 169 172 179 174 176 
Ind810 134 132 266 266 126 130 274 274 146 146 243 243 184 168 112 169 172 179 174 280 
Ind811 132 138 266 266 122 128 274 274 143 119 249 241 192 180 112 110 177 170 270 268 
Ind812 134 138 266 266 122 128 274 277 146 146 245 249 188 178 112 167 171 168 268 174 
Ind813 134 132 266 266 116 128 274 277 140 134 263 259 186 180 114 114 168 167 268 268 
Ind814 132 136 266 266 122 124 274 274 140 146 247 241 174 176 169 171 168 175 176 268 
Ind815 138 134 266 266 126 122 277 277 149 140 247 243 178 176 112 114 176 179 284 182 
Ind816 138 134 266 266 126 122 277 274 149 134 247 243 178 178 112 110 176 171 284 182 
Ind817 152 140 266 266 126 128 274 274 134 146 243 269 184 172 167 114 169 187 280 174 
Ind818 134 128 266 266 130 130 274 274 140 146 243 245 188 184 112 112 171 170 172 268 
Ind819 132 140 266 266 122 124 277 277 149 146 243 247 176 172 112 112 172 172 274 176 
Ind820 134 132 266 266 130 122 274 274 146 161 241 241 188 166 169 112 168 170 172 280 
Ind821 134 134 266 266 124 128 274 274 146 137 241 235 182 190 112 110 179 175 270 170 
Ind822 140 152 266 268 130 128 274 277 146 146 239 243 182 172 112 112 177 181 278 276 
Ind823 134 138 266 268 132 124 274 274 134 149 241 235 174 170 112 167 168 175 178 172 
Ind824 132 136 266 266 128 122 277 274 143 134 241 251 172 170 171 167 171 177 172 176 
Ind825 132 138 266 266 122 126 274 274 146 143 241 231 180 168 112 171 181 177 280 172 
Ind826 136 138 266 268 126 122 274 277 143 143 271 241 174 168 165 179 167 168 170 172 
Ind827 134 134 268 266 128 126 274 274 146 134 245 241 180 176 106 112 177 171 268 282 
Ind828 134 140 268 266 128 126 274 277 146 134 245 251 180 176 106 112 177 171 268 282 
Ind829 132 138 266 266 128 122 274 274 146 146 243 255 178 180 173 114 170 172 268 272 
Ind830 134 132 266 268 128 124 277 274 146 146 247 255 166 174 167 167 173 168 268 180 
Ind831 132 134 266 266 130 130 277 274 143 146 243 255 184 182 165 112 169 169 176 170 
Ind832 144 142 266 266 130 128 274 274 146 140 241 235 168 176 114 112 171 170 174 276 
Ind833 134 132 268 266 124 128 277 277 149 143 247 241 172 178 167 112 170 172 268 170 
Ind834 140 128 266 268 124 124 274 274 140 146 231 255 180 182 167 167 170 173 188 176 
Ind835 144 138 266 266 124 122 277 274 161 143 241 263 178 190 171 108 171 170 190 172 
Ind836 134 134 266 266 124 124 274 274 140 149 247 247 182 172 110 114 170 168 270 280 
Ind837 144 134 266 266 130 130 277 274 146 146 243 251 178 178 112 116 175 168 276 268 
Ind838 140 146 266 266 130 126 274 274 149 134 241 241 180 168 173 169 170 172 280 170 
Ind839 134 132 266 268 126 126 274 274 155 146 243 243 180 174 112 167 168 170 276 170 
Ind840 134 132 266 266 122 124 274 274 152 146 243 239 180 178 114 171 169 172 280 268 
Ind841 128 134 266 266 126 126 277 274 146 143 263 255 172 172 169 108 170 170 276 170 
Ind842 128 134 266 266 128 130 274 274 143 146 241 239 170 170 171 167 170 170 170 174 
Ind843 136 136 266 266 126 124 274 277 143 146 255 241 182 174 169 112 170 173 172 268 
Ind844 138 132 266 266 126 130 274 274 146 146 235 243 184 166 169 167 187 168 172 270 
Ind845 138 132 266 266 126 130 274 274 146 143 235 243 184 186 169 167 187 176 172 176 
Ind846 144 144 266 266 124 130 277 274 146 134 241 231 182 168 169 108 173 170 176 176 
Ind847 144 140 266 266 124 130 277 274 146 134 241 241 182 168 169 108 173 170 176 176 
Ind848 134 134 266 266 126 122 274 274 146 140 245 239 176 176 110 167 170 169 170 268 
Ind849 134 134 266 266 124 126 274 274 146 146 259 241 180 180 110 167 168 171 172 268 
Ind850 144 134 266 266 124 124 277 274 140 146 243 241 182 180 169 169 170 170 270 270 
Ind851 132 138 266 266 124 132 274 274 134 146 241 243 174 176 112 108 170 168 268 172 
Ind852 142 130 266 266 126 126 274 274 155 146 243 247 154 180 114 169 170 167 280 276 
Ind853 134 134 266 266 126 126 274 274 146 146 255 241 174 182 114 108 170 170 280 172 
Ind854 146 138 266 266 128 130 274 274 143 134 241 231 172 186 169 112 175 175 280 268 
Ind855 146 148 266 266 122 128 277 274 143 143 235 243 188 178 171 169 176 168 176 172 
Ind856 144 132 266 266 124 126 274 274 176 134 267 241 168 176 169 165 171 171 190 276 
Ind857 142 136 266 266 122 126 274 274 134 143 235 229 168 172 112 114 177 170 280 276 
Ind858 160 134 266 266 126 116 274 277 146 146 257 245 182 180 167 112 169 172 180 172 
Ind859 134 144 266 266 124 122 274 274 140 161 241 243 182 172 112 177 177 169 174 276 
Ind860 134 134 268 266 130 126 274 277 146 146 241 229 192 174 112 169 185 169 268 178 
Ind861 134 134 266 266 124 124 274 274 155 143 267 241 178 174 167 114 166 169 176 170 
Ind862 134 134 266 266 124 128 274 274 155 161 267 241 178 174 167 114 166 169 176 170 
Ind863 134 138 266 266 126 126 274 274 146 146 239 241 168 180 169 169 168 172 282 278 
Ind864 134 128 266 266 124 126 277 277 137 134 247 249 176 174 169 169 170 166 174 178 
Ind865 138 140 266 266 124 128 277 274 146 149 251 259 170 166 112 167 173 175 268 180 
Ind866 138 142 266 266 124 128 277 274 146 149 251 259 170 166 112 167 173 172 268 180 
Ind867 136 138 266 266 126 122 274 274 146 137 255 241 170 170 167 171 173 166 268 280 
Ind868 136 128 266 266 130 130 274 277 140 149 245 243 174 186 114 114 170 169 268 268 
Ind869 142 128 266 266 130 122 274 274 164 119 241 243 180 178 114 167 177 175 276 170 
Ind870 172 132 266 266 130 126 274 274 140 143 235 241 174 178 171 167 170 172 170 176 
Ind871 138 132 268 268 128 124 274 274 134 146 229 241 154 180 112 112 179 167 172 174 
Ind872 138 132 268 266 128 124 274 274 134 146 229 241 154 180 112 112 179 177 172 174 
Ind873 130 136 266 266 126 130 274 274 146 137 247 269 180 174 112 167 172 189 276 280 
Ind874 130 132 266 266 126 130 274 277 146 137 247 241 180 178 112 167 172 189 276 280 
Ind875 144 134 266 266 126 122 277 274 146 146 247 243 172 170 110 171 173 168 176 268 
Ind876 144 132 266 266 126 124 274 277 146 143 257 235 178 176 167 169 173 172 268 172 
Ind877 144 132 266 266 126 124 274 277 146 143 257 235 178 176 167 169 173 172 268 278 
Ind878 132 138 266 266 128 126 274 274 146 146 243 251 180 176 112 116 172 171 270 270 
Ind879 134 140 266 266 130 126 274 274 146 146 235 243 182 174 167 169 170 170 172 178 
Ind880 150 136 266 266 126 126 274 274 146 137 253 255 178 174 167 169 173 170 196 170 
Ind881 134 128 268 266 122 128 274 274 146 152 241 241 174 184 167 169 175 172 176 270 
Ind882 144 132 266 266 122 126 277 274 167 140 241 235 170 174 112 167 168 176 170 270 
Ind883 134 132 266 266 124 132 274 274 146 143 251 269 174 182 167 114 171 172 268 276 
Ind884 134 138 266 266 130 126 274 274 140 152 241 247 182 178 171 167 174 168 280 170 
Ind885 134 138 266 266 130 132 274 274 140 152 241 243 182 178 171 167 174 168 280 170 
Ind886 128 138 266 266 122 126 274 274 134 146 259 241 180 180 169 165 170 172 174 276 
Ind887 128 132 266 268 126 122 274 274 143 140 241 241 180 194 171 108 168 168 170 172 
Ind888 132 138 266 268 130 126 277 274 125 146 257 253 176 186 112 169 168 172 270 276 
Ind889 138 142 266 268 124 124 277 277 149 146 235 241 168 174 114 171 176 171 172 178 
Ind890 138 142 266 268 124 122 277 274 149 146 235 241 168 174 114 171 176 168 172 168 
Ind891 144 134 266 266 126 132 277 274 143 152 241 241 154 178 112 167 168 171 178 268 
Ind892 132 136 266 268 124 124 274 274 155 134 247 241 178 174 167 169 168 168 268 170 
Ind893 134 138 266 266 124 128 274 274 146 143 243 245 180 178 165 112 171 170 280 170 
Ind894 142 160 266 268 130 128 274 274 152 146 231 253 186 168 169 112 175 173 172 176 
Ind895 132 132 266 266 130 128 274 274 140 146 247 259 182 186 173 169 170 170 276 176 
Ind896 142 134 266 266 124 124 274 274 140 146 255 269 178 176 112 169 171 168 274 170 
Ind897 134 138 266 266 130 126 274 274 146 113 235 259 176 186 114 114 169 169 172 172 
Ind898 140 132 266 266 126 128 277 274 146 140 243 243 172 178 169 175 171 169 276 276 
Ind899 128 128 268 266 126 130 277 274 140 140 255 241 182 178 167 169 170 175 268 266 
Ind900 132 130 266 266 126 130 274 274 167 146 255 251 178 176 169 167 167 168 170 270 
Ind901 132 134 266 266 126 124 274 274 167 146 255 251 178 176 169 167 167 168 170 270 
Ind902 132 134 266 266 126 130 274 274 167 134 255 251 178 170 169 167 167 168 170 170 
Ind903 132 130 266 266 126 124 274 274 167 134 255 251 178 176 169 167 167 168 170 170 
Ind904 138 140 266 266 124 128 274 274 167 143 241 245 186 174 169 112 187 170 268 170 
Ind905 144 138 266 266 128 126 274 274 155 134 257 255 172 196 112 114 170 177 172 170 
Ind906 132 132 266 266 124 128 274 277 143 143 241 241 174 180 169 114 170 170 268 274 
Ind907 134 142 268 268 124 122 274 274 146 143 243 241 178 172 112 171 187 172 268 280 
Ind908 134 138 268 268 124 130 274 274 146 146 243 241 178 154 112 171 187 170 268 280 
Ind909 142 134 266 266 126 124 274 274 146 143 243 241 174 174 169 167 177 171 174 276 
Ind910 142 134 266 266 126 124 274 274 146 143 243 241 174 174 169 167 177 171 174 276 
Ind911 140 128 266 266 132 124 274 274 146 146 245 241 172 178 167 167 174 167 268 172 
Ind912 138 132 266 266 136 122 277 274 146 140 241 241 188 174 167 114 173 170 276 180 
Ind913 134 146 266 266 128 124 274 274 140 140 247 247 176 176 114 167 169 169 178 174 
Ind914 134 146 266 266 128 124 274 274 140 140 247 247 176 178 114 114 169 169 178 274 
Ind915 138 144 266 266 126 122 274 277 170 146 235 247 180 170 112 112 168 177 280 176 
Ind916 138 140 266 266 126 122 274 274 170 146 235 235 180 170 112 167 168 169 280 176 
Ind917 138 144 266 266 126 130 274 277 170 146 235 235 180 174 112 167 168 177 280 176 
Ind918 138 144 266 266 126 122 274 274 170 146 235 235 180 174 112 112 168 177 280 176 
Ind919 132 138 266 266 122 128 274 274 140 140 247 243 170 174 112 171 175 189 280 176 
Ind920 138 140 266 266 124 126 277 274 146 146 255 243 182 174 169 169 172 173 280 276 
Ind921 134 134 266 266 130 130 274 277 146 143 241 235 182 168 110 110 174 172 174 272 
Ind922 138 140 266 266 126 126 274 274 140 137 241 247 176 172 112 169 172 170 268 276 
Ind923 132 134 266 266 124 124 274 274 155 119 245 253 184 172 112 114 172 167 176 174 
Ind924 136 144 266 266 128 126 274 277 134 113 235 243 190 182 112 110 168 170 174 276 
Ind925 140 142 266 268 130 128 277 274 143 146 243 251 182 172 169 112 172 170 168 276 
Ind926 132 144 268 266 126 116 274 277 146 140 241 243 184 172 110 110 168 179 276 174 
Ind927 134 132 266 266 130 128 274 274 146 134 269 239 178 172 167 171 176 170 276 174 
Ind928 134 132 266 266 130 128 274 274 146 134 269 251 178 176 167 167 176 170 276 174 
Ind929 132 128 266 268 126 128 277 274 140 149 241 243 174 170 112 110 170 167 178 268 
Ind930 150 138 266 266 124 132 274 277 134 146 243 257 168 174 112 169 173 173 172 176 
Ind931 150 138 266 266 124 132 274 277 134 146 243 257 168 174 112 169 173 171 172 176 
Ind932 144 140 268 266 124 116 274 274 134 149 241 253 188 182 175 112 172 189 276 170 
Ind933 144 140 266 266 130 130 274 274 134 146 253 247 172 186 114 112 170 166 270 270 
Ind934 144 144 266 266 122 130 274 274 143 143 259 241 180 180 169 114 166 177 170 276 
Ind935 144 144 266 268 122 130 274 274 143 134 259 243 180 180 169 112 166 177 170 276 
Ind936 134 132 266 266 130 124 274 274 143 146 259 249 188 168 112 167 170 189 276 270 
Ind937 134 140 268 266 122 126 274 274 146 119 241 257 178 182 169 112 170 172 170 268 
Ind938 142 132 268 266 128 126 277 274 137 146 251 243 172 172 165 112 170 169 168 268 
Ind939 132 134 266 266 126 126 274 274 140 146 247 243 172 172 167 114 170 171 174 176 
Ind940 134 140 266 266 130 128 274 274 155 140 249 255 186 172 169 169 170 187 280 278 
Ind941 134 140 266 266 130 128 274 274 155 140 249 241 186 176 169 112 170 171 280 176 
Ind942 172 132 266 266 126 130 274 274 146 137 255 241 178 170 169 169 168 168 178 276 
Ind943 140 138 266 266 126 124 277 274 143 146 253 247 178 176 167 112 169 169 176 276 
Ind944 134 134 266 266 130 126 277 277 146 146 243 255 162 174 171 171 168 172 280 274 
Ind945 140 138 266 266 122 132 274 274 161 146 247 251 172 192 169 167 179 170 192 186 
Ind946 138 138 266 266 124 124 274 274 146 128 251 257 184 178 112 112 177 169 172 170 
Ind947 138 138 266 266 124 124 274 274 146 134 251 257 184 178 112 112 177 170 172 170 
Ind948 132 140 266 268 130 128 277 277 143 146 257 247 184 180 167 112 172 170 272 176 
Ind949 140 132 266 266 126 128 277 277 149 146 241 235 178 172 112 173 171 171 280 172 
Ind950 138 140 266 266 130 124 277 277 146 143 237 257 178 174 169 167 173 171 178 276 
Ind951 138 140 266 266 130 124 277 277 146 140 237 241 178 174 169 167 173 193 178 172 
Ind952 132 138 266 266 122 124 274 274 134 143 241 241 168 168 169 169 168 169 176 172 
Ind953 132 142 266 266 122 124 274 274 134 143 241 241 168 184 169 169 168 168 176 280 
Ind954 144 138 266 266 128 128 277 274 146 125 259 259 182 184 112 112 170 169 268 170 
Ind955 144 138 266 266 128 128 277 274 146 125 259 259 182 184 112 112 170 170 268 268 
Ind956 132 128 268 266 126 126 274 274 143 146 241 243 178 174 167 169 170 175 276 276 
Ind957 140 130 266 266 126 130 274 274 119 140 241 243 176 180 114 163 176 185 172 178 
Ind958 132 134 266 268 126 128 274 274 119 140 241 243 184 170 173 167 171 176 274 268 
Ind959 132 140 266 268 126 128 274 274 119 140 241 243 184 180 173 169 171 179 274 174 
Ind960 136 144 268 266 124 130 277 274 140 146 257 235 168 172 112 112 193 169 174 272 
Ind961 136 140 266 266 126 126 277 277 119 119 241 259 172 174 114 112 172 171 276 280 
Ind962 134 140 266 266 124 126 274 274 140 146 253 241 174 178 167 114 167 177 176 172 
Ind963 134 140 266 268 124 126 274 274 140 134 253 241 174 178 167 177 167 177 176 172 
Ind964 132 134 266 266 124 126 274 274 146 140 257 241 180 170 114 167 179 168 276 170 
Ind965 134 134 266 266 126 126 274 274 146 140 261 249 176 184 112 106 170 172 268 280 
Ind966 134 140 266 266 124 124 274 277 146 140 241 245 188 178 114 169 170 169 172 270 
Ind967 134 134 266 266 124 126 277 277 134 140 289 241 176 176 112 114 169 170 172 276 
Ind968 134 134 266 266 124 126 277 277 134 140 289 249 176 176 112 114 169 170 172 268 
Ind969 132 132 266 266 130 124 277 274 146 140 257 247 178 168 114 167 176 168 270 276 
Ind970 132 136 266 266 122 122 277 274 146 143 241 259 184 188 112 112 173 170 276 268 
Ind971 132 140 266 266 124 126 274 277 137 140 235 235 182 178 112 169 170 172 174 172 
Ind972 142 132 266 266 126 124 277 274 146 146 235 233 176 186 167 167 187 168 176 172 
Ind973 134 136 266 268 116 130 277 277 146 140 249 241 176 172 169 112 170 173 192 180 
Ind974 138 146 266 266 130 126 274 274 155 146 241 255 170 180 114 169 169 169 282 176 
Ind975 138 134 266 266 130 126 274 274 155 134 241 255 170 166 114 169 169 169 282 176 
Ind976 144 152 266 266 130 126 274 277 149 146 241 241 176 184 112 175 171 168 182 176 
Ind977 144 144 266 266 130 126 274 274 149 140 241 241 176 184 112 167 171 168 182 172 
Ind978 140 134 266 266 122 130 274 274 146 134 247 255 182 162 171 171 172 170 276 276 
Ind979 136 132 266 268 124 132 274 274 143 140 247 241 170 176 112 169 170 177 170 272 
Ind980 136 132 266 268 124 132 274 274 143 143 247 241 170 178 112 169 170 174 170 272 
Ind981 142 140 266 266 122 130 274 274 137 149 243 247 176 174 167 112 169 170 176 270 
Ind982 140 134 268 266 130 124 274 274 143 140 235 249 182 168 169 169 179 175 276 276 
Ind983 140 134 268 266 130 124 274 274 143 146 235 249 182 168 169 169 179 175 276 190 
Ind984 134 138 266 266 124 128 274 274 134 140 257 241 174 176 169 171 175 174 176 170 
Ind985 132 134 268 266 126 128 274 274 146 158 243 253 168 174 112 171 168 193 172 178 
Ind986 132 134 268 266 126 122 274 274 146 134 243 257 168 174 112 167 168 175 172 268 
Ind987 132 134 266 266 124 126 274 274 140 143 235 241 174 190 112 169 170 177 280 178 
Ind988 136 138 266 268 122 130 274 274 152 140 251 241 164 176 173 112 174 168 174 182 
Ind989 136 132 266 268 122 130 274 274 152 146 251 241 164 176 173 112 174 168 174 182 
Ind990 134 134 266 266 128 128 274 274 134 155 259 253 176 168 112 112 168 171 276 178 
Ind991 134 134 266 268 128 124 274 277 146 143 243 243 182 168 169 110 168 169 180 172 
Ind992 134 142 266 268 126 130 274 274 134 152 243 259 174 178 167 110 187 172 172 174 
Ind993 134 144 266 268 126 126 274 274 134 152 243 231 174 172 167 110 187 172 172 174 
Ind994 136 140 268 266 128 122 274 277 119 143 247 279 176 178 169 167 170 179 174 280 
Ind995 136 140 268 268 128 122 274 277 119 140 247 279 176 178 169 167 170 179 174 280 
Ind996 134 144 266 266 124 124 274 274 140 146 243 241 180 176 173 169 173 170 268 170 
Ind997 136 142 266 268 124 128 274 277 143 137 235 241 170 182 169 163 168 175 278 268 
Ind998 142 142 268 268 126 126 277 274 140 119 241 241 178 184 169 114 168 193 268 272 
Ind999 136 136 266 268 130 128 274 274 134 164 241 247 176 178 112 114 170 169 180 198 
Ind1000 136 136 266 268 130 128 274 274 134 143 241 237 176 180 112 114 170 169 180 178 

0 0 !Probabilities that the father and mother of an offspring included in candidates
0 0 !Numbers of candidate males and females



0 0 !Number of known paternities

0 0 !Number of known maternities

0 !Number of known paternal sibships with unknown fathers

0  !Number of known maternal sibships with unknown mothers

0  !Number of offspring with known excluded paternity

0  !Number of offspring with known excluded maternity

0  !Number of offspring with known excluded paternal sibships

0  !Number of offspring with known excluded maternal sibships

