mixtus_pp0.8 ! C, Dataset name, Length<51
mixtus_pp0.8 ! C, Main output file name, Length<21
1000 ! I, Number of offspring in the sample
10 ! I, Number of loci
123 ! I, Seed for random number generator
0 ! B, 0/1=Not updating/updating allele frequency
2 ! 2/1=Dioecious/Monoecious
0 ! 0/1=No inbreeding/inbreeding
1 ! B, 0/1=Diploid species/HaploDiploid species
1 0 ! B, 0/1=Polygamy/Monogamy for males & females
0 ! 0/1=No clone inference/clone inference
0 ! 0/1=No scaling/sibship size scaling
0 0 0 ! B, R, R : Use sibship prior, Y/N=1/0. If Yes, give mean paternal, maternal sibship size
0 ! B, 0/1=Unknown/Known population allele frequency

1 ! I, Number of runs
3 ! I, Length of Run (1, 2, 3) = (Short, Medium, Long)
1 ! B, 0/1=Monitor method by Iterate#/Time in second
60 ! I, Monitor interval in Iterate#/Seconds
0 ! B, 0/1=Other platform/Windows execution
1 ! 1/0=Full-likelihood/pairwise-likelihood score method
3 ! 1/2/3=low/medium/high precision


BT10 BTMS0057 BTMS0086 BTMS0066 BTMS0062 BTMS0136 BTMS0126 BL13 BTMS0083 B126 !Marker IDs
0 0 0 0 0 0 0 0 0 0 !Marker types, 0/1=Codominant/Dominant
0 0 0 0 0 0 0 0 0 0 !Marker-specific allelic dropout rate
0 0 0 0 0 0 0 0 0 0 !Other marker-specific typing-error rate


1 142 142 NA 266 NA 126 NA 274 NA 143 NA 245 NA 182 NA 169 NA 177 NA 280 !Offspring ID and genotypes
2 NA 134 266 266 NA 126 274 277 NA 140 NA 255 176 188 NA 167 168 169 170 180 
3 NA 138 NA 266 NA 126 NA 274 NA 140 NA 243 NA 180 NA 165 NA 169 NA 172 
4 NA 138 NA 266 NA 126 NA 274 NA 140 NA 243 NA 180 NA 165 NA 169 NA 172 
5 NA 134 NA 266 NA 122 NA 274 NA 152 NA 235 NA 178 NA 169 NA 175 NA 276 
6 NA 132 266 266 NA 124 NA 274 NA 146 251 235 NA 174 NA 169 NA 193 NA 278 
7 NA 134 NA 266 NA 124 NA 274 NA 143 NA 241 172 174 NA 114 NA 170 NA 172 
8 NA 134 NA 266 NA 124 NA 274 NA 146 NA 247 172 174 NA 116 NA 170 NA 170 
9 NA 132 NA 266 NA 128 274 274 NA 146 NA 251 NA 174 NA 112 169 170 NA 176 
10 NA 134 NA 266 NA 124 274 274 NA 143 NA 241 NA 180 NA 167 NA 187 NA 268 
11 NA 138 266 266 NA 128 274 277 NA 140 NA 243 NA 172 NA 110 171 175 NA 170 
12 148 132 NA 266 NA 124 NA 274 NA 143 NA 241 NA 182 NA 167 NA 168 268 172 
13 136 128 266 266 NA 122 NA 277 NA 140 NA 249 NA 180 NA 169 170 169 NA 174 
14 NA 134 NA 268 NA 126 NA 274 140 140 NA 255 178 174 NA 114 NA 168 NA 280 
15 NA 134 NA 266 NA 128 NA 274 NA 140 243 255 168 184 NA 112 170 189 268 176 
16 NA 134 NA 266 NA 124 NA 274 NA 146 243 255 168 180 NA 112 170 169 268 280 
17 NA 144 NA 266 NA 126 NA 274 146 140 NA 245 NA 176 NA 112 NA 168 NA 280 
18 NA 138 NA 266 NA 126 NA 274 146 146 NA 267 NA 182 NA 112 NA 168 NA 280 
19 NA 144 NA 266 NA 126 NA 277 146 146 NA 245 NA 176 NA 112 NA 168 NA 280 
20 138 132 NA 268 NA 126 277 277 NA 146 NA 249 NA 162 NA 116 NA 168 NA 276 
21 NA 152 NA 266 NA 124 NA 274 NA 113 NA 247 NA 188 NA 167 NA 168 NA 272 
22 NA 138 NA 266 NA 124 NA 277 NA 113 NA 249 NA 176 NA 167 NA 168 NA 272 
23 NA 136 NA 266 128 124 NA 274 NA 140 NA 241 NA 180 NA 169 NA 166 176 178 
24 NA 136 NA 266 128 124 NA 274 NA 140 NA 241 NA 180 NA 169 NA 166 176 178 
25 NA 138 NA 266 NA 126 NA 274 NA 146 NA 243 NA 178 114 169 NA 171 172 270 
26 NA 148 NA 266 NA 130 NA 274 NA 134 NA 257 NA 178 NA 167 NA 170 NA 176 
27 132 134 NA 266 NA 128 274 274 NA 146 NA 241 NA 184 112 167 NA 168 NA 270 
28 132 134 NA 266 NA 128 274 277 NA 146 NA 241 NA 184 112 112 NA 168 NA 276 
29 132 140 NA 266 NA 128 274 274 NA 146 NA 243 NA 184 112 112 NA 172 NA 270 
30 NA 146 NA 268 NA 126 NA 274 NA 137 NA 239 NA 188 NA 114 NA 171 172 174 
31 144 140 NA 266 NA 128 274 274 NA 149 NA 241 NA 176 NA 167 NA 171 NA 276 
32 NA 134 NA 266 NA 126 274 274 NA 146 NA 235 NA 176 NA 169 NA 164 NA 276 
33 132 132 NA 266 NA 130 277 274 NA 143 NA 257 NA 168 NA 171 169 187 NA 276 
34 132 134 NA 266 NA 130 277 274 NA 155 NA 257 NA 168 NA 171 169 187 NA 270 
35 132 132 NA 268 NA 130 277 274 NA 155 NA 257 NA 174 NA 171 169 168 NA 276 
36 132 134 NA 266 NA 130 277 274 NA 143 NA 257 NA 168 NA 171 169 168 NA 276 
37 138 144 NA 266 128 128 277 274 NA 197 NA 241 NA 176 NA 165 173 169 NA 280 
38 138 144 NA 266 128 122 277 277 NA 197 NA 235 NA 176 NA 165 173 166 NA 280 
39 134 134 NA 266 NA 124 274 274 NA 161 NA 241 NA 180 112 171 NA 168 NA 214 
40 NA 132 266 266 NA 124 NA 274 NA 146 NA 253 NA 172 112 108 NA 172 NA 276 
41 132 136 266 266 NA 128 NA 274 NA 134 NA 235 174 176 NA 173 NA 187 NA 176 
42 NA 138 NA 266 NA 126 NA 274 NA 167 NA 257 174 168 NA 167 NA 177 NA 174 
43 NA 138 NA 266 NA 124 NA 274 NA 140 NA 257 174 168 NA 112 NA 177 NA 174 
44 NA 134 NA 268 126 116 NA 277 NA 146 NA 241 NA 186 NA 112 NA 169 NA 276 
45 134 136 NA 268 124 126 NA 277 NA 137 NA 241 NA 184 NA 112 172 176 172 268 
46 134 136 NA 268 124 126 NA 277 NA 137 NA 243 NA 184 NA 114 172 170 172 268 
47 134 136 NA 268 124 126 NA 277 NA 137 NA 241 NA 184 NA 112 172 176 172 268 
48 NA 132 266 266 NA 126 NA 274 NA 140 NA 243 NA 182 NA 173 NA 170 NA 174 
49 144 138 NA 266 130 126 NA 277 NA 137 NA 243 NA 160 NA 114 NA 171 NA 268 
50 NA 132 NA 268 124 122 NA 274 NA 134 NA 239 NA 180 NA 167 NA 172 NA 276 
51 NA 134 268 268 NA 124 NA 274 NA 140 243 243 NA 176 NA 167 NA 172 NA 266 
52 NA 136 NA 266 122 128 NA 274 NA 140 NA 243 NA 180 NA 112 NA 170 268 172 
53 NA 128 NA 266 NA 116 NA 274 NA 146 NA 289 NA 182 NA 169 NA 168 NA 290 
54 NA 138 268 266 NA 132 NA 277 NA 146 NA 251 184 184 169 167 NA 168 NA 268 
55 NA 140 NA 268 NA 126 NA 274 NA 146 NA 241 NA 180 NA 163 NA 170 NA 270 
56 NA 134 NA 266 128 130 NA 274 NA 146 241 239 NA 182 169 112 NA 176 NA 172 
57 144 134 NA 266 128 130 NA 274 NA 158 NA 235 NA 172 NA 112 NA 187 NA 268 
58 136 132 NA 266 128 126 NA 274 NA 140 241 251 NA 174 NA 169 NA 169 NA 270 
59 144 140 NA 268 124 128 NA 277 NA 119 NA 241 NA 182 169 169 169 175 NA 276 
60 NA 128 NA 266 126 128 NA 274 NA 146 241 251 178 172 NA 112 NA 172 NA 172 
61 NA 132 NA 266 126 126 NA 277 NA 140 241 247 178 182 NA 112 NA 171 NA 172 
62 NA 138 268 266 NA 132 NA 274 NA 140 NA 235 NA 178 167 167 NA 170 NA 270 
63 NA 142 266 266 NA 126 274 274 NA 176 NA 241 NA 180 NA 114 NA 169 NA 280 
64 144 142 NA 266 NA 128 NA 274 146 140 NA 241 NA 184 NA 167 172 168 172 280 
65 134 144 NA 266 NA 124 NA 274 NA 149 NA 259 NA 170 NA 169 168 168 NA 276 
66 134 144 NA 266 NA 124 NA 274 NA 146 NA 259 NA 174 NA 112 168 168 NA 278 
67 NA 128 NA 266 NA 116 NA 274 NA 146 NA 259 NA 172 NA 114 NA 189 278 192 
68 NA 134 NA 266 NA 126 NA 274 NA 143 NA 247 NA 176 NA 167 179 172 NA 176 
69 NA 136 NA 266 NA 126 NA 277 NA 119 NA 253 170 186 112 112 170 168 NA 274 
70 NA 134 266 268 NA 126 NA 274 NA 140 NA 253 154 176 112 169 NA 185 NA 178 
71 138 134 NA 266 128 126 NA 274 NA 140 NA 259 NA 176 NA 169 NA 177 NA 270 
72 NA 128 266 266 130 130 NA 274 NA 134 NA 255 NA 174 NA 116 NA 168 NA 176 
73 NA 128 266 266 130 130 NA 274 NA 134 NA 255 NA 186 NA 116 NA 168 NA 176 
74 NA 132 NA 266 NA 124 NA 274 NA 146 NA 239 176 178 NA 114 NA 170 NA 268 
75 NA 144 NA 266 NA 128 NA 274 NA 146 NA 239 180 180 114 169 NA 170 NA 188 
76 NA 140 268 266 NA 130 NA 274 NA 146 NA 241 NA 182 NA 112 171 169 NA 276 
77 132 132 NA 266 NA 130 274 277 NA 143 NA 247 NA 168 NA 171 NA 170 NA 276 
78 NA 132 268 268 NA 130 NA 274 NA 146 NA 247 NA 166 NA 171 NA 173 174 180 
79 134 140 NA 266 NA 130 NA 277 NA 146 NA 247 NA 172 169 169 NA 185 NA 276 
80 NA 140 NA 266 NA 126 NA 274 NA 143 NA 241 NA 170 NA 112 170 179 NA 182 
81 NA 136 NA 266 122 128 NA 277 NA 140 241 241 NA 176 112 112 NA 170 NA 172 
82 140 138 NA 266 NA 128 NA 277 NA 146 255 241 NA 154 NA 114 NA 179 NA 192 
83 NA 144 NA 266 NA 122 NA 277 NA 140 NA 243 NA 186 NA 112 171 172 NA 276 
84 NA 160 NA 266 NA 128 NA 274 NA 155 NA 243 NA 178 NA 177 NA 173 268 176 
85 NA 132 NA 266 NA 124 NA 277 NA 146 NA 235 NA 174 NA 112 NA 170 268 182 
86 NA 138 NA 266 NA 124 NA 277 NA 140 NA 235 NA 174 NA 112 NA 170 268 184 
87 NA 132 NA 266 NA 124 NA 277 NA 140 NA 235 NA 172 NA 112 NA 170 268 184 
88 NA 134 NA 266 124 128 274 274 NA 146 NA 243 NA 180 114 112 NA 173 NA 268 
89 NA 134 NA 266 124 128 274 274 NA 146 NA 243 NA 180 114 112 NA 173 NA 268 
90 NA 134 266 266 NA 132 NA 274 NA 149 NA 237 NA 184 NA 112 NA 170 NA 276 
91 NA 134 NA 266 NA 126 274 274 155 146 249 243 NA 168 NA 173 NA 167 NA 280 
92 NA 140 NA 268 126 130 NA 274 NA 137 NA 263 178 184 NA 106 NA 170 NA 280 
93 NA 134 NA 266 NA 130 NA 274 NA 170 NA 259 180 172 NA 114 NA 169 174 170 
94 NA 140 NA 266 NA 130 NA 274 NA 170 NA 259 180 172 NA 114 NA 169 174 170 
95 NA 134 NA 266 NA 128 NA 274 NA 176 NA 247 NA 180 169 167 NA 172 NA 276 
96 NA 132 NA 266 NA 124 274 274 NA 143 NA 247 NA 180 NA 169 NA 169 NA 276 
97 NA 134 NA 266 NA 126 274 274 NA 143 NA 247 NA 168 NA 169 NA 169 NA 276 
98 NA 134 NA 266 126 128 274 274 NA 140 NA 241 172 182 NA 167 NA 169 NA 172 
99 NA 144 NA 266 124 130 NA 274 143 146 NA 255 NA 182 NA 112 NA 168 NA 274 
100 NA 134 NA 268 128 126 NA 274 NA 140 NA 241 178 170 NA 167 NA 174 NA 176 
101 NA 134 NA 266 128 126 NA 274 NA 140 NA 247 178 170 NA 167 NA 174 NA 276 
102 NA 134 NA 266 128 126 NA 277 NA 140 NA 247 178 174 NA 167 NA 174 NA 276 
103 NA 134 266 268 NA 124 NA 274 NA 146 NA 241 NA 172 NA 112 NA 168 168 276 
104 NA 134 266 266 NA 122 NA 277 NA 155 NA 241 NA 188 NA 108 172 171 NA 170 
105 NA 134 266 266 NA 122 NA 277 NA 140 NA 241 NA 188 NA 112 172 171 NA 172 
106 136 138 NA 266 NA 130 NA 274 NA 140 243 247 NA 170 NA 169 179 168 NA 174 
107 NA 136 NA 266 NA 128 NA 277 NA 146 NA 235 NA 194 NA 167 NA 167 NA 172 
108 NA 134 NA 266 124 134 NA 274 NA 146 NA 243 NA 184 169 167 NA 172 282 190 
109 NA 138 NA 266 NA 124 NA 274 NA 146 255 243 NA 166 NA 114 NA 168 NA 170 
110 138 144 NA 266 NA 130 NA 274 NA 134 243 241 NA 174 NA 110 NA 175 NA 170 
111 NA 144 NA 266 NA 124 NA 274 NA 149 NA 243 NA 186 169 169 179 176 NA 168 
112 NA 144 NA 266 NA 124 NA 274 NA 140 NA 243 NA 186 169 112 179 172 NA 168 
113 NA 140 NA 266 NA 124 NA 274 NA 149 NA 243 NA 174 169 112 179 176 NA 168 
114 NA 132 266 266 NA 128 NA 274 NA 137 NA 247 NA 168 NA 167 NA 171 NA 280 
115 138 128 NA 266 NA 122 274 274 NA 143 NA 235 NA 178 NA 112 NA 171 NA 186 
116 NA 144 NA 266 126 124 NA 277 NA 146 NA 245 186 176 NA 114 NA 170 276 276 
117 NA 132 NA 266 NA 124 NA 277 NA 146 231 235 NA 168 NA 114 NA 175 NA 176 
118 NA 134 NA 266 NA 130 NA 274 NA 146 NA 243 168 154 NA 169 NA 172 NA 182 
119 132 128 266 266 NA 122 NA 274 NA 149 243 245 178 184 NA 114 NA 171 NA 180 
120 NA 134 NA 266 126 130 274 277 NA 140 255 235 NA 180 NA 112 NA 179 NA 274 
121 NA 134 NA 266 NA 126 274 277 NA 146 NA 243 176 190 NA 169 NA 174 NA 276 
122 NA 140 NA 266 NA 130 NA 274 NA 140 NA 255 NA 176 NA 112 NA 169 NA 278 
123 NA 144 266 266 NA 130 NA 274 NA 146 243 243 NA 178 NA 112 NA 170 NA 176 
124 NA 134 NA 268 NA 128 NA 274 NA 140 NA 241 NA 180 NA 173 NA 174 NA 178 
125 NA 134 NA 266 NA 124 NA 274 NA 182 NA 249 NA 176 NA 112 175 171 NA 276 
126 NA 132 NA 266 NA 130 NA 274 NA 140 NA 243 172 178 NA 112 NA 179 NA 276 
127 134 140 NA 266 NA 126 NA 274 NA 134 NA 243 NA 178 NA 114 168 170 NA 178 
128 134 140 NA 266 NA 126 NA 274 NA 134 NA 243 NA 178 NA 114 168 172 NA 176 
129 134 132 NA 266 NA 126 NA 274 NA 134 NA 243 NA 178 NA 112 168 170 NA 176 
130 NA 132 NA 266 NA 128 NA 277 NA 134 251 269 NA 170 169 114 NA 170 NA 176 
131 NA 132 NA 266 NA 126 NA 277 NA 155 251 243 NA 170 169 114 NA 170 NA 176 
132 NA 140 NA 266 NA 126 NA 274 NA 143 NA 279 NA 176 163 167 NA 176 NA 188 
133 134 134 266 266 128 128 NA 274 146 152 NA 235 178 184 NA 167 NA 171 NA 278 
134 140 132 NA 266 NA 126 NA 274 NA 140 NA 255 172 178 NA 173 187 172 NA 276 
135 NA 134 NA 266 NA 126 NA 274 NA 182 241 241 NA 174 NA 112 NA 172 NA 276 
136 NA 140 NA 266 NA 122 NA 274 146 146 NA 247 NA 172 169 169 NA 177 NA 178 
137 NA 140 NA 266 NA 124 NA 274 146 146 NA 247 NA 172 169 169 NA 177 NA 178 
138 NA 138 NA 268 NA 130 274 274 NA 134 269 251 NA 180 NA 112 NA 170 NA 278 
139 NA 138 NA 266 130 128 NA 274 NA 140 NA 239 NA 174 NA 169 NA 172 278 280 
140 NA 138 NA 266 130 128 NA 274 NA 140 NA 239 NA 174 NA 169 NA 172 278 276 
141 NA 132 NA 266 NA 122 NA 277 NA 137 263 235 NA 184 NA 112 168 169 NA 172 
142 NA 134 NA 266 NA 128 NA 274 NA 161 NA 243 180 184 114 167 NA 170 NA 172 
143 NA 132 NA 266 130 124 NA 274 NA 134 NA 243 NA 188 NA 110 NA 175 NA 268 
144 NA 134 NA 268 NA 128 NA 274 NA 143 NA 241 178 168 NA 114 173 168 NA 276 
145 NA 134 NA 266 NA 128 NA 274 NA 143 NA 241 178 190 NA 114 173 170 NA 174 
146 NA 138 NA 266 124 130 NA 274 NA 146 255 241 NA 168 NA 169 NA 168 NA 176 
147 NA 136 NA 266 124 128 NA 274 NA 146 255 243 NA 168 NA 112 NA 168 NA 176 
148 NA 134 NA 266 NA 124 NA 274 NA 140 NA 243 NA 154 NA 112 NA 170 NA 176 
149 NA 134 NA 266 NA 124 NA 274 NA 140 NA 251 NA 154 NA 112 NA 170 NA 176 
150 128 140 NA 266 NA 124 NA 274 NA 143 NA 241 NA 178 NA 169 NA 177 NA 170 
151 NA 134 NA 266 NA 128 NA 274 NA 134 NA 241 NA 178 NA 114 NA 174 NA 294 
152 NA 140 NA 266 NA 130 NA 274 NA 176 NA 249 180 186 NA 112 NA 177 NA 268 
153 140 128 266 266 NA 126 NA 277 122 146 NA 243 NA 174 NA 167 NA 170 NA 172 
154 140 128 266 266 NA 124 NA 277 122 146 NA 243 NA 180 NA 167 NA 172 NA 172 
155 134 132 NA 266 NA 124 NA 274 NA 146 NA 241 172 172 NA 112 NA 167 NA 276 
156 134 140 NA 266 NA 126 NA 274 NA 146 NA 241 172 176 NA 169 NA 167 NA 270 
157 NA 132 266 266 NA 126 NA 274 NA 146 NA 235 NA 178 NA 167 167 168 176 270 
158 NA 132 266 266 NA 126 NA 274 NA 146 NA 235 NA 178 NA 167 167 168 176 270 
159 144 134 NA 266 NA 126 NA 277 NA 146 NA 247 NA 172 112 167 NA 176 NA 172 
160 NA 138 NA 268 NA 124 NA 274 140 143 269 245 NA 174 NA 167 NA 170 NA 276 
161 NA 144 NA 266 NA 126 NA 277 NA 134 NA 257 NA 174 165 169 189 179 170 172 
162 NA 144 NA 266 NA 126 NA 274 NA 134 NA 257 NA 174 165 169 189 179 170 172 
163 NA 142 266 268 NA 126 NA 274 NA 152 NA 241 NA 182 NA 112 NA 170 NA 276 
164 NA 160 266 268 NA 126 NA 274 NA 137 NA 241 NA 182 NA 112 NA 170 NA 280 
165 NA 128 266 266 NA 126 NA 277 NA 143 255 251 NA 168 NA 114 NA 171 NA 182 
166 NA 132 NA 266 NA 130 277 274 NA 146 NA 235 192 176 114 110 NA 171 NA 172 
167 138 144 NA 266 NA 130 277 277 146 146 NA 245 NA 174 NA 114 NA 170 NA 170 
168 NA 142 268 266 NA 130 NA 277 NA 143 247 235 NA 176 NA 112 NA 175 276 270 
169 NA 144 NA 266 NA 122 NA 277 NA 146 NA 241 178 170 NA 167 NA 170 NA 268 
170 NA 134 NA 266 NA 128 NA 277 NA 146 NA 241 NA 186 NA 169 NA 170 NA 172 
171 NA 132 NA 266 122 126 NA 274 NA 146 NA 243 NA 172 NA 112 NA 171 NA 276 
172 NA 132 NA 266 122 126 NA 274 NA 146 NA 243 NA 172 NA 112 NA 171 NA 276 
173 NA 130 NA 268 128 124 NA 277 NA 134 NA 241 NA 184 112 167 NA 170 NA 276 
174 NA 128 NA 268 128 124 NA 277 NA 140 NA 241 NA 184 112 167 NA 170 NA 172 
175 NA 144 NA 266 NA 124 NA 274 NA 176 NA 241 NA 178 173 167 168 175 NA 174 
176 NA 138 NA 266 NA 132 NA 274 143 146 235 243 176 168 NA 116 168 169 NA 186 
177 152 144 NA 266 NA 122 NA 274 NA 146 NA 241 178 184 NA 112 168 171 NA 172 
178 152 144 NA 266 NA 126 NA 274 NA 140 NA 241 178 184 NA 112 168 170 NA 172 
179 NA 140 NA 266 NA 124 NA 277 140 143 241 269 NA 172 NA 167 NA 176 NA 198 
180 132 138 266 266 NA 122 NA 274 140 146 NA 255 NA 182 NA 169 NA 170 NA 276 
181 NA 138 266 266 124 130 NA 274 NA 140 NA 243 NA 186 167 110 NA 170 NA 170 
182 NA 138 266 266 124 130 NA 274 NA 140 NA 243 NA 186 167 169 NA 170 NA 170 
183 NA 140 NA 266 NA 128 NA 274 NA 146 241 253 NA 180 NA 112 NA 170 NA 180 
184 NA 140 NA 266 NA 128 NA 274 NA 146 241 243 NA 168 NA 112 NA 170 NA 172 
185 NA 136 266 266 NA 128 NA 274 NA 134 NA 239 NA 180 NA 167 NA 170 NA 276 
186 NA 138 NA 266 NA 128 NA 274 NA 146 NA 235 NA 174 NA 163 NA 168 NA 268 
187 NA 142 NA 266 NA 126 NA 274 NA 137 NA 235 NA 176 165 112 NA 173 NA 280 
188 NA 140 266 266 NA 128 NA 277 NA 119 251 229 NA 172 NA 171 172 170 NA 168 
189 134 136 268 266 NA 126 NA 274 NA 119 NA 271 NA 182 NA 169 NA 171 NA 174 
190 134 134 268 268 NA 126 NA 274 NA 119 NA 271 NA 182 NA 112 NA 171 NA 174 
191 134 136 268 266 NA 126 NA 274 NA 119 NA 271 NA 182 NA 169 NA 171 NA 174 
192 NA 136 NA 266 128 128 NA 274 146 146 NA 247 NA 178 NA 169 NA 169 NA 270 
193 NA 140 NA 266 126 128 NA 274 NA 143 NA 251 NA 168 NA 108 188 169 NA 170 
194 NA 144 NA 268 NA 126 274 274 NA 140 NA 243 NA 174 NA 112 NA 177 NA 278 
195 NA 130 268 266 NA 124 NA 274 146 140 NA 229 NA 176 NA 112 NA 168 NA 170 
196 NA 140 268 268 126 130 NA 274 NA 140 NA 243 NA 180 NA 112 NA 171 272 270 
197 NA 138 268 268 126 128 NA 274 NA 134 NA 243 NA 180 NA 112 NA 171 272 270 
198 NA 142 NA 266 NA 124 NA 274 146 149 NA 245 NA 182 NA 169 NA 170 NA 180 
199 NA 138 268 268 NA 126 NA 277 NA 140 NA 243 NA 176 114 167 NA 177 NA 174 
200 NA 144 266 266 NA 128 NA 274 NA 143 NA 247 176 178 NA 175 NA 170 276 276 
201 138 134 NA 266 NA 122 NA 274 140 134 NA 255 NA 186 NA 167 NA 176 270 172 
202 136 132 NA 266 NA 126 NA 274 NA 146 231 241 NA 172 116 112 NA 171 NA 172 
203 134 142 266 268 126 126 NA 274 NA 140 NA 249 NA 174 NA 171 NA 172 NA 172 
204 NA 138 NA 266 NA 116 277 277 NA 140 NA 243 NA 178 NA 114 NA 175 NA 170 
205 144 134 NA 268 NA 130 NA 274 NA 146 NA 243 NA 180 NA 116 NA 174 NA 280 
206 NA 132 NA 266 124 124 NA 274 NA 146 NA 235 NA 178 NA 167 NA 179 NA 172 
207 NA 128 NA 266 NA 126 NA 274 NA 161 NA 243 NA 178 171 114 NA 185 NA 190 
208 NA 144 266 266 NA 122 NA 274 NA 146 NA 243 NA 176 NA 169 NA 172 NA 172 
209 132 132 NA 266 124 124 274 274 NA 146 NA 243 NA 170 NA 173 NA 170 NA 278 
210 NA 136 268 268 NA 122 NA 274 NA 146 NA 235 178 184 NA 169 171 170 172 168 
211 NA 142 NA 266 NA 124 NA 274 167 146 NA 243 NA 170 NA 108 NA 172 NA 170 
212 144 134 NA 266 NA 126 NA 274 NA 140 NA 243 NA 174 NA 112 NA 168 NA 170 
213 NA 132 266 268 NA 130 274 274 NA 146 NA 241 NA 180 NA 112 NA 167 170 170 
214 134 128 266 266 NA 122 277 274 NA 146 NA 269 NA 172 112 165 NA 168 NA 172 
215 136 138 266 268 130 126 NA 274 NA 143 NA 245 NA 180 NA 171 NA 177 NA 276 
216 NA 136 NA 266 NA 122 NA 274 NA 146 NA 241 NA 174 NA 116 NA 170 NA 268 
217 NA 134 266 266 NA 124 NA 277 155 146 NA 243 NA 174 NA 110 NA 174 170 268 
218 NA 134 NA 266 NA 130 NA 277 143 143 241 255 166 182 NA 167 170 169 NA 278 
219 NA 138 NA 266 NA 128 NA 274 NA 140 245 255 168 186 NA 112 NA 175 NA 276 
220 NA 134 NA 268 128 122 NA 274 NA 140 NA 241 NA 154 NA 169 NA 169 NA 276 
221 NA 134 NA 266 128 122 NA 274 NA 140 NA 243 NA 184 NA 169 NA 169 NA 196 
222 NA 140 NA 266 NA 124 NA 274 NA 143 NA 251 NA 168 NA 112 185 173 NA 170 
223 NA 140 NA 266 NA 126 NA 277 NA 146 NA 241 NA 174 110 169 NA 173 NA 282 
224 NA 144 NA 266 NA 126 NA 277 NA 146 NA 251 NA 174 110 112 NA 173 NA 282 
225 NA 134 NA 266 NA 122 NA 274 NA 146 243 239 NA 168 NA 169 173 187 NA 196 
226 NA 138 NA 266 NA 130 NA 274 149 140 NA 251 NA 172 NA 114 NA 177 268 172 
227 NA 132 NA 266 NA 128 NA 274 NA 143 NA 241 NA 182 NA 114 NA 168 NA 270 
228 NA 136 NA 266 NA 124 NA 274 NA 134 NA 241 NA 172 NA 114 NA 174 NA 280 
229 NA 134 NA 266 NA 124 274 274 155 146 241 235 182 178 NA 112 168 175 NA 282 
230 NA 140 NA 266 NA 128 274 277 NA 140 NA 243 NA 176 NA 106 NA 171 NA 282 
231 NA 132 NA 266 126 124 NA 274 NA 140 NA 263 NA 182 NA 169 NA 168 NA 172 
232 NA 128 NA 266 NA 130 NA 277 NA 140 NA 241 184 180 NA 171 NA 177 NA 274 
233 NA 134 NA 268 NA 130 NA 277 NA 140 NA 241 184 172 NA 169 NA 177 NA 270 
234 NA 142 NA 266 NA 126 274 274 NA 146 NA 241 NA 178 NA 112 NA 191 NA 170 
235 NA 132 NA 266 NA 124 NA 274 143 134 NA 241 NA 182 NA 110 173 170 NA 268 
236 NA 138 NA 266 NA 130 NA 274 NA 146 NA 253 NA 178 NA 114 169 168 272 280 
237 NA 136 NA 266 128 126 NA 274 NA 149 NA 255 NA 188 NA 169 168 169 NA 170 
238 NA 138 268 266 NA 124 NA 274 NA 146 NA 239 NA 188 NA 114 NA 174 NA 276 
239 NA 132 NA 266 124 124 274 274 NA 146 NA 243 NA 178 110 171 NA 179 NA 170 
240 NA 144 266 268 NA 122 277 274 140 143 247 269 NA 180 NA 112 NA 171 NA 276 
241 NA 134 NA 266 132 124 NA 277 NA 143 NA 239 NA 178 NA 112 NA 167 172 276 
242 NA 134 NA 266 NA 124 NA 277 155 146 NA 243 NA 154 NA 169 191 168 NA 172 
243 134 140 NA 266 NA 124 NA 274 NA 143 NA 241 NA 180 NA 114 NA 167 NA 174 
244 NA 144 266 266 NA 128 NA 274 NA 146 NA 247 180 154 NA 167 NA 187 NA 276 
245 144 132 NA 266 NA 122 NA 277 NA 146 NA 231 NA 168 169 169 169 187 NA 276 
246 138 144 NA 266 NA 124 NA 274 NA 140 NA 257 172 172 NA 167 NA 173 NA 276 
247 NA 134 NA 266 NA 124 274 274 NA 155 NA 249 NA 170 NA 167 178 172 NA 282 
248 NA 134 NA 266 NA 130 274 274 NA 155 NA 229 NA 170 NA 177 178 172 NA 282 
249 132 132 NA 266 126 126 274 274 NA 140 NA 241 184 176 112 165 NA 170 NA 168 
250 NA 134 266 266 124 124 NA 277 NA 119 NA 257 NA 182 NA 112 169 168 NA 276 
251 132 142 NA 266 NA 126 NA 277 NA 143 241 241 NA 180 NA 112 NA 175 276 276 
252 NA 142 NA 266 NA 124 NA 274 NA 149 NA 235 NA 168 NA 112 NA 168 276 270 
253 NA 136 266 266 NA 126 NA 277 NA 146 235 269 NA 176 NA 112 NA 171 NA 280 
254 NA 136 266 266 NA 126 NA 277 NA 140 235 269 NA 186 NA 177 NA 168 NA 172 
255 NA 134 268 266 NA 126 NA 277 NA 146 NA 243 NA 170 112 114 NA 171 NA 192 
256 NA 144 266 266 NA 130 NA 277 NA 140 NA 257 NA 176 NA 169 NA 169 172 276 
257 NA 130 NA 268 NA 124 NA 274 NA 140 251 255 NA 188 112 112 NA 171 NA 180 
258 NA 144 NA 266 NA 122 NA 274 NA 140 NA 235 176 176 NA 112 NA 168 NA 190 
259 144 134 NA 266 NA 128 NA 274 NA 182 NA 255 NA 176 NA 112 NA 169 NA 180 
260 144 134 NA 266 NA 124 NA 274 NA 182 NA 255 NA 180 NA 112 NA 169 NA 178 
261 NA 168 NA 266 NA 130 NA 274 NA 146 NA 267 176 180 169 175 NA 170 NA 276 
262 NA 140 NA 266 128 128 NA 274 NA 146 NA 237 NA 172 112 112 NA 177 NA 172 
263 128 146 266 266 NA 124 NA 274 NA 140 NA 235 NA 174 NA 169 NA 166 NA 174 
264 NA 136 NA 268 NA 128 NA 277 NA 140 NA 243 NA 178 NA 169 NA 172 NA 268 
265 134 136 NA 268 130 126 NA 274 NA 146 241 231 174 174 NA 169 NA 172 NA 172 
266 142 132 NA 266 122 122 NA 274 NA 137 NA 235 NA 182 NA 114 NA 193 276 176 
267 NA 138 NA 266 126 126 NA 277 NA 134 NA 241 192 172 NA 169 169 169 NA 180 
268 NA 148 NA 266 NA 124 NA 274 NA 140 NA 243 NA 168 114 112 NA 171 NA 274 
269 NA 144 NA 266 NA 124 NA 277 146 146 NA 239 NA 170 112 112 NA 179 NA 174 
270 NA 142 266 268 122 116 NA 274 NA 146 NA 255 NA 172 NA 167 NA 169 NA 276 
271 134 132 NA 266 NA 126 NA 274 NA 119 NA 235 NA 178 112 106 171 177 NA 276 
272 134 134 NA 266 NA 130 NA 274 NA 119 NA 235 NA 178 112 112 171 170 NA 172 
273 134 134 NA 266 NA 130 NA 274 NA 119 NA 235 NA 172 112 112 171 170 NA 172 
274 136 138 NA 266 NA 126 NA 274 NA 143 NA 241 186 180 NA 171 NA 171 NA 268 
275 NA 132 266 266 NA 132 NA 274 NA 146 NA 241 NA 176 110 171 180 177 NA 268 
276 NA 134 NA 266 NA 126 NA 274 NA 146 NA 235 NA 184 NA 167 NA 175 NA 268 
277 NA 168 NA 266 NA 130 NA 274 NA 146 NA 241 NA 172 NA 167 NA 174 276 272 
278 NA 140 266 268 NA 126 NA 274 NA 146 NA 241 170 178 NA 167 NA 172 278 276 
279 NA 132 NA 266 NA 124 NA 277 NA 146 241 241 NA 176 NA 114 NA 170 268 268 
280 NA 132 NA 266 124 124 NA 274 NA 146 247 243 NA 190 NA 167 173 170 268 176 
281 132 130 NA 266 NA 126 NA 274 NA 140 243 235 NA 176 NA 167 NA 170 NA 268 
282 132 144 NA 266 NA 130 NA 274 NA 140 243 255 NA 176 NA 167 NA 187 NA 280 
283 NA 132 NA 266 NA 126 NA 274 NA 140 NA 235 NA 180 NA 169 NA 173 NA 174 
284 NA 134 NA 266 122 126 NA 274 NA 146 NA 255 178 182 NA 169 185 179 NA 276 
285 NA 142 NA 268 NA 124 NA 274 NA 143 NA 255 NA 184 NA 114 189 174 NA 180 
286 NA 148 NA 266 130 124 NA 274 NA 146 NA 255 182 174 NA 112 NA 171 NA 268 
287 NA 138 NA 266 NA 124 277 274 NA 146 NA 245 NA 186 NA 169 NA 179 NA 276 
288 NA 138 NA 266 NA 128 277 277 NA 146 NA 245 NA 186 NA 169 NA 179 NA 270 
289 NA 144 NA 266 NA 130 274 274 NA 137 NA 235 NA 186 NA 110 NA 167 NA 176 
290 NA 134 NA 266 NA 124 274 274 NA 146 NA 243 NA 172 NA 114 NA 170 NA 278 
291 NA 138 NA 266 NA 124 274 277 NA 146 NA 243 NA 172 NA 114 NA 170 NA 278 
292 NA 132 NA 266 NA 122 274 277 NA 146 NA 243 NA 182 NA 112 NA 171 NA 276 
293 NA 132 NA 266 NA 126 NA 274 149 140 NA 235 NA 174 NA 110 NA 169 NA 280 
294 138 132 266 268 NA 130 274 274 NA 134 NA 241 NA 170 NA 167 NA 170 172 272 
295 NA 138 NA 268 130 130 274 274 NA 161 NA 245 178 172 NA 167 NA 169 NA 274 
296 138 134 NA 266 NA 128 NA 277 NA 140 NA 247 NA 178 167 169 NA 167 178 176 
297 NA 146 266 266 NA 124 NA 277 NA 149 NA 243 NA 172 NA 169 NA 169 NA 272 
298 NA 140 NA 266 130 130 274 274 NA 155 NA 247 NA 176 NA 167 NA 172 NA 270 
299 NA 142 266 266 NA 126 NA 274 NA 149 247 249 NA 174 NA 165 NA 170 276 174 
300 NA 144 266 266 NA 126 NA 274 NA 146 247 229 NA 174 NA 167 NA 170 276 270 
301 NA 132 266 266 NA 128 NA 274 NA 134 NA 273 NA 176 NA 165 NA 167 174 172 
302 NA 136 NA 266 NA 132 NA 274 NA 140 NA 251 186 174 112 110 NA 170 NA 174 
303 132 134 266 266 NA 116 NA 274 NA 146 NA 255 NA 186 NA 116 NA 169 NA 276 
304 NA 134 NA 266 NA 122 274 274 NA 143 NA 243 NA 186 NA 112 172 171 NA 168 
305 132 132 266 266 NA 128 NA 277 146 146 NA 235 NA 176 169 167 169 170 NA 170 
306 132 132 266 266 NA 128 NA 274 146 146 NA 235 NA 172 169 169 169 170 NA 170 
307 132 132 266 266 NA 128 NA 277 146 146 NA 235 NA 172 169 167 169 171 NA 284 
308 NA 134 NA 266 NA 126 NA 274 NA 146 NA 243 NA 176 NA 167 NA 170 NA 268 
309 NA 144 266 266 NA 124 277 277 134 158 NA 241 176 172 167 167 NA 173 NA 170 
310 132 142 NA 266 NA 122 NA 277 NA 140 NA 235 NA 178 NA 112 NA 171 NA 268 
311 132 142 NA 266 NA 130 NA 274 NA 140 NA 235 NA 178 NA 169 NA 171 NA 268 
312 NA 134 NA 268 124 132 NA 274 NA 170 NA 243 NA 182 NA 112 NA 171 NA 170 
313 NA 134 NA 268 124 128 NA 274 NA 170 NA 247 NA 174 NA 167 NA 171 NA 170 
314 NA 138 266 266 NA 126 NA 274 NA 134 243 235 NA 174 NA 112 NA 169 NA 174 
315 NA 136 266 266 NA 126 NA 274 NA 134 243 269 NA 184 NA 112 NA 169 NA 174 
316 134 134 266 266 122 130 NA 274 140 140 NA 273 180 176 NA 112 NA 166 NA 172 
317 146 130 NA 266 NA 124 NA 274 140 146 NA 241 NA 180 NA 112 NA 187 276 176 
318 NA 134 266 268 NA 130 NA 274 NA 140 NA 255 NA 176 NA 114 NA 187 NA 168 
319 NA 134 266 268 NA 130 NA 274 NA 140 NA 269 NA 176 NA 114 NA 168 NA 168 
320 NA 132 266 268 NA 130 NA 274 NA 146 NA 255 NA 182 NA 114 NA 187 NA 168 
321 NA 134 NA 266 NA 126 NA 274 143 119 269 235 NA 172 NA 163 NA 170 NA 176 
322 NA 132 NA 266 NA 126 NA 274 NA 143 NA 249 NA 178 NA 165 172 168 NA 276 
323 NA 134 266 266 NA 124 NA 274 NA 140 NA 261 NA 166 169 167 NA 172 NA 168 
324 NA 140 NA 266 NA 130 NA 274 140 143 NA 243 188 178 NA 165 NA 175 NA 270 
325 NA 138 NA 268 NA 124 NA 274 NA 143 NA 239 184 184 NA 169 NA 172 NA 276 
326 NA 136 NA 266 132 128 NA 274 NA 155 NA 241 NA 180 NA 114 NA 173 268 170 
327 138 140 266 266 NA 130 NA 274 NA 119 241 255 NA 180 NA 163 NA 170 280 170 
328 NA 142 NA 266 130 128 277 274 143 140 NA 239 NA 182 NA 112 169 168 NA 172 
329 134 130 NA 266 124 126 NA 274 NA 152 NA 247 NA 174 NA 112 NA 171 270 280 
330 NA 130 NA 266 NA 126 NA 277 NA 143 235 243 NA 174 NA 114 NA 170 NA 276 
331 NA 136 NA 268 NA 128 NA 277 NA 119 NA 247 NA 180 NA 112 NA 170 270 176 
332 NA 136 NA 266 NA 128 NA 274 NA 119 NA 247 NA 180 NA 112 NA 170 270 176 
333 NA 134 NA 268 NA 128 NA 274 NA 134 NA 255 NA 168 NA 114 NA 170 174 174 
334 NA 132 NA 268 NA 122 NA 274 NA 134 NA 251 NA 168 NA 112 NA 169 174 270 
335 NA 132 NA 268 NA 128 NA 274 NA 134 NA 255 NA 168 NA 114 NA 169 174 174 
336 NA 138 266 266 NA 128 NA 274 NA 146 NA 243 NA 178 NA 114 NA 173 NA 174 
337 NA 136 NA 266 NA 124 NA 274 NA 143 NA 241 NA 180 NA 114 NA 174 NA 172 
338 NA 140 NA 266 130 126 NA 274 NA 146 NA 241 NA 182 110 167 NA 174 NA 172 
339 NA 134 266 266 124 124 NA 274 NA 149 NA 255 NA 172 NA 177 171 174 NA 178 
340 134 132 266 266 NA 124 NA 277 NA 140 NA 239 NA 182 NA 112 NA 168 NA 172 
341 NA 132 NA 266 128 122 NA 277 NA 146 NA 243 NA 176 NA 167 NA 170 NA 170 
342 NA 140 NA 266 128 130 NA 274 NA 146 NA 243 NA 176 NA 167 NA 170 NA 270 
343 128 134 NA 266 NA 132 NA 277 NA 143 235 249 NA 182 NA 171 NA 170 NA 170 
344 NA 140 266 266 124 130 NA 274 NA 149 NA 259 NA 186 NA 169 NA 175 NA 280 
345 NA 132 266 266 124 130 NA 274 NA 149 NA 259 NA 180 NA 169 NA 170 NA 280 
346 NA 132 266 266 124 130 NA 277 NA 146 NA 259 NA 186 NA 169 NA 170 NA 280 
347 NA 134 NA 266 NA 130 NA 274 NA 146 NA 243 NA 184 NA 112 170 169 NA 276 
348 140 140 NA 266 NA 124 NA 274 NA 155 NA 241 NA 172 167 171 NA 168 NA 174 
349 NA 144 NA 266 NA 120 NA 277 NA 134 251 247 NA 172 NA 112 NA 169 NA 270 
350 NA 144 NA 266 NA 120 NA 277 NA 134 251 247 NA 180 NA 112 NA 169 NA 270 
351 NA 144 NA 266 126 124 NA 274 NA 146 NA 241 NA 180 NA 112 NA 171 NA 280 
352 134 132 NA 268 NA 126 NA 274 NA 155 NA 255 NA 178 NA 114 166 173 NA 276 
353 NA 134 266 268 128 126 NA 274 NA 146 231 235 178 180 NA 169 NA 171 NA 268 
354 NA 134 NA 268 NA 130 NA 274 NA 146 NA 249 NA 172 NA 165 NA 179 NA 270 
355 NA 132 266 266 NA 126 NA 274 NA 143 241 249 NA 176 NA 110 NA 172 274 268 
356 136 150 NA 266 130 126 NA 274 146 146 NA 257 NA 186 110 116 NA 171 NA 276 
357 NA 134 NA 266 128 122 NA 277 NA 137 NA 249 NA 174 NA 167 NA 168 NA 172 
358 140 144 NA 266 NA 128 NA 274 NA 146 NA 241 NA 180 NA 169 NA 167 NA 276 
359 152 144 NA 266 NA 130 NA 274 NA 146 NA 245 NA 168 NA 167 171 173 NA 172 
360 152 132 NA 266 NA 126 NA 274 NA 146 NA 245 NA 172 NA 167 171 170 NA 172 
361 152 132 NA 266 NA 126 NA 274 NA 146 NA 247 NA 168 NA 167 171 173 NA 172 
362 NA 138 266 266 NA 126 NA 274 NA 158 NA 235 NA 174 NA 112 170 170 NA 172 
363 NA 134 NA 266 128 126 NA 277 146 146 NA 261 NA 170 NA 112 NA 171 NA 176 
364 NA 142 266 266 NA 128 NA 274 NA 146 235 241 176 170 NA 167 NA 171 NA 172 
365 NA 140 NA 266 NA 126 NA 277 NA 140 235 247 NA 168 NA 114 NA 175 NA 176 
366 132 140 NA 266 NA 122 NA 277 NA 146 NA 243 NA 184 NA 169 173 177 NA 174 
367 NA 134 NA 266 NA 122 NA 277 NA 143 NA 239 NA 170 NA 171 NA 170 172 276 
368 NA 134 NA 266 NA 124 NA 274 NA 146 NA 255 184 174 NA 110 NA 170 NA 280 
369 NA 132 266 266 NA 128 NA 274 NA 143 NA 243 NA 174 NA 108 NA 168 NA 268 
370 NA 136 NA 266 NA 122 NA 274 NA 125 NA 243 180 170 NA 167 NA 177 178 176 
371 NA 136 NA 266 124 128 NA 274 NA 146 NA 255 NA 178 169 112 NA 174 NA 270 
372 NA 136 NA 266 NA 126 274 274 NA 143 NA 243 NA 180 NA 114 NA 168 NA 276 
373 NA 144 266 266 NA 132 NA 274 NA 140 241 247 NA 178 112 112 NA 170 NA 280 
374 NA 138 266 266 NA 128 NA 274 158 134 NA 243 NA 182 NA 171 NA 187 NA 172 
375 NA 144 NA 266 NA 132 NA 274 NA 140 269 255 NA 186 110 167 NA 172 170 168 
376 NA 140 266 266 NA 124 NA 277 NA 161 NA 263 NA 176 NA 169 NA 171 NA 172 
377 NA 140 266 266 NA 130 277 274 NA 146 235 241 NA 178 169 171 NA 175 NA 272 
378 NA 134 NA 266 NA 130 NA 277 NA 146 NA 243 184 176 NA 167 NA 168 NA 278 
379 NA 134 266 266 NA 128 274 277 NA 158 NA 241 NA 170 NA 114 NA 169 NA 270 
380 NA 144 NA 266 NA 130 NA 277 134 170 243 255 NA 168 NA 165 NA 168 NA 276 
381 NA 134 NA 266 NA 122 274 274 NA 146 NA 255 NA 174 NA 114 NA 177 NA 280 
382 NA 134 NA 266 NA 126 NA 274 NA 146 NA 241 NA 176 NA 169 168 169 NA 276 
383 NA 132 NA 266 NA 122 NA 274 NA 137 NA 235 184 168 NA 169 NA 175 278 170 
384 136 134 NA 266 NA 128 NA 274 NA 146 NA 243 NA 168 NA 173 NA 172 NA 276 
385 NA 134 268 266 NA 126 NA 277 NA 140 NA 241 NA 174 NA 173 NA 171 NA 278 
386 NA 128 NA 266 126 126 NA 274 149 143 NA 251 NA 188 NA 171 NA 191 NA 268 
387 NA 136 NA 266 NA 122 NA 277 146 146 NA 255 NA 184 NA 112 NA 171 178 188 
388 138 134 NA 266 128 122 NA 274 NA 140 249 239 178 180 NA 112 NA 187 276 278 
389 144 144 NA 266 NA 126 NA 274 NA 134 NA 259 NA 182 NA 167 NA 171 NA 172 
390 NA 134 NA 266 NA 128 NA 274 NA 143 NA 243 NA 184 NA 114 NA 173 NA 178 
391 NA 142 NA 268 NA 126 NA 274 NA 146 NA 253 186 170 112 167 NA 168 176 172 
392 NA 140 NA 266 NA 126 NA 277 NA 119 NA 267 NA 186 NA 169 NA 170 NA 176 
393 NA 136 266 268 NA 124 NA 277 NA 155 NA 241 NA 176 NA 112 NA 170 NA 168 
394 NA 136 NA 266 NA 130 NA 277 146 134 NA 263 NA 192 NA 112 NA 169 NA 268 
395 NA 134 NA 266 NA 130 NA 274 143 146 NA 247 NA 186 NA 114 NA 169 NA 270 
396 NA 134 NA 266 NA 128 NA 274 143 140 NA 255 NA 186 NA 114 NA 169 NA 276 
397 NA 136 266 266 130 128 NA 277 NA 146 247 243 NA 176 NA 169 NA 174 NA 272 
398 132 134 NA 266 NA 124 NA 274 NA 146 NA 241 NA 178 108 112 NA 169 268 270 
399 NA 138 268 266 128 130 NA 274 NA 158 NA 265 NA 176 NA 112 NA 169 NA 176 
400 NA 138 NA 266 128 124 NA 274 143 140 NA 241 NA 174 NA 114 NA 166 NA 268 
401 NA 132 NA 266 NA 126 NA 274 NA 134 NA 255 174 174 NA 167 NA 175 NA 172 
402 NA 160 NA 266 NA 124 NA 274 143 122 NA 269 NA 168 112 167 172 168 NA 268 
403 NA 134 NA 266 NA 122 NA 274 NA 128 NA 245 NA 174 NA 169 NA 172 172 270 
404 NA 134 NA 266 NA 126 NA 274 140 140 NA 249 NA 174 112 112 NA 172 NA 170 
405 NA 134 NA 268 NA 126 NA 274 140 140 NA 249 NA 174 112 112 NA 172 NA 276 
406 NA 134 NA 266 NA 122 274 274 NA 146 NA 255 NA 180 108 167 NA 171 NA 274 
407 NA 136 NA 266 NA 122 NA 277 146 146 263 243 NA 170 NA 169 NA 177 NA 170 
408 138 132 NA 266 NA 128 NA 277 NA 134 NA 235 NA 178 NA 169 NA 170 NA 280 
409 NA 134 NA 266 128 122 NA 274 NA 146 NA 241 174 180 NA 167 NA 171 NA 270 
410 136 140 NA 266 NA 128 NA 277 NA 143 NA 245 NA 154 NA 112 NA 170 NA 174 
411 NA 134 NA 268 NA 126 274 274 146 146 NA 267 NA 176 NA 169 NA 167 NA 170 
412 NA 134 NA 268 NA 128 NA 274 NA 152 255 269 NA 176 NA 167 NA 177 NA 272 
413 NA 140 NA 266 NA 128 NA 274 NA 149 255 267 NA 182 NA 167 NA 170 NA 272 
414 NA 134 266 266 NA 126 277 274 155 146 NA 241 NA 168 NA 114 NA 171 NA 178 
415 NA 142 NA 266 NA 124 NA 274 NA 143 NA 269 NA 186 167 112 NA 169 NA 176 
416 NA 134 NA 266 NA 124 NA 277 149 152 235 243 NA 166 NA 112 NA 169 NA 278 
417 NA 132 266 266 NA 132 NA 277 NA 146 NA 247 NA 176 NA 169 NA 168 NA 172 
418 NA 134 NA 266 126 124 274 277 NA 167 NA 241 NA 172 171 110 NA 170 268 176 
419 NA 128 NA 266 NA 126 274 274 NA 146 235 243 NA 168 NA 171 NA 168 NA 170 
420 146 132 NA 268 NA 128 NA 277 146 158 NA 241 NA 180 NA 112 NA 175 NA 192 
421 NA 134 266 268 NA 130 274 277 NA 140 NA 241 NA 174 NA 114 171 168 NA 276 
422 NA 140 NA 266 NA 122 NA 274 NA 134 NA 251 NA 178 NA 173 NA 168 170 280 
423 NA 130 NA 268 NA 124 NA 274 NA 146 NA 235 NA 168 NA 112 NA 171 NA 274 
424 NA 144 NA 266 126 130 NA 274 NA 146 247 239 NA 182 NA 112 NA 168 NA 172 
425 NA 132 266 266 NA 126 NA 277 NA 140 NA 243 NA 176 NA 167 NA 170 NA 176 
426 142 138 NA 266 NA 124 NA 274 NA 146 NA 235 186 180 167 112 NA 187 NA 170 
427 140 134 NA 266 NA 122 NA 274 134 155 NA 243 NA 178 NA 169 NA 171 NA 268 
428 NA 132 NA 266 126 124 NA 274 NA 146 NA 259 NA 192 NA 165 NA 175 NA 176 
429 NA 132 NA 268 NA 130 NA 274 NA 146 NA 269 174 168 NA 169 169 170 NA 270 
430 NA 134 NA 266 NA 128 NA 274 NA 146 NA 235 NA 178 NA 171 NA 168 NA 170 
431 NA 132 NA 268 NA 128 NA 277 NA 143 NA 243 NA 182 NA 169 NA 175 NA 174 
432 NA 142 NA 266 NA 124 NA 277 NA 140 NA 255 NA 184 NA 169 NA 169 NA 170 
433 NA 134 266 266 128 126 NA 274 NA 146 NA 243 NA 180 NA 116 NA 172 NA 280 
434 NA 134 266 268 128 124 NA 274 NA 143 NA 245 NA 180 NA 116 NA 172 NA 182 
435 NA 142 NA 266 NA 126 NA 277 NA 134 NA 241 NA 176 NA 112 NA 173 290 170 
436 NA 168 NA 266 NA 126 277 277 NA 146 235 241 NA 164 112 112 NA 175 NA 276 
437 NA 132 NA 268 122 122 NA 274 NA 152 NA 241 NA 172 NA 112 NA 173 NA 274 
438 NA 132 NA 268 122 124 NA 274 NA 149 NA 241 NA 172 NA 112 NA 173 NA 274 
439 NA 132 NA 266 NA 126 NA 274 NA 143 243 247 NA 178 NA 114 NA 172 196 176 
440 138 136 266 266 NA 126 NA 274 NA 143 NA 239 NA 168 NA 171 170 170 NA 176 
441 138 136 266 266 NA 126 NA 274 NA 140 NA 239 NA 168 NA 169 170 167 NA 180 
442 NA 134 NA 266 126 124 NA 274 NA 140 241 241 178 154 NA 114 NA 174 NA 172 
443 NA 142 NA 266 126 126 NA 274 NA 155 NA 241 NA 180 NA 167 168 172 NA 268 
444 NA 142 NA 266 126 124 NA 274 NA 155 NA 241 NA 180 NA 167 168 170 NA 268 
445 NA 142 NA 266 126 124 NA 274 NA 155 NA 241 NA 180 NA 167 168 170 NA 268 
446 NA 132 266 266 126 124 NA 277 NA 143 NA 257 178 184 NA 171 NA 175 NA 172 
447 NA 132 266 266 126 124 NA 274 NA 143 NA 257 178 184 NA 112 NA 175 NA 180 
448 NA 134 266 266 NA 132 NA 274 NA 146 NA 235 NA 188 163 169 NA 172 NA 284 
449 138 140 NA 266 NA 130 274 277 146 125 245 247 NA 182 NA 163 NA 168 NA 170 
450 138 134 NA 266 NA 122 NA 277 NA 143 NA 243 NA 176 NA 169 NA 167 NA 176 
451 NA 132 NA 266 NA 122 NA 274 NA 143 NA 241 170 172 NA 169 NA 187 NA 278 
452 NA 136 NA 266 NA 126 NA 277 NA 140 NA 247 NA 190 NA 110 NA 168 NA 276 
453 140 132 NA 266 NA 124 NA 274 134 137 231 255 NA 168 NA 114 173 172 NA 268 
454 NA 136 268 268 NA 124 NA 274 NA 146 NA 253 NA 168 NA 112 170 169 NA 280 
455 NA 134 NA 268 NA 126 NA 274 NA 119 235 245 NA 174 NA 112 NA 170 NA 280 
456 NA 134 NA 268 NA 126 NA 274 NA 119 235 245 NA 174 NA 112 NA 169 NA 280 
457 NA 138 NA 268 NA 122 NA 274 146 143 NA 243 NA 182 NA 169 170 168 NA 268 
458 NA 138 NA 266 NA 124 NA 277 NA 143 NA 243 NA 168 NA 169 NA 172 NA 176 
459 NA 132 NA 268 NA 126 NA 277 NA 143 NA 243 NA 180 NA 169 NA 168 NA 270 
460 134 138 NA 266 NA 128 NA 274 143 146 NA 255 NA 180 NA 169 170 168 NA 276 
461 134 134 NA 266 NA 126 NA 277 NA 146 NA 269 NA 176 NA 114 NA 172 NA 190 
462 NA 132 NA 266 126 126 NA 274 NA 146 NA 247 176 174 NA 171 NA 170 NA 276 
463 NA 134 NA 266 126 126 NA 274 NA 146 NA 269 176 174 NA 171 NA 170 NA 276 
464 NA 140 NA 266 NA 124 NA 274 146 152 247 247 NA 162 112 112 NA 177 NA 172 
465 NA 142 NA 266 NA 126 NA 274 NA 113 NA 261 NA 168 NA 112 NA 174 NA 176 
466 NA 144 NA 268 NA 126 NA 274 NA 140 245 237 NA 172 NA 110 NA 173 NA 268 
467 NA 128 NA 266 NA 124 NA 274 146 146 NA 235 NA 172 NA 110 NA 172 NA 178 
468 NA 134 NA 266 NA 130 NA 274 146 146 NA 235 NA 172 NA 169 NA 172 NA 178 
469 134 134 NA 266 NA 122 NA 274 NA 158 243 255 NA 184 NA 114 NA 170 NA 276 
470 132 132 NA 266 NA 128 NA 274 143 146 NA 257 174 176 NA 112 NA 169 276 172 
471 132 132 NA 266 NA 126 NA 274 143 146 NA 257 174 176 NA 112 NA 175 276 170 
472 NA 138 268 266 NA 124 NA 274 NA 134 NA 253 NA 182 NA 169 NA 169 NA 276 
473 140 138 NA 266 NA 126 NA 274 NA 140 NA 243 NA 172 NA 116 NA 189 NA 276 
474 NA 138 NA 268 NA 128 NA 277 NA 146 NA 243 NA 180 NA 169 NA 170 NA 276 
475 NA 132 266 268 NA 132 NA 274 NA 146 243 243 NA 166 112 114 NA 171 268 176 
476 NA 128 NA 266 NA 128 NA 274 NA 146 NA 243 174 184 NA 112 NA 175 NA 172 
477 NA 144 NA 266 122 124 NA 274 NA 143 NA 241 160 182 NA 167 NA 173 280 170 
478 NA 144 NA 266 122 122 NA 277 NA 149 NA 241 160 182 NA 112 NA 169 280 170 
479 NA 144 NA 266 122 124 NA 277 NA 149 NA 241 160 182 NA 112 NA 173 280 170 
480 138 140 NA 266 NA 130 NA 274 NA 137 NA 231 NA 170 NA 112 NA 172 NA 190 
481 NA 132 NA 266 NA 126 NA 277 NA 134 251 243 NA 168 NA 169 171 173 NA 270 
482 NA 134 NA 268 NA 124 NA 274 NA 146 NA 243 NA 168 NA 167 NA 168 NA 276 
483 NA 132 266 266 132 130 NA 274 NA 137 NA 243 NA 172 NA 112 NA 168 NA 268 
484 NA 138 NA 266 NA 124 NA 274 146 137 NA 241 NA 178 NA 114 NA 181 NA 268 
485 NA 134 NA 266 NA 128 277 274 NA 146 NA 243 178 170 NA 112 NA 172 NA 268 
486 NA 132 NA 266 NA 122 NA 274 NA 164 NA 243 NA 172 NA 114 NA 172 NA 276 
487 NA 134 266 266 126 126 NA 274 NA 143 NA 243 NA 172 NA 169 NA 166 NA 276 
488 NA 134 NA 266 NA 132 NA 274 NA 134 235 243 NA 180 169 110 NA 168 NA 174 
489 NA 132 NA 266 124 126 NA 274 NA 143 NA 243 NA 170 NA 167 NA 170 NA 172 
490 NA 140 NA 266 126 126 NA 277 137 146 NA 241 NA 180 NA 167 NA 170 NA 280 
491 NA 136 NA 266 NA 136 NA 277 NA 140 NA 257 NA 170 108 167 NA 172 NA 268 
492 NA 134 NA 266 126 126 NA 274 NA 140 NA 243 NA 170 NA 116 166 168 NA 172 
493 NA 134 NA 266 126 126 NA 274 NA 146 NA 243 NA 190 NA 116 166 168 NA 172 
494 NA 132 NA 268 128 124 274 274 NA 146 NA 243 NA 176 NA 114 187 170 276 172 
495 NA 144 266 268 130 124 NA 274 NA 146 NA 255 180 172 NA 112 NA 170 268 270 
496 NA 134 266 268 NA 124 NA 274 NA 146 241 241 NA 186 NA 171 NA 169 NA 270 
497 NA 134 266 266 NA 124 NA 274 NA 140 241 241 NA 182 NA 171 NA 169 NA 270 
498 NA 140 NA 266 NA 122 274 274 NA 119 NA 239 NA 180 NA 110 NA 170 272 174 
499 140 132 NA 266 NA 122 274 274 NA 140 NA 247 NA 164 NA 169 NA 168 170 174 
500 140 132 NA 266 NA 122 274 274 NA 140 NA 251 NA 180 NA 169 NA 177 170 174 
501 NA 134 NA 266 NA 116 NA 277 NA 143 NA 243 NA 176 NA 169 NA 171 170 282 
502 NA 132 NA 266 NA 126 NA 274 NA 146 247 255 NA 172 NA 169 NA 168 NA 280 
503 NA 136 NA 266 NA 126 NA 274 NA 146 247 255 NA 172 NA 169 NA 168 NA 280 
504 NA 132 NA 268 124 126 NA 277 140 143 NA 251 NA 178 NA 116 NA 166 NA 270 
505 NA 144 266 266 NA 128 NA 277 NA 146 251 243 NA 178 NA 112 NA 174 276 174 
506 NA 134 266 266 NA 122 NA 277 NA 146 251 243 NA 166 NA 112 NA 174 276 268 
507 NA 138 NA 266 NA 122 NA 274 152 140 NA 243 176 172 NA 167 175 168 NA 176 
508 144 134 NA 266 NA 126 NA 274 NA 143 NA 241 NA 182 NA 167 NA 179 NA 278 
509 144 140 NA 266 NA 122 NA 277 NA 182 231 241 174 174 NA 167 NA 171 NA 280 
510 NA 140 NA 266 NA 124 NA 274 NA 143 253 235 194 182 NA 169 NA 189 NA 178 
511 NA 140 NA 266 NA 124 NA 274 NA 143 253 243 194 182 NA 169 NA 189 NA 172 
512 NA 140 NA 268 NA 126 NA 274 NA 152 NA 257 NA 186 NA 112 NA 168 NA 176 
513 NA 132 NA 268 NA 128 NA 277 NA 134 NA 239 NA 172 114 114 NA 167 NA 178 
514 140 136 NA 266 NA 128 NA 277 NA 143 235 241 174 174 NA 165 NA 170 NA 270 
515 140 136 NA 266 NA 124 NA 277 146 140 NA 255 NA 178 169 112 NA 170 NA 276 
516 134 144 266 268 NA 124 NA 274 NA 146 NA 241 NA 180 NA 110 NA 170 NA 172 
517 134 132 266 268 NA 124 NA 274 NA 146 NA 241 NA 180 NA 173 NA 172 NA 170 
518 134 144 266 268 NA 124 NA 274 NA 146 NA 241 NA 180 NA 173 NA 172 NA 170 
519 NA 132 NA 266 NA 128 274 274 NA 146 NA 267 176 174 NA 112 NA 177 NA 186 
520 NA 138 NA 266 NA 128 274 274 NA 146 NA 267 176 174 NA 112 NA 167 NA 176 
521 NA 138 NA 266 NA 126 274 274 NA 146 NA 267 176 174 NA 112 NA 177 NA 186 
522 NA 144 NA 266 NA 122 NA 274 NA 149 259 243 NA 180 NA 114 NA 173 268 172 
523 NA 144 NA 268 NA 128 NA 274 NA 140 NA 269 NA 168 169 167 NA 168 NA 276 
524 NA 134 NA 266 NA 124 NA 277 146 134 241 235 NA 180 NA 112 NA 177 178 170 
525 140 132 268 268 NA 126 NA 274 NA 149 NA 239 NA 174 NA 110 177 169 NA 276 
526 NA 144 NA 266 NA 130 NA 274 NA 146 NA 235 NA 180 112 112 NA 176 NA 268 
527 NA 132 NA 266 NA 126 NA 274 NA 149 NA 251 NA 178 NA 169 NA 170 NA 268 
528 NA 132 NA 266 NA 126 NA 274 NA 146 NA 251 NA 178 NA 169 NA 170 NA 276 
529 NA 132 NA 266 NA 122 NA 274 NA 146 NA 251 NA 178 NA 169 NA 171 NA 268 
530 NA 144 NA 266 NA 126 274 274 NA 119 NA 247 174 186 NA 110 NA 172 176 174 
531 NA 132 NA 266 NA 124 NA 277 NA 140 NA 245 NA 170 NA 169 168 175 NA 178 
532 NA 132 NA 266 NA 124 NA 277 NA 140 NA 245 NA 182 NA 169 168 170 NA 268 
533 NA 132 NA 266 NA 124 NA 277 NA 140 NA 245 NA 182 NA 173 168 175 NA 178 
534 134 134 NA 266 124 126 NA 274 NA 146 NA 249 NA 182 167 112 NA 173 NA 174 
535 NA 140 266 266 NA 124 274 274 NA 113 NA 249 NA 190 NA 169 NA 168 NA 276 
536 NA 132 266 266 NA 124 274 274 NA 113 NA 249 NA 190 NA 169 NA 168 NA 190 
537 NA 132 266 266 NA 132 274 274 NA 113 NA 249 NA 190 NA 165 NA 168 NA 276 
538 NA 140 NA 268 NA 122 NA 277 NA 167 241 241 NA 154 NA 110 NA 168 NA 268 
539 NA 140 NA 268 NA 130 NA 277 NA 146 241 255 NA 154 NA 171 NA 168 NA 268 
540 NA 132 NA 266 NA 126 NA 274 146 140 NA 241 176 168 173 118 NA 173 280 170 
541 NA 132 NA 266 NA 126 NA 274 146 140 NA 241 176 176 173 169 NA 173 280 170 
542 NA 134 NA 266 NA 132 NA 274 146 143 NA 235 NA 180 167 167 NA 183 NA 268 
543 134 136 NA 266 124 128 NA 274 NA 143 NA 249 NA 174 NA 114 NA 175 NA 170 
544 NA 134 NA 266 NA 128 NA 274 NA 146 NA 243 188 174 NA 114 NA 175 NA 174 
545 NA 128 NA 266 NA 126 NA 274 NA 143 NA 241 182 174 NA 165 NA 173 NA 276 
546 NA 142 NA 266 NA 126 NA 274 NA 146 NA 241 182 174 NA 110 NA 173 NA 276 
547 134 142 266 266 NA 130 NA 277 134 146 251 241 NA 172 NA 110 170 175 172 274 
548 NA 134 268 266 126 124 274 274 NA 146 NA 243 NA 166 NA 167 173 170 NA 180 
549 NA 132 NA 268 NA 124 NA 277 NA 134 NA 239 NA 170 NA 167 NA 171 NA 172 
550 NA 134 268 268 NA 124 NA 274 134 140 NA 241 NA 154 NA 114 NA 173 NA 172 
551 NA 140 NA 266 NA 126 277 277 NA 143 NA 255 NA 174 110 116 NA 168 NA 172 
552 NA 134 NA 266 NA 124 NA 277 NA 146 NA 241 NA 178 NA 114 168 168 278 270 
553 NA 132 NA 266 NA 124 NA 274 NA 143 NA 247 NA 168 NA 169 NA 174 NA 276 
554 144 128 NA 266 NA 124 274 274 NA 149 NA 247 174 186 NA 167 NA 170 NA 172 
555 NA 140 NA 266 124 126 NA 274 143 137 NA 241 NA 168 NA 169 170 170 NA 176 
556 NA 138 NA 266 126 128 NA 277 NA 146 NA 235 NA 186 NA 112 166 164 NA 280 
557 NA 144 NA 266 128 128 NA 274 NA 179 NA 245 NA 178 167 169 169 173 NA 276 
558 NA 138 NA 266 128 128 NA 277 NA 146 NA 245 NA 178 167 169 169 170 NA 276 
559 NA 138 NA 266 128 128 NA 277 NA 146 NA 245 NA 172 167 114 169 170 NA 276 
560 142 138 NA 268 NA 122 NA 274 NA 143 NA 241 NA 182 112 112 NA 170 NA 170 
561 NA 132 NA 266 NA 128 NA 274 NA 146 NA 241 NA 168 NA 112 NA 170 NA 280 
562 NA 144 NA 266 NA 128 NA 274 NA 146 NA 247 NA 168 NA 112 NA 168 NA 176 
563 NA 144 NA 266 NA 128 NA 274 NA 140 NA 247 NA 168 NA 112 NA 173 NA 176 
564 NA 138 NA 266 NA 130 NA 274 NA 143 NA 243 NA 162 NA 169 170 187 NA 174 
565 NA 134 NA 266 NA 126 NA 274 NA 149 NA 241 NA 174 NA 114 NA 172 172 268 
566 140 144 NA 266 NA 116 NA 274 NA 143 NA 261 NA 178 NA 173 169 177 170 276 
567 NA 144 NA 266 NA 130 NA 274 NA 134 257 269 NA 172 112 169 NA 173 174 172 
568 NA 136 266 266 NA 132 NA 274 NA 146 NA 247 178 180 NA 169 NA 170 NA 268 
569 134 144 NA 266 NA 130 NA 277 NA 146 NA 247 178 180 NA 169 NA 168 NA 270 
570 NA 134 NA 266 NA 126 NA 274 146 143 259 239 NA 166 NA 169 NA 168 170 280 
571 144 140 NA 266 NA 124 NA 277 NA 164 NA 247 176 178 114 169 NA 173 NA 276 
572 NA 142 NA 266 NA 130 NA 277 NA 143 NA 247 NA 180 NA 116 179 169 NA 170 
573 150 144 NA 266 NA 128 NA 274 NA 146 NA 267 172 170 NA 106 NA 169 NA 280 
574 NA 140 266 266 NA 126 NA 274 NA 146 NA 259 NA 168 163 108 175 176 NA 172 
575 NA 140 266 266 NA 126 NA 274 NA 146 NA 247 NA 168 163 108 175 177 NA 172 
576 NA 140 NA 266 NA 124 274 274 NA 143 NA 235 NA 178 NA 173 NA 170 NA 172 
577 144 138 NA 268 130 122 NA 274 NA 146 NA 255 NA 176 NA 110 NA 170 NA 276 
578 NA 134 NA 266 NA 130 NA 277 NA 146 249 269 NA 170 NA 169 171 171 NA 270 
579 NA 136 266 266 NA 126 NA 277 149 143 NA 263 NA 184 NA 112 NA 169 176 176 
580 NA 140 NA 266 NA 122 274 274 NA 146 NA 241 170 168 NA 112 NA 167 NA 268 
581 NA 132 NA 268 NA 128 NA 274 140 149 NA 241 170 188 NA 169 NA 170 NA 268 
582 NA 138 NA 268 NA 128 NA 274 140 143 NA 255 170 188 NA 169 NA 181 NA 268 
583 NA 132 NA 268 NA 126 NA 277 NA 155 NA 241 172 178 NA 114 169 168 176 174 
584 NA 144 NA 266 NA 128 NA 277 NA 140 NA 255 NA 178 114 167 NA 171 NA 178 
585 NA 132 NA 266 NA 124 NA 274 149 146 NA 241 NA 172 177 169 NA 170 280 290 
586 140 134 NA 266 NA 126 NA 274 NA 146 NA 241 NA 180 114 167 NA 167 NA 170 
587 140 134 NA 266 NA 126 NA 277 NA 137 NA 241 NA 180 114 114 NA 167 NA 170 
588 NA 134 NA 268 NA 130 NA 277 158 140 NA 243 NA 172 NA 167 NA 171 NA 276 
589 NA 134 NA 266 NA 122 NA 274 NA 143 NA 255 NA 174 NA 173 NA 167 NA 176 
590 NA 140 NA 266 NA 122 NA 274 NA 143 NA 255 NA 178 NA 112 NA 172 NA 172 
591 NA 140 NA 266 NA 126 NA 274 NA 146 NA 255 NA 178 NA 173 NA 172 NA 176 
592 NA 132 NA 266 NA 122 NA 277 NA 143 241 251 NA 178 NA 167 NA 168 NA 176 
593 NA 136 NA 266 NA 126 NA 277 NA 140 241 251 NA 184 112 177 NA 169 176 268 
594 142 138 NA 266 122 128 NA 274 NA 143 NA 241 NA 180 NA 112 NA 170 NA 278 
595 NA 144 NA 266 NA 126 NA 274 NA 140 NA 265 NA 180 NA 116 NA 169 276 176 
596 NA 144 NA 266 NA 126 NA 274 NA 140 NA 265 NA 180 NA 112 NA 169 276 276 
597 NA 142 NA 266 NA 126 NA 274 NA 146 NA 255 182 174 NA 112 NA 168 NA 176 
598 NA 134 NA 268 NA 126 NA 274 NA 161 NA 263 NA 182 NA 114 170 171 NA 178 
599 NA 132 NA 266 124 126 274 274 NA 134 NA 243 NA 172 NA 167 171 174 172 276 
600 NA 140 NA 266 NA 126 NA 274 NA 140 261 247 NA 178 NA 112 NA 168 NA 268 
601 NA 132 NA 266 NA 124 NA 274 NA 143 NA 257 182 174 NA 114 NA 172 NA 170 
602 132 132 NA 266 NA 126 NA 277 NA 146 NA 235 NA 182 NA 110 173 195 176 280 
603 NA 138 266 266 NA 122 NA 274 NA 143 239 243 NA 170 110 171 NA 169 270 176 
604 134 132 268 266 126 126 NA 274 NA 143 241 239 NA 176 NA 173 NA 170 NA 270 
605 NA 132 NA 266 128 122 NA 274 NA 158 NA 255 178 168 NA 112 NA 170 NA 274 
606 NA 138 NA 266 128 122 NA 274 NA 146 NA 241 178 176 NA 112 NA 170 NA 274 
607 NA 134 NA 266 124 130 274 274 NA 140 NA 249 NA 176 167 112 NA 177 NA 170 
608 NA 138 NA 266 NA 128 NA 274 NA 149 NA 241 NA 178 NA 112 NA 185 NA 268 
609 NA 138 NA 266 NA 128 NA 274 NA 149 NA 241 NA 168 NA 167 NA 170 NA 176 
610 NA 132 266 266 NA 128 NA 274 NA 143 NA 251 NA 172 NA 110 NA 173 282 280 
611 NA 138 NA 266 NA 126 NA 274 146 146 NA 235 176 188 NA 112 168 169 NA 280 
612 NA 136 NA 266 NA 128 NA 274 NA 140 243 241 168 186 112 112 NA 168 NA 278 
613 NA 134 NA 268 NA 128 NA 277 NA 146 NA 229 NA 180 167 169 NA 170 NA 176 
614 NA 132 NA 266 128 126 274 274 146 140 NA 243 NA 172 NA 167 NA 168 NA 170 
615 NA 134 NA 266 NA 128 274 277 146 143 NA 257 NA 166 NA 116 NA 167 NA 268 
616 NA 134 NA 266 NA 130 274 274 NA 143 NA 241 186 180 NA 175 NA 170 NA 176 
617 NA 134 266 266 NA 122 NA 274 155 146 NA 243 NA 178 NA 112 NA 171 NA 276 
618 NA 136 NA 268 126 132 274 274 NA 146 247 235 NA 186 116 169 NA 172 NA 174 
619 NA 134 NA 266 NA 132 274 277 NA 134 NA 253 NA 182 NA 112 NA 168 NA 268 
620 NA 140 NA 266 NA 128 NA 274 NA 146 NA 251 NA 168 NA 169 NA 171 NA 268 
621 NA 140 NA 266 NA 132 NA 274 NA 146 NA 241 NA 168 NA 167 NA 168 NA 172 
622 150 134 NA 266 NA 124 NA 274 NA 146 NA 235 NA 172 NA 112 173 170 NA 174 
623 150 134 NA 266 NA 124 NA 277 NA 146 NA 235 NA 176 NA 114 173 170 NA 270 
624 NA 138 NA 268 NA 130 NA 274 NA 146 NA 251 NA 178 NA 169 NA 175 NA 172 
625 134 132 266 266 NA 130 NA 274 NA 140 NA 243 NA 182 114 169 NA 168 NA 280 
626 NA 134 NA 266 NA 122 274 274 NA 140 NA 243 NA 172 NA 112 NA 168 NA 268 
627 NA 134 NA 266 NA 122 274 274 NA 137 NA 243 NA 172 NA 112 NA 168 NA 268 
628 NA 140 NA 266 NA 124 NA 274 NA 140 NA 243 NA 178 114 108 NA 171 NA 174 
629 NA 134 NA 266 126 126 274 274 NA 140 NA 243 NA 178 NA 114 NA 167 NA 170 
630 NA 136 266 266 NA 124 NA 274 149 143 NA 255 182 172 NA 165 NA 168 NA 276 
631 NA 132 NA 266 NA 128 NA 274 NA 143 229 235 NA 176 NA 112 NA 170 278 170 
632 NA 142 NA 266 NA 126 NA 274 NA 134 249 259 176 188 NA 169 NA 176 NA 276 
633 NA 142 NA 266 NA 122 NA 277 NA 146 NA 243 NA 176 NA 171 177 171 178 278 
634 NA 134 NA 266 130 124 277 274 NA 140 241 235 NA 184 NA 169 NA 177 NA 270 
635 NA 134 NA 266 130 124 277 274 NA 143 241 231 NA 180 NA 169 NA 169 NA 270 
636 NA 132 NA 266 NA 124 NA 277 NA 140 NA 241 NA 174 NA 112 NA 173 NA 180 
637 NA 132 NA 266 124 126 NA 277 146 143 NA 247 NA 168 NA 110 170 169 NA 172 
638 NA 132 268 266 NA 130 NA 274 NA 146 NA 253 NA 172 NA 167 168 170 NA 174 
639 134 132 NA 266 NA 124 NA 274 146 146 NA 239 176 174 171 173 NA 175 NA 276 
640 138 144 NA 268 NA 126 277 274 146 146 NA 243 NA 186 NA 167 NA 171 NA 280 
641 NA 134 NA 266 NA 126 274 274 NA 158 241 251 NA 168 NA 167 NA 170 170 174 
642 NA 140 NA 268 NA 128 274 274 NA 140 NA 257 NA 174 NA 167 NA 171 NA 276 
643 NA 132 NA 266 NA 116 NA 274 155 140 NA 243 NA 180 112 169 NA 170 NA 268 
644 NA 134 NA 266 124 126 NA 274 NA 146 NA 235 178 190 NA 110 NA 169 NA 274 
645 NA 134 NA 266 124 126 NA 274 NA 146 NA 235 178 190 NA 114 NA 169 NA 274 
646 NA 132 NA 268 NA 130 NA 277 NA 137 NA 247 NA 182 NA 167 NA 167 NA 274 
647 NA 144 NA 266 NA 126 274 274 NA 119 NA 257 180 188 NA 114 NA 174 NA 276 
648 NA 134 NA 268 130 130 NA 274 NA 146 NA 233 178 178 167 167 NA 171 NA 276 
649 NA 134 NA 266 NA 122 NA 274 NA 146 NA 267 NA 172 NA 169 NA 168 176 276 
650 NA 138 NA 266 NA 122 NA 274 NA 140 NA 241 NA 178 NA 171 NA 173 NA 268 
651 138 128 NA 266 126 124 NA 277 NA 140 NA 239 NA 186 112 167 NA 177 NA 176 
652 NA 140 NA 266 NA 122 274 274 NA 146 NA 251 NA 182 NA 169 NA 168 NA 276 
653 NA 132 266 266 NA 130 NA 277 140 176 241 235 180 170 NA 167 NA 168 NA 174 
654 132 132 NA 266 NA 124 274 274 140 149 231 241 NA 174 NA 167 NA 172 NA 172 
655 132 132 NA 266 NA 124 274 274 140 149 231 241 NA 172 NA 167 NA 172 NA 172 
656 NA 138 NA 266 NA 122 NA 274 NA 146 NA 231 NA 174 NA 167 NA 169 276 272 
657 NA 142 NA 268 NA 122 NA 274 NA 146 NA 243 NA 174 NA 112 166 170 270 268 
658 NA 134 NA 266 NA 124 NA 274 NA 155 255 249 178 194 NA 169 NA 170 NA 170 
659 NA 132 NA 266 126 128 NA 274 NA 134 NA 243 NA 178 NA 167 169 169 NA 268 
660 NA 134 NA 266 NA 128 NA 277 143 140 251 231 NA 180 NA 114 170 168 NA 268 
661 132 134 NA 266 NA 126 NA 277 146 137 NA 253 NA 178 NA 171 NA 174 NA 276 
662 132 144 NA 266 NA 126 NA 277 146 137 NA 251 NA 170 NA 114 NA 174 NA 276 
663 132 144 NA 266 NA 126 NA 277 146 146 NA 251 NA 178 NA 114 NA 174 NA 276 
664 NA 134 NA 266 NA 130 NA 274 NA 146 239 243 NA 176 NA 169 NA 170 NA 280 
665 NA 134 NA 266 NA 130 NA 274 NA 146 239 255 NA 176 NA 169 NA 170 NA 172 
666 NA 144 NA 266 NA 122 NA 274 NA 149 NA 241 190 174 NA 112 NA 170 280 168 
667 NA 140 NA 268 NA 128 NA 277 NA 143 NA 251 NA 190 NA 167 NA 170 NA 178 
668 NA 132 NA 266 NA 124 NA 277 NA 155 NA 241 NA 172 110 112 166 171 NA 278 
669 NA 132 NA 266 NA 128 NA 277 NA 134 NA 241 NA 172 110 112 166 171 NA 278 
670 NA 134 NA 266 NA 128 NA 277 NA 134 NA 241 NA 178 110 112 166 174 NA 268 
671 NA 132 266 266 NA 124 274 277 NA 146 NA 241 NA 172 NA 112 NA 170 NA 172 
672 NA 138 NA 266 NA 130 NA 274 NA 146 NA 243 170 170 169 114 NA 170 NA 276 
673 NA 140 268 266 NA 130 NA 274 NA 146 NA 247 NA 178 NA 167 NA 170 NA 270 
674 NA 146 NA 266 126 126 NA 277 NA 146 251 249 NA 180 NA 169 NA 176 198 176 
675 NA 148 NA 266 126 126 NA 277 NA 140 251 249 NA 188 NA 169 NA 176 198 276 
676 NA 136 NA 266 NA 130 NA 277 134 146 NA 247 170 166 NA 112 NA 177 NA 176 
677 NA 134 NA 266 NA 128 NA 274 NA 146 NA 249 182 190 NA 114 NA 179 NA 176 
678 NA 136 NA 266 122 128 NA 274 NA 134 NA 251 NA 172 NA 163 NA 170 NA 178 
679 NA 140 NA 266 128 122 NA 277 NA 134 NA 243 NA 174 NA 167 NA 173 270 280 
680 NA 140 NA 266 128 122 NA 274 NA 134 NA 243 NA 174 NA 185 NA 173 270 176 
681 NA 140 NA 266 128 122 NA 274 NA 146 NA 243 NA 174 NA 185 NA 173 270 280 
682 NA 144 266 268 NA 124 NA 277 NA 182 NA 235 NA 164 NA 169 168 169 176 178 
683 NA 140 266 266 NA 124 NA 274 167 143 233 247 NA 182 112 114 NA 170 NA 280 
684 138 128 NA 266 NA 126 274 277 NA 146 NA 241 NA 170 112 112 NA 167 NA 280 
685 138 128 NA 266 NA 126 274 277 NA 146 NA 241 NA 178 112 169 NA 167 NA 268 
686 NA 134 NA 266 124 130 NA 277 NA 143 255 259 NA 188 NA 167 NA 193 174 276 
687 NA 132 NA 266 NA 128 NA 274 NA 146 NA 235 NA 172 169 112 NA 170 NA 170 
688 NA 134 NA 266 NA 126 NA 277 NA 146 NA 241 NA 180 NA 167 NA 170 NA 280 
689 NA 140 NA 266 NA 130 NA 274 143 140 NA 253 NA 188 NA 112 NA 168 NA 170 
690 134 134 NA 266 NA 122 277 277 NA 146 NA 243 NA 168 NA 167 NA 185 280 172 
691 134 152 NA 266 NA 122 277 274 NA 146 NA 289 NA 186 NA 165 NA 168 280 172 
692 NA 134 NA 266 NA 122 NA 274 NA 143 NA 241 NA 168 167 171 NA 177 NA 172 
693 NA 142 NA 266 NA 126 NA 274 NA 146 NA 241 NA 186 NA 167 NA 170 NA 174 
694 NA 144 NA 266 NA 126 NA 274 146 149 NA 241 154 172 NA 112 NA 167 NA 176 
695 NA 144 NA 266 NA 126 NA 274 146 149 NA 255 154 172 NA 114 NA 176 NA 170 
696 NA 140 NA 266 NA 126 NA 274 146 149 NA 255 154 172 NA 112 NA 176 NA 176 
697 NA 132 NA 266 124 128 NA 274 146 146 NA 243 NA 192 NA 116 NA 170 NA 268 
698 NA 134 NA 266 NA 130 NA 274 NA 125 NA 243 NA 176 112 112 NA 170 276 172 
699 NA 144 266 266 128 128 NA 277 NA 119 NA 247 NA 178 NA 169 NA 175 NA 282 
700 NA 142 NA 266 NA 122 274 274 NA 146 NA 239 NA 178 NA 171 NA 176 NA 192 
701 130 132 NA 268 NA 132 NA 274 NA 161 NA 235 NA 172 NA 112 NA 177 NA 280 
702 132 138 268 266 NA 124 NA 274 146 161 NA 235 178 182 NA 112 NA 170 172 176 
703 138 142 NA 266 NA 122 NA 274 NA 143 NA 241 NA 170 NA 112 NA 168 NA 174 
704 NA 130 NA 266 NA 124 NA 274 NA 149 NA 241 176 180 NA 114 NA 170 NA 276 
705 NA 134 NA 268 NA 124 NA 274 NA 155 NA 255 NA 186 167 169 181 170 194 276 
706 NA 142 NA 266 NA 122 NA 274 NA 170 NA 229 NA 168 NA 112 NA 169 NA 274 
707 NA 134 NA 266 130 122 NA 277 NA 149 243 261 NA 180 NA 169 NA 176 NA 276 
708 NA 134 NA 266 NA 124 NA 274 140 146 NA 269 NA 180 NA 112 NA 166 NA 280 
709 NA 140 NA 266 124 124 NA 274 NA 122 NA 245 NA 174 NA 112 NA 169 172 172 
710 128 134 NA 266 NA 122 NA 274 NA 140 NA 241 NA 168 NA 114 NA 168 NA 280 
711 NA 146 NA 266 NA 124 NA 274 NA 146 NA 241 NA 180 NA 110 NA 170 NA 274 
712 NA 144 NA 266 NA 130 NA 274 NA 146 241 243 NA 176 NA 114 NA 173 NA 174 
713 NA 140 NA 266 NA 126 NA 277 NA 146 241 243 NA 176 NA 114 NA 173 NA 174 
714 NA 144 NA 266 NA 130 NA 277 NA 146 241 237 NA 172 NA 114 NA 170 NA 174 
715 NA 144 NA 266 122 126 NA 274 NA 146 NA 241 NA 182 NA 114 NA 170 NA 170 
716 138 138 NA 266 NA 132 277 277 NA 140 NA 247 NA 186 NA 167 NA 172 NA 268 
717 NA 134 NA 266 NA 130 274 277 NA 146 NA 243 NA 176 NA 169 NA 179 NA 170 
718 NA 132 NA 266 130 124 NA 274 NA 143 NA 247 NA 178 NA 112 NA 170 NA 268 
719 NA 132 NA 266 130 132 NA 274 NA 143 NA 251 NA 176 NA 112 NA 176 NA 268 
720 138 136 266 266 128 124 NA 274 NA 140 NA 255 NA 192 NA 114 NA 175 NA 172 
721 NA 138 NA 266 NA 122 NA 274 NA 143 NA 247 NA 168 NA 112 NA 168 NA 178 
722 NA 136 NA 266 NA 124 NA 274 NA 155 NA 251 NA 174 NA 167 NA 170 NA 280 
723 NA 134 NA 266 NA 128 NA 274 NA 140 NA 253 NA 180 NA 114 NA 170 NA 178 
724 NA 128 NA 266 NA 124 NA 274 NA 149 NA 241 NA 180 169 169 NA 171 NA 172 
725 NA 132 NA 266 NA 124 NA 274 NA 146 NA 241 NA 170 NA 169 NA 172 276 174 
726 134 138 266 266 NA 124 NA 274 NA 140 NA 259 NA 154 NA 112 NA 169 NA 170 
727 142 130 NA 266 126 130 NA 277 NA 146 NA 235 NA 186 NA 112 NA 168 172 172 
728 NA 144 NA 268 NA 122 NA 274 NA 143 NA 247 NA 174 NA 173 NA 172 NA 180 
729 NA 134 266 266 NA 130 NA 277 NA 143 NA 245 NA 186 NA 114 191 175 NA 174 
730 NA 134 NA 266 NA 128 NA 274 NA 143 NA 241 NA 180 NA 169 NA 171 NA 168 
731 NA 146 NA 266 130 126 NA 274 NA 140 NA 243 NA 168 NA 110 NA 169 NA 276 
732 NA 132 NA 268 NA 124 NA 277 NA 146 253 247 176 170 NA 169 NA 168 NA 170 
733 NA 132 NA 266 NA 126 274 277 NA 146 NA 243 NA 168 112 167 NA 170 NA 172 
734 NA 134 NA 266 NA 126 NA 274 NA 146 NA 257 NA 170 NA 114 NA 191 NA 274 
735 NA 138 266 266 NA 126 NA 274 NA 143 NA 241 NA 168 NA 171 NA 173 NA 268 
736 142 130 NA 266 126 126 277 277 NA 146 243 235 NA 166 NA 114 NA 179 NA 190 
737 142 138 NA 266 126 126 277 277 NA 146 243 243 NA 176 NA 114 NA 179 NA 176 
738 NA 134 NA 266 NA 128 NA 277 NA 134 NA 235 NA 168 NA 114 NA 173 NA 274 
739 NA 132 NA 266 130 126 NA 274 NA 143 NA 241 NA 184 NA 165 NA 170 NA 268 
740 134 134 NA 266 NA 132 NA 274 NA 140 249 243 NA 178 NA 169 NA 173 NA 172 
741 NA 132 NA 266 NA 126 NA 274 NA 146 NA 243 NA 178 NA 112 NA 171 170 170 
742 NA 144 NA 266 NA 124 NA 274 NA 146 NA 257 NA 178 NA 112 NA 171 170 268 
743 NA 136 NA 266 128 130 NA 274 NA 140 NA 269 NA 170 NA 110 NA 173 NA 178 
744 NA 144 NA 266 NA 126 NA 274 NA 146 NA 243 NA 170 NA 169 NA 177 NA 278 
745 NA 134 NA 266 NA 122 NA 274 NA 146 243 289 NA 182 NA 169 NA 174 NA 280 
746 NA 138 NA 266 NA 126 NA 277 134 146 NA 241 NA 154 NA 114 NA 170 170 172 
747 NA 136 NA 266 126 124 NA 274 134 146 NA 245 176 182 NA 114 NA 181 NA 278 
748 NA 136 NA 266 126 124 NA 277 134 146 NA 245 176 172 NA 114 NA 169 NA 172 
749 NA 136 NA 266 126 124 NA 274 134 146 NA 245 176 172 NA 114 NA 169 NA 172 
750 NA 134 266 266 NA 126 NA 277 NA 146 NA 229 188 176 NA 112 171 169 NA 280 
751 140 140 NA 266 128 126 NA 277 NA 137 NA 245 NA 170 NA 114 NA 173 NA 170 
752 NA 144 NA 266 NA 126 NA 274 NA 134 NA 249 NA 188 NA 169 NA 168 NA 274 
753 NA 140 NA 266 126 124 NA 274 NA 140 NA 251 NA 178 167 110 NA 173 NA 270 
754 132 140 NA 266 NA 122 NA 274 NA 143 241 243 NA 186 NA 112 179 170 NA 190 
755 NA 138 NA 268 NA 128 NA 277 NA 140 NA 243 NA 172 NA 169 NA 170 176 190 
756 NA 142 NA 266 NA 126 NA 277 NA 146 NA 231 NA 174 NA 169 NA 170 168 190 
757 NA 128 NA 266 NA 128 NA 277 NA 146 NA 269 176 172 NA 165 NA 170 NA 268 
758 NA 132 NA 266 NA 128 NA 274 NA 134 247 241 NA 180 169 112 NA 171 NA 176 
759 NA 132 NA 266 NA 122 NA 274 140 146 NA 241 182 178 177 112 NA 169 NA 280 
760 NA 146 NA 266 NA 122 277 274 NA 149 NA 253 168 182 NA 114 NA 187 NA 174 
761 NA 132 NA 266 NA 124 NA 274 NA 149 243 241 NA 178 NA 171 NA 171 172 190 
762 NA 140 NA 266 NA 126 NA 277 NA 143 NA 247 170 180 NA 114 170 168 NA 176 
763 NA 132 NA 266 NA 128 NA 274 NA 149 NA 243 178 176 NA 116 172 169 NA 278 
764 NA 144 NA 266 130 126 274 277 NA 134 235 245 NA 180 167 112 NA 173 NA 276 
765 136 132 NA 266 NA 126 277 277 NA 146 NA 251 NA 180 NA 171 NA 170 NA 266 
766 NA 140 NA 266 128 126 NA 277 NA 140 NA 269 174 176 NA 120 NA 187 NA 170 
767 NA 128 NA 266 NA 126 NA 277 152 134 NA 239 176 178 NA 112 NA 169 NA 172 
768 NA 132 NA 266 128 124 274 274 NA 149 NA 245 180 176 NA 114 NA 170 276 276 
769 NA 138 NA 266 NA 122 NA 277 NA 146 NA 243 NA 182 NA 167 171 170 NA 174 
770 NA 128 NA 266 122 124 NA 274 NA 146 NA 243 NA 172 NA 167 NA 170 NA 170 
771 144 142 NA 266 128 122 NA 274 NA 146 NA 243 NA 178 112 116 171 170 NA 284 
772 NA 130 NA 266 NA 124 NA 277 134 143 NA 257 NA 170 112 116 187 175 NA 268 
773 132 134 NA 266 128 132 NA 274 NA 146 NA 243 NA 184 NA 169 NA 173 NA 182 
774 NA 144 NA 266 NA 126 NA 274 NA 140 NA 251 180 182 110 167 NA 170 172 172 
775 NA 140 NA 266 NA 132 NA 274 NA 146 NA 241 NA 180 NA 114 NA 170 NA 274 
776 NA 146 NA 266 NA 126 NA 274 NA 134 NA 251 NA 176 NA 171 NA 166 NA 172 
777 132 140 266 266 NA 130 NA 274 NA 155 NA 243 176 180 NA 110 NA 170 NA 176 
778 NA 132 266 266 122 122 274 274 140 146 NA 241 NA 168 112 167 NA 170 NA 172 
779 NA 138 NA 266 NA 128 NA 274 NA 137 NA 241 NA 176 NA 114 177 172 NA 270 
780 NA 132 266 266 NA 128 NA 274 NA 146 NA 255 182 180 NA 114 NA 188 NA 176 
781 NA 144 NA 268 NA 122 NA 274 NA 146 NA 247 NA 170 NA 167 NA 173 NA 172 
782 NA 142 NA 266 NA 130 NA 277 NA 134 NA 231 NA 180 NA 112 NA 168 NA 170 
783 NA 142 266 266 126 132 277 277 NA 149 NA 251 NA 192 NA 169 NA 169 NA 276 
784 NA 136 266 268 126 130 277 274 NA 143 NA 255 NA 174 NA 112 NA 169 NA 172 
785 NA 136 266 266 126 130 277 277 NA 149 NA 255 NA 174 NA 112 NA 167 NA 276 
786 NA 142 NA 268 NA 122 NA 274 NA 143 NA 251 NA 176 169 112 168 169 NA 280 
787 NA 132 NA 266 NA 130 274 277 140 146 NA 251 NA 192 NA 110 NA 173 NA 270 
788 NA 140 266 266 NA 124 NA 274 NA 146 NA 235 NA 176 NA 108 NA 169 NA 172 
789 NA 132 266 266 NA 124 NA 277 NA 146 NA 241 NA 168 NA 112 NA 169 NA 170 
790 NA 140 266 266 NA 124 NA 274 NA 143 NA 235 NA 176 NA 112 NA 169 NA 172 
791 132 132 NA 268 122 132 NA 274 146 143 NA 243 NA 176 NA 116 NA 170 NA 270 
792 138 142 NA 266 NA 122 NA 274 NA 146 NA 237 178 180 NA 169 NA 173 280 280 
793 NA 134 NA 268 132 126 NA 274 146 143 251 253 NA 178 NA 163 NA 168 266 268 
794 NA 132 NA 266 NA 126 277 274 NA 134 241 243 182 176 NA 112 174 168 NA 276 
795 NA 138 NA 266 NA 130 NA 274 NA 140 NA 251 NA 184 NA 169 NA 173 170 170 
796 NA 144 NA 268 NA 130 274 277 NA 146 NA 241 NA 184 NA 112 NA 172 NA 270 
797 NA 140 NA 266 124 124 NA 274 140 140 NA 233 NA 178 NA 167 172 189 NA 276 
798 144 142 266 268 NA 124 274 277 146 146 NA 235 NA 180 NA 169 NA 177 NA 172 
799 NA 142 NA 266 NA 124 NA 274 NA 146 NA 259 NA 192 NA 169 NA 173 NA 268 
800 NA 132 NA 266 NA 130 274 274 143 146 NA 257 NA 178 NA 114 NA 173 NA 180 
801 NA 132 NA 266 NA 122 274 274 143 146 NA 243 NA 178 NA 114 NA 173 NA 172 
802 NA 132 NA 266 NA 130 274 274 143 146 NA 257 NA 178 NA 114 NA 168 NA 172 
803 NA 140 266 266 NA 126 NA 274 NA 146 NA 259 NA 174 NA 114 NA 168 172 186 
804 146 138 NA 268 NA 128 NA 274 NA 146 NA 251 NA 172 167 112 169 172 174 180 
805 NA 138 NA 266 NA 126 NA 274 143 146 NA 255 NA 178 NA 112 NA 172 NA 272 
806 140 132 NA 266 122 122 NA 274 NA 140 NA 255 172 176 NA 165 168 172 NA 172 
807 NA 140 NA 266 NA 126 NA 277 NA 143 NA 239 NA 180 NA 169 NA 168 NA 300 
808 NA 138 NA 266 NA 122 NA 274 NA 134 NA 251 178 178 NA 163 NA 172 NA 168 
809 NA 138 NA 266 126 126 NA 274 NA 158 243 251 NA 168 110 167 NA 169 NA 176 
810 NA 134 NA 266 126 124 NA 274 NA 158 243 251 NA 188 110 167 NA 169 NA 176 
811 NA 140 NA 266 NA 124 NA 277 NA 134 245 241 NA 172 NA 114 NA 189 NA 268 
812 NA 132 NA 266 NA 130 NA 274 NA 140 NA 251 176 180 NA 169 NA 170 NA 276 
813 NA 140 266 266 NA 122 NA 277 NA 143 NA 243 176 186 NA 175 NA 173 NA 280 
814 134 132 NA 266 NA 126 NA 274 143 140 NA 239 NA 180 NA 169 NA 172 NA 276 
815 140 138 268 266 NA 126 NA 274 NA 140 NA 241 178 180 163 169 NA 172 176 276 
816 140 138 268 266 NA 126 NA 274 NA 155 NA 241 178 178 163 112 NA 172 176 276 
817 132 128 266 266 NA 124 274 274 NA 146 NA 251 176 172 NA 169 170 173 NA 174 
818 140 134 NA 266 NA 130 NA 274 140 146 NA 241 NA 176 NA 112 NA 169 170 272 
819 NA 132 NA 266 NA 122 274 274 NA 149 NA 255 NA 186 NA 112 NA 166 172 280 
820 NA 132 NA 266 NA 130 NA 274 NA 146 241 269 NA 180 169 110 170 170 NA 170 
821 NA 132 NA 266 NA 126 NA 277 NA 146 243 243 172 176 112 169 NA 168 NA 174 
822 NA 132 NA 268 NA 128 NA 274 NA 155 NA 241 NA 180 NA 112 NA 171 NA 276 
823 NA 140 266 266 NA 130 NA 274 NA 146 NA 237 NA 176 112 114 NA 170 172 276 
824 NA 140 266 266 NA 126 274 274 NA 146 NA 235 178 172 167 169 NA 170 NA 276 
825 134 132 NA 266 NA 128 NA 274 NA 140 241 241 188 178 NA 167 NA 177 NA 172 
826 NA 134 NA 268 NA 128 NA 274 NA 149 NA 243 NA 186 110 112 NA 170 NA 280 
827 NA 140 268 266 128 130 NA 274 NA 146 243 243 NA 172 112 171 NA 170 NA 280 
828 NA 140 268 266 128 124 NA 274 NA 146 243 243 NA 172 112 171 NA 170 NA 280 
829 NA 134 266 266 128 122 NA 274 NA 125 NA 255 NA 186 NA 169 NA 177 276 172 
830 140 134 NA 268 128 128 NA 274 NA 146 NA 235 NA 170 NA 110 NA 170 NA 170 
831 NA 134 NA 266 NA 132 NA 274 NA 146 NA 241 NA 186 NA 116 NA 169 NA 284 
832 NA 130 NA 266 NA 124 NA 277 NA 146 NA 247 NA 182 NA 114 NA 171 NA 280 
833 132 144 NA 268 NA 128 NA 274 NA 155 NA 251 178 174 NA 169 NA 171 NA 280 
834 NA 140 NA 266 NA 130 NA 277 NA 146 NA 255 NA 182 NA 112 NA 166 276 172 
835 NA 138 NA 266 126 124 274 274 NA 146 NA 247 NA 174 NA 110 NA 173 NA 276 
836 NA 134 NA 266 NA 126 NA 274 NA 146 NA 241 NA 168 NA 112 NA 177 NA 278 
837 NA 140 NA 266 NA 124 NA 277 NA 146 NA 249 182 176 NA 114 172 177 172 176 
838 138 144 NA 266 NA 124 274 274 NA 158 NA 241 NA 180 NA 112 NA 167 NA 176 
839 NA 144 266 268 124 130 NA 274 NA 134 NA 243 NA 182 NA 167 NA 175 172 174 
840 NA 130 NA 266 NA 126 NA 277 140 140 NA 255 172 184 NA 112 168 174 NA 276 
841 NA 132 266 266 NA 130 NA 274 NA 146 NA 259 NA 186 177 169 NA 169 NA 280 
842 NA 140 NA 266 NA 126 274 277 NA 146 NA 255 NA 170 NA 169 NA 176 NA 174 
843 138 138 268 268 NA 124 277 274 NA 149 NA 255 NA 160 NA 114 NA 169 NA 172 
844 NA 140 NA 266 NA 132 NA 277 140 143 NA 259 188 182 112 112 NA 171 NA 270 
845 NA 140 NA 266 NA 132 NA 274 140 146 NA 235 188 182 112 114 NA 171 NA 280 
846 NA 136 NA 266 NA 126 NA 277 149 146 NA 235 NA 182 NA 171 NA 174 NA 274 
847 NA 136 NA 266 NA 130 NA 277 149 146 NA 253 NA 182 NA 165 NA 173 NA 274 
848 NA 132 NA 266 132 122 NA 277 NA 119 NA 235 168 166 NA 167 NA 169 NA 270 
849 NA 134 266 266 NA 126 NA 274 NA 140 NA 243 NA 178 NA 112 NA 168 NA 170 
850 136 138 266 266 NA 124 NA 274 NA 149 NA 249 NA 168 112 112 NA 170 178 278 
851 NA 140 NA 268 124 126 277 274 NA 143 247 247 NA 178 NA 167 NA 168 NA 270 
852 NA 134 266 266 NA 130 NA 277 NA 164 251 247 NA 178 NA 171 NA 168 NA 268 
853 NA 140 NA 268 NA 130 NA 277 NA 143 NA 243 NA 170 112 112 NA 170 NA 194 
854 NA 134 NA 266 NA 128 NA 274 NA 143 NA 247 NA 168 NA 112 NA 169 NA 276 
855 NA 128 NA 266 NA 126 NA 274 NA 134 235 241 172 174 NA 110 NA 171 NA 170 
856 NA 134 NA 266 NA 128 NA 274 NA 137 NA 241 NA 180 NA 169 NA 170 NA 278 
857 142 136 266 266 NA 124 277 274 NA 119 NA 241 NA 180 169 114 NA 177 NA 278 
858 142 140 NA 266 NA 126 NA 274 NA 140 NA 243 NA 174 NA 112 NA 167 NA 280 
859 NA 152 NA 266 NA 130 NA 274 NA 170 243 245 NA 176 167 169 NA 170 NA 280 
860 NA 136 NA 266 NA 126 NA 274 NA 146 NA 241 NA 180 NA 112 NA 168 276 278 
861 NA 134 NA 266 NA 124 NA 274 NA 146 NA 241 NA 172 110 114 169 172 NA 276 
862 NA 134 NA 266 NA 128 NA 274 NA 146 NA 241 NA 172 110 114 169 172 NA 276 
863 NA 140 NA 266 130 124 274 274 NA 158 NA 243 NA 174 NA 169 173 168 NA 176 
864 NA 130 268 268 NA 130 NA 274 149 134 NA 255 NA 170 NA 169 NA 170 174 172 
865 NA 132 NA 266 128 126 277 274 NA 146 NA 249 184 184 NA 114 NA 171 NA 268 
866 NA 132 NA 266 128 126 277 274 NA 146 NA 249 184 176 NA 114 NA 171 NA 268 
867 138 130 NA 266 NA 126 NA 274 NA 146 NA 241 NA 172 NA 167 NA 170 NA 270 
868 NA 134 NA 266 130 128 274 274 NA 143 NA 241 NA 180 NA 114 NA 170 NA 172 
869 136 134 266 266 128 124 NA 277 NA 146 NA 245 NA 182 NA 112 NA 167 NA 276 
870 140 140 NA 266 NA 124 274 274 NA 134 NA 241 182 170 NA 112 NA 169 NA 174 
871 NA 132 266 268 NA 126 NA 274 NA 146 NA 243 NA 180 NA 165 NA 170 NA 268 
872 NA 132 266 266 NA 126 NA 274 NA 146 NA 243 NA 172 NA 165 NA 170 NA 268 
873 NA 132 NA 268 126 124 NA 274 NA 134 NA 257 NA 182 NA 169 NA 171 NA 268 
874 NA 142 NA 266 126 124 NA 274 NA 143 NA 257 NA 182 NA 112 NA 171 NA 268 
875 NA 132 NA 266 NA 132 274 277 NA 119 NA 243 184 178 NA 169 171 173 NA 170 
876 NA 142 NA 266 122 128 NA 274 NA 146 NA 247 NA 172 NA 110 NA 169 NA 276 
877 NA 132 NA 266 122 128 NA 274 NA 146 NA 269 NA 176 NA 112 NA 169 NA 170 
878 NA 130 NA 266 126 126 NA 274 NA 146 NA 235 NA 168 NA 173 NA 168 NA 174 
879 NA 134 266 266 NA 130 274 274 NA 149 NA 241 188 170 NA 112 NA 168 NA 176 
880 NA 142 NA 268 NA 126 NA 277 NA 146 NA 235 NA 188 NA 116 173 169 NA 268 
881 NA 148 NA 266 NA 126 NA 274 NA 155 NA 241 NA 182 NA 112 NA 171 268 170 
882 134 142 NA 266 NA 124 274 277 NA 140 NA 243 172 172 NA 112 NA 170 NA 268 
883 NA 144 NA 266 NA 128 274 274 NA 140 NA 269 NA 186 NA 112 168 170 NA 276 
884 NA 134 NA 266 NA 124 277 277 146 152 NA 241 NA 176 NA 169 NA 193 176 280 
885 NA 142 NA 266 NA 116 277 277 146 152 NA 241 NA 176 NA 169 NA 193 176 280 
886 NA 134 NA 268 NA 124 NA 277 NA 146 NA 243 NA 180 NA 167 NA 168 NA 276 
887 NA 132 NA 266 124 128 NA 274 146 140 NA 243 NA 170 NA 169 NA 176 NA 176 
888 NA 140 NA 266 NA 124 NA 277 NA 140 NA 241 174 186 NA 167 NA 169 NA 172 
889 NA 146 268 266 NA 126 NA 274 NA 146 NA 255 NA 168 NA 112 NA 172 NA 276 
890 NA 144 268 266 NA 128 NA 274 NA 146 NA 255 NA 168 NA 112 NA 172 NA 276 
891 NA 160 268 266 NA 126 NA 277 NA 155 NA 239 172 184 167 112 167 175 276 276 
892 138 134 266 266 126 124 NA 274 NA 140 NA 241 NA 168 112 112 166 169 174 276 
893 NA 134 NA 268 NA 122 NA 277 NA 134 NA 239 NA 168 NA 165 NA 167 NA 278 
894 NA 132 NA 268 NA 128 NA 274 NA 146 NA 241 NA 168 NA 169 NA 168 170 270 
895 NA 128 NA 268 NA 126 274 274 143 134 NA 257 NA 176 NA 114 168 172 176 172 
896 NA 134 NA 268 130 124 NA 274 143 140 NA 245 NA 182 NA 167 NA 174 NA 268 
897 NA 140 266 266 NA 128 274 274 NA 137 NA 243 NA 186 NA 110 NA 175 NA 174 
898 NA 136 266 268 NA 128 NA 274 140 146 NA 255 NA 178 NA 112 NA 172 NA 176 
899 NA 132 266 266 NA 122 NA 274 NA 137 NA 243 178 178 NA 167 NA 170 NA 276 
900 NA 140 NA 266 NA 124 277 274 NA 146 NA 255 166 178 NA 110 NA 185 NA 276 
901 NA 140 NA 268 NA 124 277 274 NA 146 NA 239 166 178 NA 110 NA 169 NA 276 
902 NA 140 NA 268 NA 130 277 274 NA 146 NA 239 166 178 NA 110 NA 185 NA 276 
903 NA 136 NA 266 NA 124 277 274 NA 143 NA 255 166 182 NA 110 NA 185 NA 276 
904 142 136 NA 266 NA 124 NA 277 NA 146 NA 249 NA 176 NA 114 NA 171 NA 268 
905 134 134 NA 266 NA 124 274 274 NA 134 NA 241 NA 178 NA 167 NA 171 NA 280 
906 NA 138 NA 266 NA 126 277 274 140 143 NA 255 NA 182 112 167 NA 172 NA 280 
907 NA 142 NA 266 NA 124 NA 274 NA 146 NA 231 NA 178 NA 112 NA 173 NA 280 
908 NA 132 NA 266 NA 126 NA 277 NA 146 NA 231 NA 196 NA 112 NA 185 NA 280 
909 NA 134 NA 266 NA 128 NA 274 146 143 NA 241 NA 180 112 112 NA 172 170 172 
910 NA 142 NA 268 NA 128 NA 274 146 140 NA 259 NA 186 112 112 NA 171 170 280 
911 132 136 NA 266 NA 126 NA 274 NA 146 NA 235 168 154 NA 169 NA 168 NA 174 
912 NA 134 NA 266 NA 130 NA 277 NA 146 NA 243 NA 176 112 167 NA 170 172 174 
913 138 130 NA 266 132 126 NA 277 NA 146 NA 243 NA 176 NA 116 NA 174 NA 280 
914 138 132 NA 266 132 126 NA 277 NA 146 NA 243 NA 176 NA 167 NA 174 NA 280 
915 134 132 NA 266 NA 124 NA 274 NA 155 NA 245 NA 168 NA 108 168 171 NA 268 
916 134 144 NA 266 NA 124 NA 277 NA 119 NA 253 NA 168 NA 165 168 171 NA 268 
917 134 144 NA 266 NA 124 NA 277 NA 155 NA 253 NA 172 NA 108 168 171 NA 268 
918 134 144 NA 266 NA 124 NA 277 NA 119 NA 253 NA 168 NA 165 168 170 NA 268 
919 NA 134 NA 268 NA 130 NA 274 NA 146 NA 253 NA 168 NA 173 174 170 NA 168 
920 NA 134 NA 266 NA 130 NA 274 NA 146 NA 245 NA 176 NA 175 NA 170 NA 172 
921 NA 142 NA 266 122 126 NA 274 NA 146 NA 243 NA 174 NA 110 NA 173 270 184 
922 132 134 NA 266 NA 126 NA 274 140 140 247 241 NA 180 NA 167 NA 170 NA 168 
923 NA 134 NA 266 NA 122 NA 274 140 146 NA 241 NA 178 NA 112 NA 170 NA 268 
924 132 140 NA 268 NA 128 NA 274 NA 146 NA 259 NA 172 NA 112 NA 179 NA 272 
925 144 142 NA 266 NA 126 274 274 NA 143 NA 243 NA 172 112 175 NA 170 NA 170 
926 132 132 NA 266 132 126 NA 274 146 143 NA 235 NA 176 NA 112 NA 171 NA 276 
927 NA 132 266 266 NA 128 NA 274 NA 146 NA 273 NA 196 NA 167 NA 174 174 172 
928 NA 134 266 266 NA 122 NA 274 NA 155 NA 235 NA 196 NA 167 NA 175 174 268 
929 NA 134 NA 266 128 122 274 274 NA 134 NA 243 NA 196 NA 167 NA 175 270 172 
930 NA 138 NA 268 NA 128 NA 274 NA 146 NA 241 NA 174 NA 112 NA 169 NA 170 
931 NA 138 NA 268 NA 128 NA 274 NA 146 NA 241 NA 178 NA 112 NA 170 NA 170 
932 NA 132 266 266 NA 126 NA 274 NA 143 NA 243 170 176 NA 108 NA 170 NA 172 
933 NA 136 NA 266 NA 130 NA 274 NA 143 255 241 NA 180 NA 112 NA 170 280 192 
934 142 142 NA 266 NA 126 274 277 NA 137 NA 241 NA 176 NA 114 NA 167 NA 176 
935 142 132 NA 266 NA 126 274 277 NA 137 NA 229 NA 176 NA 114 NA 170 NA 176 
936 NA 138 NA 268 NA 124 NA 274 NA 134 NA 261 168 178 NA 171 NA 172 NA 280 
937 NA 132 NA 266 NA 128 274 274 NA 134 NA 243 NA 186 NA 179 NA 170 272 174 
938 NA 138 NA 266 NA 132 NA 274 NA 140 NA 245 NA 178 NA 112 190 168 NA 280 
939 132 132 266 268 NA 124 274 274 NA 146 NA 247 NA 176 NA 108 NA 171 NA 268 
940 NA 134 NA 266 NA 124 277 274 NA 143 NA 235 NA 186 NA 167 NA 172 NA 276 
941 NA 134 NA 266 NA 124 277 277 NA 143 NA 235 NA 186 NA 167 NA 172 NA 276 
942 NA 134 NA 266 124 126 NA 274 NA 146 NA 241 172 176 NA 112 169 167 NA 268 
943 NA 152 NA 266 NA 126 NA 274 NA 119 NA 241 NA 176 NA 112 NA 175 NA 268 
944 NA 134 NA 266 130 124 277 274 NA 146 247 289 NA 170 NA 112 NA 167 NA 276 
945 NA 140 NA 266 126 130 NA 274 NA 149 NA 243 NA 176 NA 169 NA 168 NA 172 
946 NA 132 266 268 126 130 NA 274 NA 140 NA 255 NA 172 NA 175 NA 170 172 170 
947 NA 140 266 266 126 130 NA 274 NA 125 NA 255 NA 176 NA 112 NA 170 172 170 
948 NA 132 266 266 NA 122 NA 277 NA 146 NA 241 NA 182 NA 112 NA 168 NA 278 
949 NA 132 NA 266 130 126 277 274 NA 146 NA 255 172 178 NA 167 NA 170 NA 172 
950 NA 132 NA 266 NA 124 274 274 137 146 247 243 NA 182 NA 171 NA 168 NA 172 
951 NA 140 NA 266 NA 130 274 274 137 146 247 235 NA 184 NA 171 NA 168 NA 172 
952 NA 140 268 266 NA 126 NA 274 NA 146 NA 243 NA 166 NA 112 170 169 NA 178 
953 NA 140 268 266 NA 116 NA 274 NA 143 NA 243 NA 166 NA 112 170 169 NA 178 
954 NA 138 NA 266 NA 128 NA 274 NA 143 NA 251 NA 178 NA 167 NA 170 276 276 
955 NA 132 NA 266 NA 130 NA 274 NA 143 NA 241 NA 178 NA 167 NA 170 276 268 
956 138 128 NA 268 128 130 NA 274 NA 143 NA 241 NA 178 NA 169 NA 165 NA 276 
957 NA 134 NA 268 NA 126 277 277 NA 140 NA 241 NA 182 NA 114 NA 172 NA 282 
958 NA 138 266 266 130 126 NA 274 NA 134 NA 251 190 168 165 112 NA 168 172 276 
959 NA 136 266 266 130 124 NA 274 NA 152 NA 241 190 178 165 114 NA 168 172 276 
960 NA 150 NA 266 NA 130 274 274 NA 143 NA 243 NA 174 NA 114 NA 171 NA 174 
961 NA 138 NA 266 NA 124 NA 274 NA 149 NA 247 NA 180 NA 114 170 179 NA 190 
962 NA 130 268 266 130 122 NA 274 NA 146 NA 251 NA 186 NA 112 NA 169 170 270 
963 NA 130 268 266 130 126 NA 274 NA 146 NA 251 NA 186 NA 112 NA 172 170 270 
964 NA 140 NA 266 NA 124 NA 274 NA 137 241 231 NA 172 NA 169 NA 169 NA 278 
965 142 134 266 266 NA 126 274 277 134 137 NA 269 NA 196 NA 173 NA 168 NA 276 
966 NA 134 NA 268 NA 122 NA 274 NA 119 NA 243 NA 178 NA 114 170 178 174 280 
967 NA 132 268 266 NA 126 NA 274 NA 143 NA 241 NA 166 NA 167 NA 175 NA 170 
968 NA 132 268 266 NA 126 NA 277 NA 137 NA 241 NA 166 NA 167 NA 175 NA 170 
969 NA 144 NA 266 130 124 NA 274 NA 146 NA 241 NA 180 114 112 169 166 NA 180 
970 NA 132 NA 266 124 130 NA 274 140 143 NA 241 NA 178 NA 112 NA 168 NA 280 
971 146 138 NA 266 NA 126 NA 274 NA 140 NA 251 NA 182 NA 112 171 168 NA 172 
972 NA 136 NA 266 130 126 NA 274 NA 140 NA 243 NA 180 112 165 NA 181 NA 280 
973 NA 138 NA 268 NA 128 NA 277 146 155 NA 241 NA 180 NA 112 NA 173 NA 276 
974 NA 130 NA 266 NA 124 NA 274 NA 134 NA 231 NA 176 169 177 NA 179 NA 176 
975 NA 130 NA 266 NA 124 NA 274 NA 134 NA 231 NA 176 169 177 NA 185 NA 178 
976 NA 134 266 266 NA 122 277 277 NA 137 NA 241 NA 172 NA 167 168 181 NA 278 
977 NA 134 266 266 NA 124 277 277 NA 143 NA 247 NA 172 NA 167 168 168 NA 278 
978 NA 134 NA 266 NA 132 274 274 155 146 NA 243 NA 180 NA 169 NA 167 276 268 
979 NA 140 NA 268 NA 124 NA 277 NA 143 NA 245 NA 178 NA 112 NA 173 NA 276 
980 NA 136 NA 266 NA 124 NA 277 NA 119 NA 243 NA 168 NA 108 NA 173 NA 276 
981 136 132 NA 266 NA 124 NA 274 NA 140 NA 271 184 178 NA 171 NA 171 NA 176 
982 NA 144 NA 266 NA 124 NA 274 143 143 NA 255 NA 162 NA 169 NA 171 NA 170 
983 NA 144 NA 266 NA 124 NA 274 143 143 NA 235 NA 174 NA 112 NA 173 NA 170 
984 NA 144 NA 268 124 124 277 274 NA 146 NA 235 NA 182 112 169 NA 173 NA 276 
985 NA 134 NA 266 NA 126 NA 277 NA 143 NA 269 NA 170 NA 114 NA 189 268 174 
986 NA 134 NA 266 NA 126 NA 274 NA 143 NA 269 NA 170 NA 167 NA 172 268 268 
987 132 138 NA 268 NA 132 NA 274 NA 149 NA 235 NA 176 NA 112 NA 168 NA 280 
988 NA 136 266 266 NA 126 NA 274 NA 161 NA 257 NA 184 NA 116 170 171 NA 170 
989 NA 136 266 266 NA 124 NA 274 NA 161 NA 243 NA 174 NA 171 170 171 NA 170 
990 NA 132 268 266 NA 124 NA 274 NA 143 NA 235 NA 178 NA 112 NA 171 276 270 
991 NA 132 NA 266 NA 128 NA 277 NA 146 259 243 NA 178 NA 169 170 168 NA 268 
992 128 136 NA 266 NA 128 NA 274 NA 140 NA 235 162 172 NA 112 NA 170 NA 170 
993 128 138 NA 266 NA 128 NA 274 NA 140 NA 235 162 168 NA 108 NA 169 NA 170 
994 NA 144 NA 266 NA 126 NA 274 NA 146 NA 255 NA 174 NA 169 NA 168 172 172 
995 NA 144 NA 266 NA 126 NA 274 NA 146 NA 255 NA 174 NA 169 NA 168 172 174 
996 NA 136 NA 266 NA 116 NA 274 140 140 NA 247 NA 170 NA 185 NA 172 174 176 
997 132 134 NA 268 NA 124 NA 277 NA 134 NA 247 NA 172 NA 112 NA 172 178 276 
998 NA 140 NA 268 NA 128 NA 274 152 146 NA 255 168 182 NA 167 NA 173 270 168 
999 134 144 NA 266 NA 124 NA 274 NA 146 NA 235 NA 172 NA 110 NA 168 NA 192 
1000 134 144 NA 266 NA 124 NA 274 NA 146 NA 241 NA 186 NA 173 NA 168 NA 172 

0 0 !Probabilities that the father and mother of an offspring included in candidates
0 0 !Numbers of candidate males and females



0 0 !Number of known paternities

0 0 !Number of known maternities

0 !Number of known paternal sibships with unknown fathers

0  !Number of known maternal sibships with unknown mothers

0  !Number of offspring with known excluded paternity

0  !Number of offspring with known excluded maternity

0  !Number of offspring with known excluded paternal sibships

0  !Number of offspring with known excluded maternal sibships

