mixtus_pp0.4 ! C, Dataset name, Length<51
mixtus_pp0.4 ! C, Main output file name, Length<21
1000 ! I, Number of offspring in the sample
10 ! I, Number of loci
123 ! I, Seed for random number generator
0 ! B, 0/1=Not updating/updating allele frequency
2 ! 2/1=Dioecious/Monoecious
0 ! 0/1=No inbreeding/inbreeding
1 ! B, 0/1=Diploid species/HaploDiploid species
1 0 ! B, 0/1=Polygamy/Monogamy for males & females
0 ! 0/1=No clone inference/clone inference
0 ! 0/1=No scaling/sibship size scaling
0 0 0 ! B, R, R : Use sibship prior, Y/N=1/0. If Yes, give mean paternal, maternal sibship size
0 ! B, 0/1=Unknown/Known population allele frequency

1 ! I, Number of runs
3 ! I, Length of Run (1, 2, 3) = (Short, Medium, Long)
1 ! B, 0/1=Monitor method by Iterate#/Time in second
60 ! I, Monitor interval in Iterate#/Seconds
0 ! B, 0/1=Other platform/Windows execution
1 ! 1/0=Full-likelihood/pairwise-likelihood score method
3 ! 1/2/3=low/medium/high precision


BT10 BTMS0057 BTMS0086 BTMS0066 BTMS0062 BTMS0136 BTMS0126 BL13 BTMS0083 B126 !Marker IDs
0 0 0 0 0 0 0 0 0 0 !Marker types, 0/1=Codominant/Dominant
0 0 0 0 0 0 0 0 0 0 !Marker-specific allelic dropout rate
0 0 0 0 0 0 0 0 0 0 !Other marker-specific typing-error rate


Ind1 NA 148 NA 266 124 124 274 274 NA 143 241 235 NA 180 112 112 NA 169 NA 268 !Offspring ID and genotypes
Ind2 NA 132 NA 266 130 130 NA 274 140 155 245 247 176 180 116 169 NA 168 NA 170 
Ind3 NA 134 NA 266 NA 128 274 274 NA 134 NA 241 NA 154 110 167 166 170 NA 176 
Ind4 NA 134 NA 266 NA 128 274 277 NA 134 NA 241 NA 154 110 112 166 170 NA 176 
Ind5 144 142 268 266 130 122 NA 274 143 143 255 247 176 192 169 169 172 168 268 170 
Ind6 NA 134 266 266 128 124 NA 277 140 146 NA 243 178 182 112 114 187 187 172 280 
Ind7 NA 134 NA 268 124 126 NA 277 143 146 NA 241 NA 190 112 114 NA 172 268 190 
Ind8 NA 138 NA 268 124 126 NA 277 143 155 NA 243 NA 190 112 114 NA 191 268 280 
Ind9 134 140 266 266 NA 124 274 274 146 146 251 251 176 176 171 169 NA 170 172 276 
Ind10 132 134 NA 266 124 126 274 274 146 140 NA 243 170 168 NA 169 170 170 NA 170 
Ind11 132 132 NA 268 124 120 274 277 119 140 259 235 NA 172 NA 112 NA 168 280 176 
Ind12 138 136 268 266 126 122 277 274 NA 143 NA 247 168 190 167 169 169 168 176 268 
Ind13 NA 128 266 266 NA 126 NA 274 146 140 247 241 178 180 NA 171 171 168 NA 268 
Ind14 134 134 NA 266 126 122 274 277 143 146 241 231 NA 170 NA 169 NA 185 270 170 
Ind15 134 140 266 268 NA 128 277 274 134 146 NA 247 168 174 NA 114 172 175 172 280 
Ind16 134 134 266 266 NA 128 277 274 134 143 NA 267 168 174 NA 169 172 175 172 280 
Ind17 NA 134 266 266 NA 126 274 274 143 146 239 241 NA 154 169 114 176 169 NA 178 
Ind18 NA 134 266 266 NA 126 274 274 143 146 239 241 NA 172 169 114 176 169 NA 276 
Ind19 NA 134 266 266 NA 126 274 274 143 146 239 241 NA 154 169 169 176 169 NA 276 
Ind20 146 144 NA 266 NA 126 NA 274 NA 137 NA 249 182 178 NA 110 187 187 180 268 
Ind21 NA 134 NA 266 128 128 NA 277 143 134 243 255 180 190 116 114 170 169 280 176 
Ind22 NA 134 NA 266 128 128 NA 277 143 143 243 255 180 190 116 114 170 175 280 176 
Ind23 NA 140 266 266 NA 124 NA 274 134 146 NA 241 182 180 NA 112 NA 169 172 280 
Ind24 NA 140 266 266 NA 124 NA 274 134 146 NA 241 182 172 NA 112 NA 172 172 172 
Ind25 136 146 NA 266 130 122 NA 277 146 146 NA 251 NA 168 116 114 170 171 268 192 
Ind26 NA 134 NA 268 128 124 NA 274 NA 140 241 241 NA 168 110 167 NA 170 176 174 
Ind27 132 128 266 268 116 124 274 274 146 140 241 247 NA 186 114 169 NA 177 NA 278 
Ind28 132 128 266 266 116 122 274 274 146 140 241 241 NA 186 114 169 NA 172 NA 278 
Ind29 132 132 266 268 116 122 274 274 146 140 241 247 NA 186 114 110 NA 177 NA 172 
Ind30 134 136 266 266 130 130 NA 274 146 146 NA 243 NA 176 110 169 169 169 268 278 
Ind31 132 146 NA 266 122 124 277 274 134 146 249 241 NA 168 NA 167 NA 179 280 168 
Ind32 NA 134 NA 266 128 126 NA 277 NA 143 243 241 NA 180 NA 167 NA 170 270 268 
Ind33 148 144 NA 268 NA 130 274 277 NA 146 243 241 NA 166 169 169 168 170 176 190 
Ind34 148 128 NA 268 NA 130 274 277 NA 146 243 241 NA 166 169 169 168 170 176 268 
Ind35 148 128 NA 266 NA 130 274 277 NA 146 243 243 NA 166 169 169 168 177 176 190 
Ind36 148 128 NA 266 NA 130 274 277 NA 146 243 243 NA 166 169 169 168 170 176 190 
Ind37 132 140 NA 266 130 128 NA 277 140 146 NA 243 NA 168 NA 169 NA 171 170 172 
Ind38 132 140 NA 266 130 128 NA 274 140 146 NA 243 NA 168 NA 169 NA 171 170 268 
Ind39 NA 138 268 266 130 126 NA 274 146 140 NA 249 184 174 163 114 168 179 NA 174 
Ind40 132 138 266 266 124 124 NA 274 146 158 247 255 170 174 116 169 175 168 174 280 
Ind41 NA 142 266 266 124 128 NA 274 155 140 243 241 182 182 112 167 170 170 278 176 
Ind42 NA 132 266 266 124 126 274 274 140 149 241 243 NA 172 167 114 NA 171 NA 170 
Ind43 NA 132 266 266 124 122 274 274 140 146 241 243 NA 172 167 110 NA 171 NA 270 
Ind44 136 132 266 266 126 122 NA 277 146 146 231 235 172 168 167 169 NA 167 NA 276 
Ind45 134 134 266 266 124 126 274 274 146 146 NA 241 170 182 NA 112 NA 171 278 172 
Ind46 134 134 266 266 124 126 274 277 146 140 NA 241 170 178 NA 112 NA 171 278 172 
Ind47 134 140 266 266 124 130 274 274 146 140 NA 269 170 182 NA 112 NA 171 278 170 
Ind48 NA 132 NA 266 128 126 NA 274 134 137 NA 251 180 162 NA 167 170 168 170 278 
Ind49 144 132 266 266 NA 126 NA 277 137 143 241 245 166 172 112 114 172 170 NA 176 
Ind50 134 160 NA 268 124 128 274 274 NA 146 NA 243 180 176 169 167 NA 170 268 268 
Ind51 NA 138 266 266 NA 130 NA 274 143 146 NA 241 178 182 NA 114 168 173 276 172 
Ind52 136 138 NA 266 122 126 277 274 146 146 241 247 186 192 NA 169 168 169 268 172 
Ind53 144 134 266 266 NA 130 274 274 NA 146 NA 255 NA 188 108 167 172 173 280 276 
Ind54 NA 132 266 268 NA 128 NA 274 143 146 235 249 NA 180 110 112 175 173 176 170 
Ind55 NA 138 NA 266 NA 130 NA 277 140 134 257 253 172 168 112 167 NA 168 268 276 
Ind56 NA 132 266 268 NA 124 274 274 NA 143 NA 255 NA 176 NA 112 172 171 NA 272 
Ind57 134 134 NA 266 132 122 NA 274 NA 146 NA 235 188 164 NA 116 NA 170 NA 270 
Ind58 146 168 NA 266 130 128 274 277 NA 146 251 235 186 166 NA 116 NA 168 176 170 
Ind59 132 134 266 266 124 122 NA 274 134 140 255 241 NA 168 114 112 NA 173 170 172 
Ind60 140 138 266 266 NA 126 274 274 NA 143 NA 263 168 170 114 114 NA 176 174 268 
Ind61 140 138 266 266 NA 126 274 277 NA 143 NA 241 168 170 114 112 NA 176 174 268 
Ind62 NA 138 NA 266 130 124 NA 274 164 146 243 255 172 174 110 112 NA 170 170 172 
Ind63 140 132 266 266 130 128 274 274 146 146 261 243 180 176 NA 171 168 167 276 268 
Ind64 140 142 266 266 130 124 274 274 NA 146 241 243 182 170 NA 108 NA 172 174 174 
Ind65 132 132 NA 266 128 124 274 274 140 146 NA 249 NA 166 NA 112 170 170 268 274 
Ind66 132 138 NA 266 128 124 274 274 140 140 NA 249 NA 166 NA 112 170 177 268 172 
Ind67 NA 134 NA 266 NA 126 274 274 NA 143 241 243 174 184 169 114 NA 168 172 280 
Ind68 NA 138 266 266 128 132 274 277 146 143 235 271 176 174 NA 167 NA 172 268 268 
Ind69 140 142 266 268 128 128 277 274 137 146 241 239 NA 170 114 171 NA 170 NA 192 
Ind70 NA 130 266 268 124 124 274 274 NA 140 NA 255 180 178 NA 169 175 173 176 174 
Ind71 140 140 NA 266 126 132 274 277 119 143 NA 255 180 170 167 114 170 168 276 178 
Ind72 160 136 NA 266 124 124 274 274 149 176 NA 243 NA 176 173 112 NA 174 NA 276 
Ind73 160 136 NA 266 124 128 274 274 149 176 NA 243 NA 176 173 112 NA 174 NA 288 
Ind74 134 130 NA 266 NA 122 274 274 NA 146 235 243 174 176 NA 167 NA 170 182 280 
Ind75 134 152 NA 268 NA 128 277 277 140 146 241 243 186 178 169 112 NA 174 192 280 
Ind76 134 132 266 266 126 130 274 274 119 146 243 235 182 186 NA 167 NA 172 276 176 
Ind77 NA 134 NA 266 126 130 NA 274 146 146 NA 255 NA 178 112 167 NA 170 NA 284 
Ind78 144 142 266 266 NA 130 274 274 146 143 NA 279 174 174 167 114 168 172 276 280 
Ind79 134 140 266 266 130 130 NA 274 146 146 NA 241 188 186 NA 112 NA 172 268 280 
Ind80 NA 134 NA 266 128 124 277 274 134 140 231 241 180 178 114 114 171 168 272 276 
Ind81 NA 132 266 266 124 124 NA 274 NA 143 241 247 172 172 110 110 168 167 276 276 
Ind82 NA 134 NA 266 124 124 274 274 140 146 NA 239 NA 172 NA 167 NA 181 NA 280 
Ind83 NA 132 266 266 NA 126 NA 277 NA 146 259 247 180 174 NA 112 NA 169 172 174 
Ind84 140 134 266 266 128 124 277 274 NA 146 NA 235 NA 188 169 165 171 167 178 268 
Ind85 140 134 266 266 130 124 NA 277 143 143 243 269 176 180 NA 169 171 169 NA 170 
Ind86 140 134 266 266 130 124 NA 277 143 143 243 241 176 180 NA 169 171 172 NA 170 
Ind87 140 134 266 266 130 124 NA 274 143 146 243 269 176 168 NA 169 171 172 NA 184 
Ind88 NA 134 266 266 124 126 NA 277 140 140 NA 255 170 164 NA 175 176 170 NA 268 
Ind89 NA 134 266 266 124 122 NA 274 140 146 NA 255 170 164 NA 175 176 168 NA 176 
Ind90 NA 138 NA 268 NA 128 274 274 155 143 241 249 NA 174 169 169 169 168 NA 274 
Ind91 NA 138 266 268 NA 128 274 277 119 146 235 251 NA 180 112 167 169 171 NA 276 
Ind92 144 132 266 266 126 124 NA 277 140 170 249 255 NA 180 112 112 171 173 NA 280 
Ind93 NA 134 266 266 122 130 NA 277 NA 152 241 235 176 180 169 165 170 169 268 276 
Ind94 NA 134 266 266 122 130 NA 274 NA 152 241 241 176 186 169 165 170 168 268 276 
Ind95 NA 134 NA 266 NA 122 274 277 NA 140 NA 243 176 170 165 165 168 168 NA 194 
Ind96 142 132 266 266 NA 132 NA 274 NA 134 NA 251 NA 176 NA 112 NA 172 278 190 
Ind97 142 132 266 266 NA 132 NA 277 NA 134 NA 251 NA 176 NA 112 NA 172 278 172 
Ind98 134 132 NA 268 126 132 274 274 NA 143 NA 243 186 176 NA 167 173 170 278 176 
Ind99 140 134 NA 266 124 126 274 274 NA 128 NA 243 172 168 167 114 NA 179 174 268 
Ind100 NA 134 NA 266 130 124 274 274 NA 146 NA 239 NA 170 NA 169 NA 171 174 180 
Ind101 NA 136 NA 266 130 124 274 274 NA 146 NA 243 NA 170 NA 169 NA 171 174 268 
Ind102 NA 134 NA 266 130 124 274 274 NA 146 NA 239 NA 170 NA 169 NA 171 174 180 
Ind103 NA 144 266 266 124 122 NA 277 146 149 NA 243 174 184 169 169 NA 172 268 176 
Ind104 NA 140 NA 266 NA 128 NA 274 NA 158 NA 247 180 170 169 112 170 172 268 276 
Ind105 NA 132 NA 266 NA 126 NA 274 NA 158 NA 247 180 180 169 167 170 172 268 276 
Ind106 128 134 266 266 NA 130 NA 274 146 146 NA 245 170 184 NA 112 NA 168 NA 276 
Ind107 NA 140 NA 266 128 124 NA 274 NA 137 235 241 NA 170 NA 114 171 170 268 268 
Ind108 NA 134 NA 266 130 128 274 277 146 155 NA 255 180 186 169 169 NA 170 270 176 
Ind109 130 140 NA 268 124 128 274 274 119 143 243 259 NA 170 NA 112 NA 187 NA 276 
Ind110 134 140 266 266 NA 128 NA 274 137 140 241 243 NA 172 167 112 NA 175 NA 272 
Ind111 132 144 NA 266 124 128 NA 274 NA 140 NA 235 176 180 171 114 177 170 172 276 
Ind112 132 144 NA 266 124 128 NA 274 NA 140 NA 235 176 178 171 169 177 170 172 174 
Ind113 132 140 NA 266 124 128 NA 274 NA 140 NA 235 176 178 171 114 177 170 172 174 
Ind114 134 138 266 266 126 126 274 274 119 143 243 241 NA 182 112 116 172 172 270 178 
Ind115 132 140 266 266 130 128 NA 274 143 146 251 241 174 174 112 167 171 179 NA 172 
Ind116 NA 134 266 266 NA 128 274 274 NA 134 241 243 NA 178 112 167 174 166 278 192 
Ind117 132 128 266 266 130 128 274 277 134 140 NA 255 168 184 114 114 NA 167 176 172 
Ind118 134 132 266 268 130 126 NA 277 NA 143 243 247 176 172 NA 112 169 176 282 276 
Ind119 132 140 266 266 128 126 NA 274 146 146 NA 243 NA 172 114 112 167 167 NA 172 
Ind120 NA 132 266 266 NA 124 277 274 NA 143 235 243 174 172 NA 112 NA 170 170 172 
Ind121 132 134 NA 268 128 122 NA 274 NA 140 NA 241 176 184 116 169 NA 174 NA 172 
Ind122 134 136 NA 266 128 124 274 274 146 146 NA 269 NA 180 167 167 173 174 NA 268 
Ind123 128 132 268 266 126 128 274 274 NA 146 NA 239 NA 182 112 167 NA 168 NA 276 
Ind124 NA 134 266 268 NA 132 NA 277 NA 146 255 241 NA 174 NA 112 173 171 174 280 
Ind125 134 134 NA 266 124 126 NA 274 NA 146 255 247 NA 176 NA 167 NA 169 NA 176 
Ind126 132 140 266 266 130 126 NA 274 NA 146 267 241 180 172 110 112 168 170 NA 180 
Ind127 NA 134 266 266 128 126 274 274 149 146 241 243 174 176 NA 112 168 171 NA 270 
Ind128 NA 160 266 266 128 132 274 274 149 146 241 243 174 176 NA 112 168 171 NA 276 
Ind129 NA 134 266 266 128 126 274 274 149 152 241 241 174 184 NA 165 168 171 NA 276 
Ind130 136 132 268 266 NA 126 274 277 143 146 255 255 NA 178 NA 167 NA 177 268 176 
Ind131 136 132 268 266 NA 128 274 277 143 155 255 235 NA 188 NA 167 NA 177 268 270 
Ind132 140 146 266 266 126 124 277 277 146 143 243 235 184 166 112 169 170 175 274 268 
Ind133 NA 144 266 266 NA 124 NA 274 149 146 241 243 178 188 165 167 173 172 NA 276 
Ind134 134 138 266 268 128 126 277 274 146 140 NA 247 172 172 173 112 170 169 170 174 
Ind135 136 142 266 266 124 124 277 277 140 143 NA 247 NA 184 112 112 170 169 174 170 
Ind136 140 144 268 266 124 126 NA 274 119 149 NA 243 170 172 NA 112 NA 169 NA 176 
Ind137 140 140 268 268 124 126 NA 274 119 149 NA 243 170 166 NA 112 NA 169 NA 268 
Ind138 NA 136 266 266 NA 126 NA 277 140 143 249 245 182 176 116 112 169 170 NA 188 
Ind139 NA 134 NA 266 126 126 NA 277 170 143 259 243 NA 176 112 169 NA 173 174 276 
Ind140 NA 134 NA 268 126 124 NA 277 170 140 259 243 NA 168 112 169 NA 169 174 170 
Ind141 138 148 266 266 126 126 274 274 NA 143 257 257 176 174 NA 112 NA 169 NA 276 
Ind142 144 134 268 266 NA 126 277 274 143 155 243 243 174 172 NA 114 171 169 268 170 
Ind143 132 132 NA 266 126 122 NA 274 NA 134 255 267 180 184 173 114 172 171 NA 280 
Ind144 134 128 268 266 128 128 274 274 NA 113 251 243 172 184 114 112 177 169 NA 172 
Ind145 134 128 268 266 128 128 274 277 NA 113 251 243 172 178 114 112 177 169 NA 280 
Ind146 132 138 NA 266 126 130 274 277 NA 146 NA 235 NA 154 112 167 NA 185 176 274 
Ind147 132 138 NA 266 126 130 274 277 NA 146 NA 247 NA 154 112 167 NA 185 176 176 
Ind148 140 136 268 266 124 126 NA 274 NA 140 NA 241 180 174 114 165 168 175 272 270 
Ind149 140 132 268 266 124 122 NA 274 NA 140 NA 259 180 178 114 112 168 170 272 172 
Ind150 132 132 266 268 126 124 274 274 NA 146 241 241 184 180 112 167 171 170 NA 276 
Ind151 NA 138 NA 266 124 128 NA 277 119 146 241 247 NA 180 NA 169 NA 173 270 268 
Ind152 136 138 266 268 124 128 277 274 NA 146 241 241 186 174 NA 169 NA 168 NA 176 
Ind153 134 134 NA 266 NA 126 277 274 149 140 249 259 176 162 116 167 172 179 170 268 
Ind154 134 134 NA 266 NA 126 277 277 149 143 249 259 176 162 116 167 172 179 170 170 
Ind155 NA 132 266 266 NA 126 NA 274 NA 146 245 241 188 180 112 112 NA 168 276 270 
Ind156 NA 132 266 266 NA 126 NA 274 NA 146 245 241 188 180 112 112 NA 169 276 270 
Ind157 132 142 NA 266 124 126 NA 274 167 146 241 233 NA 178 114 167 166 181 280 172 
Ind158 132 134 NA 266 124 126 NA 274 167 140 241 233 NA 178 114 169 166 169 280 276 
Ind159 NA 134 NA 266 NA 132 274 274 NA 146 NA 257 176 182 171 110 171 173 NA 270 
Ind160 NA 136 268 266 NA 126 NA 274 140 140 NA 243 NA 186 NA 167 170 168 NA 268 
Ind161 NA 136 266 266 126 130 277 274 155 155 243 245 NA 176 167 112 170 170 276 176 
Ind162 NA 144 266 266 126 132 277 277 155 155 243 245 NA 170 167 112 170 170 276 268 
Ind163 134 132 266 268 126 122 277 277 149 143 NA 245 176 178 NA 112 177 168 NA 190 
Ind164 134 134 266 268 126 122 277 277 149 170 NA 241 176 178 NA 108 177 170 NA 172 
Ind165 140 138 266 266 NA 126 NA 277 NA 140 NA 231 NA 180 114 169 168 168 268 172 
Ind166 NA 132 266 266 NA 122 NA 277 140 146 243 241 172 172 112 169 172 170 NA 268 
Ind167 134 140 266 266 124 126 NA 274 NA 146 261 243 184 168 171 110 168 167 NA 174 
Ind168 NA 140 NA 266 NA 124 274 274 125 146 241 249 NA 176 112 169 NA 172 NA 172 
Ind169 144 144 NA 266 NA 124 NA 274 NA 140 241 243 NA 176 NA 112 177 167 276 276 
Ind170 132 142 NA 266 NA 128 NA 277 146 164 257 241 182 170 110 112 NA 169 NA 270 
Ind171 128 142 NA 266 132 124 274 274 146 146 235 247 170 180 167 114 170 168 278 178 
Ind172 128 132 NA 266 132 128 274 274 146 146 235 247 170 176 167 114 170 170 278 172 
Ind173 138 140 266 266 124 126 NA 274 143 143 NA 235 160 176 167 114 168 176 172 268 
Ind174 138 134 266 266 124 132 NA 274 143 143 NA 267 160 186 167 114 168 176 172 268 
Ind175 138 144 NA 268 126 124 274 274 119 146 NA 247 NA 172 167 114 NA 179 174 170 
Ind176 NA 144 266 266 NA 126 NA 274 NA 134 NA 239 NA 176 112 112 NA 175 172 280 
Ind177 NA 140 266 266 NA 130 274 274 NA 146 NA 235 176 190 108 167 NA 175 170 168 
Ind178 NA 140 266 268 NA 130 274 274 NA 146 NA 235 176 190 108 167 NA 170 170 276 
Ind179 NA 132 NA 266 126 124 274 274 NA 146 243 235 NA 178 NA 112 166 169 278 268 
Ind180 136 144 266 266 124 130 274 274 119 146 241 241 172 172 110 114 NA 169 NA 172 
Ind181 140 140 NA 266 NA 128 277 274 NA 155 NA 241 NA 194 NA 112 168 179 278 174 
Ind182 140 136 NA 266 NA 128 277 274 NA 155 NA 241 NA 176 NA 112 168 179 278 174 
Ind183 NA 144 266 266 124 128 274 274 146 119 NA 263 NA 188 NA 167 NA 170 NA 276 
Ind184 NA 144 266 266 124 126 274 274 146 155 NA 263 NA 188 NA 167 NA 170 NA 268 
Ind185 NA 128 266 266 126 124 NA 277 146 152 245 247 NA 168 NA 167 169 170 178 268 
Ind186 144 144 266 266 126 122 NA 277 NA 140 241 255 186 186 167 112 169 179 NA 172 
Ind187 142 140 268 266 NA 128 274 274 140 146 245 247 NA 190 NA 110 NA 171 280 174 
Ind188 NA 142 NA 266 124 122 NA 277 146 134 NA 247 172 172 167 173 NA 168 NA 276 
Ind189 144 132 NA 266 NA 130 NA 274 NA 146 NA 235 NA 176 169 114 NA 170 276 274 
Ind190 144 136 NA 266 NA 122 NA 274 NA 146 NA 249 NA 180 169 114 NA 167 276 172 
Ind191 144 132 NA 266 NA 122 NA 274 NA 134 NA 249 NA 180 169 114 NA 167 276 172 
Ind192 132 138 266 266 NA 130 NA 277 146 155 NA 249 184 180 169 169 177 172 NA 278 
Ind193 134 144 266 266 130 126 274 274 NA 146 249 241 NA 168 169 169 NA 168 176 280 
Ind194 NA 136 NA 268 126 130 NA 274 155 143 243 247 184 178 112 173 168 185 276 270 
Ind195 NA 134 NA 266 126 128 NA 274 119 146 245 247 184 176 112 171 185 170 176 268 
Ind196 132 140 266 266 NA 126 NA 274 161 140 NA 255 172 184 114 177 169 170 NA 276 
Ind197 132 140 266 266 NA 126 NA 274 161 140 NA 255 172 184 114 177 169 170 NA 276 
Ind198 142 132 268 266 NA 122 274 274 146 146 NA 243 NA 174 110 112 NA 177 274 280 
Ind199 NA 140 268 266 NA 122 NA 274 NA 176 245 235 174 176 167 112 NA 173 NA 282 
Ind200 160 140 NA 266 130 128 277 274 NA 158 251 235 180 178 NA 167 169 170 170 178 
Ind201 NA 142 266 266 128 126 NA 277 NA 140 241 243 168 176 112 112 NA 170 170 170 
Ind202 NA 138 NA 266 126 128 NA 274 146 140 NA 249 182 170 171 118 171 172 174 268 
Ind203 NA 140 266 266 132 124 274 274 NA 134 255 247 NA 182 112 165 NA 170 NA 276 
Ind204 138 134 268 266 124 126 NA 274 143 149 NA 235 170 174 NA 169 169 166 276 172 
Ind205 140 136 266 266 NA 124 274 277 146 146 NA 243 174 168 114 110 170 169 276 172 
Ind206 144 134 268 268 NA 126 274 274 NA 146 NA 235 178 176 NA 112 178 169 NA 276 
Ind207 NA 144 266 268 128 126 274 274 NA 149 241 273 180 176 112 181 NA 170 174 278 
Ind208 NA 138 268 266 NA 128 274 274 146 134 239 247 168 174 114 114 170 175 NA 280 
Ind209 134 172 NA 266 126 124 NA 277 140 143 NA 247 170 180 NA 114 187 170 274 166 
Ind210 134 134 NA 266 126 122 NA 274 NA 143 241 251 178 188 NA 112 168 170 NA 170 
Ind211 NA 140 266 266 122 128 NA 274 143 149 263 251 184 172 114 167 NA 187 NA 172 
Ind212 NA 138 266 266 NA 124 274 277 134 134 NA 243 NA 194 NA 167 168 169 170 172 
Ind213 NA 138 266 266 124 124 274 274 143 125 NA 241 172 184 112 112 NA 168 268 174 
Ind214 NA 134 266 266 122 132 NA 274 152 146 257 247 NA 170 NA 110 NA 171 NA 280 
Ind215 140 134 266 266 NA 124 277 274 NA 140 235 247 184 172 175 112 NA 179 276 268 
Ind216 132 144 NA 266 NA 126 NA 274 NA 140 NA 231 176 178 167 112 NA 170 268 190 
Ind217 NA 138 268 266 NA 122 NA 274 146 134 267 241 NA 182 NA 167 NA 170 NA 176 
Ind218 NA 128 NA 266 NA 122 274 274 137 149 NA 243 182 184 108 167 185 170 NA 278 
Ind219 NA 128 268 266 NA 122 277 274 NA 146 243 241 186 176 110 167 168 169 276 268 
Ind220 144 134 266 266 128 126 274 274 NA 146 259 235 NA 186 NA 167 170 170 NA 170 
Ind221 144 134 266 266 128 122 274 274 NA 140 259 247 NA 186 NA 167 170 170 NA 172 
Ind222 NA 152 266 266 128 126 277 277 NA 146 247 247 176 172 112 167 NA 173 NA 172 
Ind223 134 132 NA 266 122 126 NA 277 158 119 NA 241 NA 168 NA 114 171 189 NA 170 
Ind224 134 132 NA 266 122 126 NA 274 158 119 NA 241 NA 168 NA 114 171 175 NA 272 
Ind225 160 130 266 266 NA 128 274 274 137 134 239 243 168 154 171 167 176 181 NA 170 
Ind226 NA 134 266 266 126 126 274 274 146 140 243 243 180 188 112 167 170 170 NA 270 
Ind227 NA 144 268 266 128 124 274 274 143 143 251 251 NA 178 NA 112 169 170 NA 268 
Ind228 NA 144 268 266 128 130 274 274 143 143 251 239 NA 178 NA 112 169 169 NA 178 
Ind229 NA 138 NA 268 128 130 NA 274 NA 158 247 241 NA 174 118 112 170 168 NA 174 
Ind230 136 134 268 268 NA 130 NA 277 NA 146 239 247 172 170 112 163 169 170 268 280 
Ind231 144 132 268 266 130 122 NA 277 NA 149 249 255 180 182 NA 114 NA 167 176 268 
Ind232 NA 132 268 266 NA 122 274 274 146 140 NA 235 NA 182 NA 114 NA 169 NA 170 
Ind233 NA 132 268 266 NA 122 274 274 146 140 NA 235 NA 174 NA 114 NA 170 NA 284 
Ind234 136 134 266 266 130 128 NA 277 NA 149 NA 241 NA 184 NA 167 NA 170 276 170 
Ind235 NA 136 266 266 128 124 NA 274 NA 140 241 235 168 188 169 167 NA 166 NA 176 
Ind236 NA 140 266 266 126 130 274 274 NA 146 239 247 NA 168 NA 110 171 177 190 176 
Ind237 NA 134 266 266 128 116 NA 277 146 140 NA 235 NA 180 171 169 168 174 178 268 
Ind238 NA 138 268 266 NA 122 277 277 143 164 NA 263 174 176 112 167 NA 187 272 276 
Ind239 144 134 268 266 NA 126 NA 274 140 146 NA 245 174 170 NA 114 NA 170 270 268 
Ind240 NA 138 NA 266 NA 122 NA 277 146 146 NA 255 176 178 NA 169 170 170 NA 272 
Ind241 134 132 NA 266 NA 130 NA 277 140 155 257 243 NA 172 NA 108 NA 171 202 278 
Ind242 134 134 266 266 NA 124 NA 274 140 134 255 241 NA 178 NA 167 NA 179 176 178 
Ind243 144 144 NA 266 NA 122 NA 274 143 140 239 251 NA 170 112 171 169 170 280 268 
Ind244 NA 138 266 266 NA 128 NA 277 149 146 255 249 186 178 165 167 166 170 NA 272 
Ind245 130 144 266 266 126 124 NA 274 NA 164 NA 243 NA 176 171 167 NA 172 278 276 
Ind246 NA 132 NA 266 124 128 274 277 119 167 247 241 182 178 NA 112 NA 171 NA 280 
Ind247 130 134 266 266 128 126 274 274 146 146 235 235 186 184 114 171 NA 172 172 276 
Ind248 130 134 266 266 128 122 274 277 146 146 235 235 186 180 114 171 NA 171 172 276 
Ind249 138 144 NA 266 122 128 274 277 NA 134 NA 243 176 188 167 112 NA 170 170 176 
Ind250 NA 138 268 266 126 128 277 277 140 146 NA 247 NA 192 165 171 174 169 190 276 
Ind251 136 160 266 266 NA 124 274 274 NA 152 269 241 NA 182 NA 167 NA 168 278 174 
Ind252 NA 128 266 266 NA 124 NA 274 NA 140 NA 243 172 154 NA 167 NA 172 172 176 
Ind253 NA 142 NA 268 NA 130 NA 277 146 140 257 243 NA 176 171 167 NA 172 NA 268 
Ind254 NA 138 NA 266 NA 122 NA 274 146 146 257 249 NA 188 171 167 NA 177 NA 268 
Ind255 NA 132 NA 266 NA 130 NA 274 NA 134 243 235 172 176 114 112 170 169 NA 170 
Ind256 138 134 266 266 128 122 274 277 NA 146 243 247 186 176 108 165 NA 177 172 268 
Ind257 NA 128 266 266 NA 124 NA 274 134 134 235 235 NA 172 NA 110 170 171 168 194 
Ind258 132 136 266 266 126 122 274 274 146 170 241 251 NA 172 112 114 NA 170 NA 276 
Ind259 NA 132 NA 268 122 126 NA 277 NA 146 243 239 NA 178 NA 167 NA 169 NA 268 
Ind260 NA 140 NA 268 122 126 NA 274 NA 146 243 239 NA 168 NA 167 NA 170 NA 172 
Ind261 136 140 NA 268 NA 122 274 274 134 143 243 263 NA 180 NA 114 170 170 276 172 
Ind262 138 138 268 266 NA 126 274 277 NA 137 257 257 NA 172 NA 110 NA 170 172 276 
Ind263 138 132 266 266 124 126 274 274 143 119 NA 243 NA 174 167 110 171 187 170 174 
Ind264 144 132 NA 266 128 122 NA 274 NA 143 255 247 176 182 NA 114 NA 172 276 280 
Ind265 NA 132 266 266 128 124 274 274 134 146 245 235 180 184 114 112 NA 168 NA 276 
Ind266 134 134 266 266 NA 130 274 277 143 146 289 235 186 170 173 175 175 168 280 172 
Ind267 138 138 266 266 122 128 277 274 NA 140 NA 255 186 180 NA 169 172 175 274 176 
Ind268 134 144 NA 266 NA 126 277 274 NA 140 NA 255 166 186 167 114 NA 173 NA 178 
Ind269 134 132 NA 266 NA 130 274 274 143 140 NA 243 NA 186 NA 173 NA 168 NA 280 
Ind270 138 134 266 268 130 124 274 274 146 146 NA 255 NA 180 NA 112 170 166 270 268 
Ind271 NA 144 NA 266 NA 132 274 274 146 140 NA 255 NA 184 NA 167 NA 170 172 178 
Ind272 NA 144 NA 266 NA 132 274 274 146 119 NA 255 NA 184 NA 167 NA 169 172 176 
Ind273 NA 132 NA 266 NA 132 274 274 146 140 NA 239 NA 184 NA 167 NA 170 172 176 
Ind274 140 132 266 266 122 126 NA 274 NA 146 NA 235 NA 178 167 169 172 167 NA 268 
Ind275 NA 136 NA 266 126 126 NA 277 NA 140 251 251 NA 178 112 112 NA 175 NA 172 
Ind276 140 134 266 266 126 126 274 274 146 146 241 243 178 168 169 169 NA 170 NA 172 
Ind277 128 140 266 266 NA 128 274 274 134 158 249 257 192 182 112 112 175 177 172 276 
Ind278 NA 132 266 266 126 126 NA 277 NA 140 251 255 186 172 114 112 173 179 NA 188 
Ind279 NA 140 NA 266 126 124 274 274 NA 140 243 259 176 178 169 173 173 173 NA 176 
Ind280 NA 140 266 266 NA 124 274 274 134 146 NA 241 172 178 167 167 170 170 174 170 
Ind281 140 144 266 266 128 124 274 274 143 140 255 231 NA 190 NA 167 NA 174 NA 178 
Ind282 140 128 266 266 128 128 274 274 143 143 255 255 NA 168 NA 167 NA 174 NA 178 
Ind283 128 132 266 266 NA 132 277 274 NA 113 247 255 174 174 112 167 NA 175 268 188 
Ind284 NA 138 266 268 124 122 NA 274 NA 146 NA 243 170 176 169 112 193 170 NA 268 
Ind285 134 134 266 266 130 130 274 274 NA 146 NA 257 168 174 169 112 168 169 280 172 
Ind286 144 132 266 266 NA 124 NA 274 NA 140 NA 251 NA 178 112 112 171 177 172 268 
Ind287 NA 134 NA 266 NA 124 NA 277 155 134 NA 241 186 176 167 167 NA 169 NA 172 
Ind288 NA 134 NA 266 NA 124 NA 277 155 140 NA 269 186 176 167 167 NA 169 NA 172 
Ind289 NA 134 266 266 128 128 274 277 NA 158 241 249 170 184 NA 169 173 175 268 176 
Ind290 138 144 266 266 128 124 277 274 NA 146 241 253 NA 180 112 165 171 169 NA 280 
Ind291 138 134 266 266 128 130 277 274 NA 146 241 253 NA 180 112 165 171 169 NA 274 
Ind292 144 132 268 266 NA 116 274 277 143 140 249 243 NA 176 175 112 168 174 NA 172 
Ind293 142 136 266 266 124 122 274 274 NA 161 241 269 174 174 NA 114 NA 170 172 268 
Ind294 140 132 266 266 NA 126 NA 274 134 149 NA 261 178 174 167 167 175 175 NA 170 
Ind295 NA 132 266 266 NA 130 274 277 NA 140 NA 241 NA 166 173 169 NA 169 170 172 
Ind296 NA 144 NA 266 124 128 NA 274 137 146 NA 267 182 174 NA 112 168 169 268 170 
Ind297 138 134 NA 268 126 124 NA 277 NA 140 NA 247 NA 170 NA 108 NA 174 NA 168 
Ind298 136 132 266 266 NA 126 NA 277 113 134 NA 251 NA 178 NA 114 168 177 172 176 
Ind299 140 132 NA 266 122 130 NA 277 143 149 235 241 NA 182 NA 112 185 170 NA 268 
Ind300 140 138 NA 266 122 130 NA 277 143 143 235 241 NA 190 NA 112 185 170 NA 268 
Ind301 NA 138 268 266 126 130 277 274 146 146 241 243 176 172 169 114 168 170 NA 186 
Ind302 132 144 NA 266 122 124 277 277 140 143 255 251 NA 174 167 169 NA 170 270 276 
Ind303 138 134 266 266 130 126 NA 277 149 158 247 263 168 178 NA 112 173 168 NA 172 
Ind304 134 132 266 266 126 124 NA 274 NA 155 251 261 168 174 167 114 NA 177 278 280 
Ind305 144 134 266 266 NA 126 NA 277 146 143 241 249 NA 170 167 167 NA 179 268 168 
Ind306 144 132 266 266 NA 126 NA 277 146 143 241 249 NA 170 167 112 NA 179 268 172 
Ind307 144 134 266 266 NA 122 NA 277 146 146 241 243 NA 170 167 112 NA 179 268 168 
Ind308 NA 134 NA 266 132 126 NA 274 NA 134 241 235 162 178 110 165 NA 168 270 268 
Ind309 NA 134 266 266 NA 128 NA 274 134 146 243 243 172 178 169 185 169 168 NA 276 
Ind310 NA 132 NA 266 130 124 NA 274 119 140 NA 239 168 178 NA 116 NA 166 268 268 
Ind311 NA 132 NA 266 130 132 NA 274 119 146 NA 241 168 180 NA 116 NA 166 268 268 
Ind312 NA 144 266 266 126 124 274 274 NA 152 241 247 NA 182 112 114 NA 169 172 276 
Ind313 NA 144 266 266 126 130 274 277 NA 152 241 247 NA 182 112 169 NA 177 172 278 
Ind314 132 138 266 266 NA 130 274 274 146 134 255 243 NA 180 169 169 NA 170 170 268 
Ind315 132 138 266 266 NA 126 274 277 146 146 255 243 NA 180 169 112 NA 168 170 268 
Ind316 NA 134 266 266 126 130 277 277 143 140 241 253 NA 180 114 112 168 173 268 280 
Ind317 136 134 266 266 NA 124 274 274 161 119 NA 245 172 176 179 165 175 172 NA 180 
Ind318 138 132 266 268 122 130 NA 274 NA 140 NA 241 NA 170 169 169 174 169 168 170 
Ind319 138 132 266 268 122 128 NA 274 NA 146 NA 241 NA 180 169 112 174 169 168 172 
Ind320 138 166 266 268 122 128 NA 274 NA 146 NA 241 NA 180 169 112 174 170 168 172 
Ind321 NA 132 266 266 130 126 274 274 140 149 269 241 172 172 169 112 175 170 NA 270 
Ind322 NA 134 NA 266 NA 128 NA 277 134 140 NA 257 NA 180 169 110 169 172 268 278 
Ind323 132 144 NA 266 130 122 274 274 NA 146 NA 251 NA 176 NA 167 170 170 NA 268 
Ind324 136 138 266 266 122 128 274 274 NA 155 NA 267 178 176 167 116 NA 177 172 174 
Ind325 NA 134 266 266 128 126 274 274 140 140 259 255 172 166 171 169 NA 169 182 172 
Ind326 134 134 266 266 124 130 274 277 NA 146 257 245 180 176 169 171 171 171 NA 170 
Ind327 134 134 NA 266 126 128 NA 277 119 146 251 231 178 180 NA 169 187 176 NA 176 
Ind328 NA 134 266 266 NA 132 277 274 NA 146 251 231 176 176 167 112 NA 168 NA 276 
Ind329 142 142 266 266 126 126 277 277 158 134 NA 241 186 170 NA 169 NA 173 268 280 
Ind330 NA 136 266 266 NA 124 274 274 143 137 NA 253 164 176 169 167 171 171 NA 174 
Ind331 142 134 266 268 130 122 274 274 NA 146 NA 273 182 180 112 167 NA 169 NA 276 
Ind332 142 138 266 266 130 122 274 274 NA 146 NA 273 182 174 112 112 NA 170 NA 276 
Ind333 144 144 266 266 130 126 274 274 NA 146 253 247 NA 174 169 112 169 193 172 190 
Ind334 144 140 266 268 130 122 274 277 NA 146 253 247 NA 174 169 112 169 193 172 190 
Ind335 144 144 266 268 130 122 274 274 NA 149 253 241 NA 174 169 112 169 168 172 190 
Ind336 144 140 268 266 124 130 274 277 NA 164 NA 247 168 176 114 112 NA 172 NA 170 
Ind337 NA 134 NA 266 130 122 NA 274 155 155 NA 235 180 182 169 114 168 167 276 170 
Ind338 134 132 NA 268 122 124 NA 274 146 143 241 241 174 170 112 167 NA 168 270 182 
Ind339 134 132 266 268 NA 124 274 274 146 143 NA 243 178 172 NA 114 178 176 172 268 
Ind340 NA 134 268 266 NA 130 NA 274 146 143 241 243 174 174 112 177 170 170 184 176 
Ind341 NA 128 NA 266 130 124 NA 274 140 143 241 247 186 176 169 167 NA 174 NA 170 
Ind342 NA 128 NA 266 130 124 NA 274 140 143 241 241 186 180 169 169 NA 174 NA 176 
Ind343 NA 128 266 266 124 128 274 274 NA 146 243 243 NA 162 167 169 170 169 NA 270 
Ind344 NA 148 266 266 128 122 274 277 NA 143 NA 241 NA 176 NA 116 NA 169 168 176 
Ind345 NA 134 266 266 128 122 274 277 NA 143 NA 241 NA 172 NA 116 NA 169 168 176 
Ind346 NA 134 266 266 128 130 274 277 NA 143 NA 235 NA 176 NA 116 NA 169 168 178 
Ind347 NA 134 NA 266 126 126 274 277 137 134 243 251 168 172 112 171 177 169 278 280 
Ind348 142 134 266 266 128 132 274 277 152 149 253 255 NA 178 116 110 171 185 172 270 
Ind349 138 134 266 266 122 124 274 277 NA 146 241 241 176 176 167 167 170 168 NA 268 
Ind350 138 134 266 266 122 124 274 274 NA 140 241 241 176 176 167 112 170 168 NA 268 
Ind351 140 132 NA 268 NA 130 NA 274 149 143 241 231 182 180 169 167 170 167 NA 276 
Ind352 140 144 268 266 130 130 274 274 146 146 NA 243 NA 186 112 112 168 170 172 270 
Ind353 NA 140 266 266 NA 126 NA 274 NA 113 251 251 182 182 NA 167 170 185 NA 276 
Ind354 132 134 NA 266 128 130 274 274 143 134 NA 241 168 170 169 114 171 187 NA 178 
Ind355 132 134 266 266 126 128 277 277 NA 134 255 243 NA 188 NA 112 NA 170 NA 276 
Ind356 NA 140 NA 268 122 124 277 274 134 143 251 255 176 174 NA 165 NA 168 NA 276 
Ind357 132 134 266 266 128 126 274 274 NA 146 NA 241 188 176 169 116 170 176 NA 168 
Ind358 152 144 266 266 130 126 NA 277 NA 143 243 241 NA 188 114 173 177 172 NA 168 
Ind359 NA 140 NA 266 128 128 274 274 NA 134 NA 259 182 176 NA 165 193 168 278 174 
Ind360 NA 140 NA 266 128 128 274 274 NA 146 NA 259 182 172 NA 165 193 170 278 276 
Ind361 NA 140 NA 266 128 128 274 274 NA 146 NA 259 182 176 NA 165 193 168 278 174 
Ind362 138 144 268 266 130 126 274 277 143 134 243 241 168 168 167 116 173 170 NA 274 
Ind363 134 134 NA 266 124 126 277 277 NA 140 241 255 174 180 NA 167 NA 168 NA 276 
Ind364 140 138 266 268 128 132 NA 274 134 146 257 255 176 172 112 169 NA 173 268 276 
Ind365 NA 140 268 266 NA 130 274 274 140 140 257 243 NA 154 110 169 176 172 268 174 
Ind366 134 134 266 266 128 126 NA 274 NA 146 231 273 NA 174 NA 169 NA 170 268 172 
Ind367 134 132 268 266 NA 130 274 274 NA 140 241 257 170 180 112 167 177 170 NA 176 
Ind368 NA 134 266 268 NA 130 277 277 146 146 255 259 186 178 112 112 170 171 170 182 
Ind369 NA 140 NA 268 NA 130 277 277 NA 146 NA 251 NA 178 114 112 170 168 NA 180 
Ind370 138 138 NA 268 124 128 274 274 NA 134 253 243 184 168 165 169 NA 172 276 172 
Ind371 128 132 NA 266 NA 124 NA 274 NA 146 255 241 NA 186 167 112 176 171 NA 268 
Ind372 NA 146 266 266 NA 130 274 277 NA 146 NA 247 176 174 112 114 187 168 180 172 
Ind373 NA 140 NA 266 NA 122 274 274 NA 146 241 247 NA 172 112 112 177 167 190 268 
Ind374 NA 138 NA 266 NA 124 NA 277 NA 137 NA 253 172 182 167 112 167 170 NA 270 
Ind375 142 144 266 266 NA 124 NA 277 140 146 NA 257 178 172 NA 116 NA 170 NA 272 
Ind376 134 140 266 266 126 126 277 274 134 143 235 247 NA 172 NA 112 NA 179 276 280 
Ind377 NA 138 266 266 NA 130 274 274 134 146 241 269 NA 182 169 167 168 172 NA 172 
Ind378 134 134 NA 266 NA 126 274 277 143 140 239 241 180 172 NA 116 170 168 188 268 
Ind379 NA 134 NA 266 124 124 NA 274 143 146 247 251 178 176 NA 171 170 170 NA 276 
Ind380 NA 140 NA 266 NA 132 NA 277 143 140 NA 243 188 184 112 112 NA 173 NA 268 
Ind381 NA 150 266 266 NA 124 NA 274 140 146 241 241 184 174 167 112 171 174 NA 170 
Ind382 132 134 266 266 NA 122 274 274 143 143 245 259 NA 182 112 114 171 174 202 268 
Ind383 132 138 266 266 130 130 NA 274 146 137 247 241 176 172 NA 116 172 169 168 272 
Ind384 NA 134 NA 266 126 126 274 274 140 167 235 241 182 178 NA 167 NA 173 278 268 
Ind385 NA 134 266 268 124 130 NA 277 NA 143 NA 255 174 178 NA 114 177 169 NA 176 
Ind386 136 132 266 268 NA 124 NA 277 140 140 241 243 178 182 112 114 170 179 NA 174 
Ind387 NA 142 NA 266 NA 130 274 274 NA 146 241 239 188 180 169 169 172 168 276 190 
Ind388 144 134 268 266 122 126 274 274 NA 170 NA 243 174 176 NA 112 NA 172 168 172 
Ind389 138 134 266 266 130 130 274 274 140 146 241 235 170 178 112 114 172 169 172 172 
Ind390 138 138 266 266 NA 126 NA 274 134 125 247 235 178 174 177 108 174 187 276 282 
Ind391 NA 132 NA 266 124 126 NA 274 NA 134 249 241 NA 172 112 112 NA 187 278 176 
Ind392 136 134 266 266 128 124 277 274 140 146 NA 259 180 172 NA 112 175 173 276 280 
Ind393 144 136 266 266 122 128 274 274 158 134 NA 269 NA 182 112 112 171 191 NA 268 
Ind394 NA 138 266 266 NA 132 274 274 NA 146 241 241 NA 176 NA 167 NA 170 NA 276 
Ind395 138 134 268 266 124 124 274 274 NA 134 241 241 NA 176 NA 110 NA 170 268 182 
Ind396 138 134 268 266 124 124 274 274 NA 134 241 241 NA 176 NA 110 NA 170 268 182 
Ind397 134 138 266 266 NA 126 277 274 NA 155 241 241 186 176 169 167 NA 172 176 276 
Ind398 NA 140 NA 266 NA 124 274 277 NA 137 NA 241 172 180 NA 110 NA 172 280 176 
Ind399 NA 138 NA 266 128 122 NA 277 140 134 NA 249 174 178 112 167 NA 171 174 174 
Ind400 NA 132 266 266 NA 124 274 274 137 146 NA 243 NA 180 110 171 169 169 202 268 
Ind401 138 134 NA 266 NA 122 274 274 143 137 239 253 172 180 173 171 NA 168 NA 276 
Ind402 134 132 266 266 124 124 274 274 143 146 NA 243 174 190 112 112 NA 169 NA 184 
Ind403 NA 140 266 266 NA 124 274 274 NA 146 251 241 154 182 112 171 NA 168 174 270 
Ind404 NA 134 NA 266 NA 130 NA 274 NA 143 NA 241 NA 172 NA 112 168 168 NA 172 
Ind405 NA 134 NA 266 NA 132 NA 274 NA 143 NA 241 NA 172 NA 112 168 168 NA 172 
Ind406 138 142 NA 268 NA 124 NA 274 NA 134 NA 241 NA 170 110 108 NA 189 172 176 
Ind407 132 142 268 266 NA 130 274 274 134 140 247 269 172 188 NA 169 NA 178 276 268 
Ind408 140 134 266 266 NA 124 NA 274 143 149 NA 239 NA 178 116 167 NA 170 174 280 
Ind409 NA 136 266 266 NA 126 274 274 155 146 241 241 NA 178 NA 114 172 175 NA 188 
Ind410 NA 144 266 266 124 124 NA 274 NA 146 NA 261 NA 184 112 112 170 169 NA 178 
Ind411 NA 138 266 266 128 126 277 274 NA 146 241 241 NA 174 169 169 NA 171 276 170 
Ind412 NA 132 NA 266 130 124 NA 274 146 140 235 239 NA 188 171 167 NA 166 276 172 
Ind413 NA 136 NA 266 130 124 NA 277 146 146 235 239 NA 182 171 114 NA 166 276 172 
Ind414 NA 132 NA 266 NA 128 NA 274 155 155 241 269 NA 172 112 112 170 169 172 278 
Ind415 142 132 NA 266 124 130 NA 277 NA 143 NA 241 178 168 NA 112 NA 168 276 272 
Ind416 NA 132 266 266 124 122 NA 274 NA 146 231 241 178 154 112 171 NA 170 NA 168 
Ind417 NA 134 266 268 130 130 274 277 146 146 NA 263 178 176 NA 108 NA 168 NA 180 
Ind418 132 134 266 266 NA 128 274 274 146 146 NA 243 NA 178 NA 169 NA 175 NA 276 
Ind419 138 132 266 266 NA 124 274 274 119 140 243 239 168 170 169 167 170 175 280 276 
Ind420 142 134 NA 266 126 128 NA 274 NA 146 247 243 NA 184 NA 165 NA 168 276 170 
Ind421 132 134 268 266 124 126 NA 274 140 146 NA 247 176 170 114 167 176 177 276 280 
Ind422 128 132 266 266 NA 122 NA 274 149 140 NA 255 168 186 169 167 168 173 176 270 
Ind423 142 134 NA 266 116 122 NA 277 146 146 253 231 NA 170 NA 167 NA 168 172 268 
Ind424 NA 144 268 266 122 130 274 274 NA 134 NA 241 154 176 112 110 173 193 NA 280 
Ind425 NA 142 266 266 122 128 277 274 137 143 NA 253 188 180 112 116 167 174 270 176 
Ind426 NA 132 266 266 130 130 NA 277 146 152 269 241 NA 192 NA 169 171 170 NA 178 
Ind427 144 136 NA 266 128 130 274 274 NA 143 259 241 180 180 167 167 169 170 NA 178 
Ind428 138 148 266 266 NA 124 277 274 146 146 243 245 NA 174 112 112 NA 169 NA 174 
Ind429 140 138 266 266 NA 126 NA 274 158 146 NA 235 NA 180 NA 169 172 174 170 280 
Ind430 136 138 NA 266 NA 132 274 274 149 140 NA 241 NA 172 114 110 170 170 NA 276 
Ind431 138 132 NA 266 124 124 274 274 NA 146 NA 249 172 182 NA 177 170 167 276 172 
Ind432 NA 132 NA 268 130 126 NA 274 NA 134 241 235 180 176 165 169 170 172 172 278 
Ind433 132 140 266 266 124 124 NA 277 146 134 NA 251 162 168 112 112 176 174 268 172 
Ind434 132 136 266 266 124 124 NA 277 146 134 NA 251 162 178 112 112 176 174 268 276 
Ind435 140 134 266 268 124 128 274 274 149 143 269 243 174 180 NA 114 NA 170 NA 270 
Ind436 NA 144 266 266 130 124 274 274 119 134 241 253 NA 180 167 112 NA 169 268 174 
Ind437 132 140 266 268 NA 124 NA 274 NA 152 239 241 188 170 171 167 170 172 174 270 
Ind438 132 140 266 268 NA 128 NA 274 NA 143 239 241 188 182 171 112 170 179 174 176 
Ind439 NA 136 NA 266 126 132 NA 277 149 134 241 231 174 182 114 114 172 172 274 170 
Ind440 NA 132 266 266 NA 124 NA 274 155 140 NA 251 NA 178 112 187 179 171 NA 270 
Ind441 NA 132 266 266 NA 132 NA 274 155 140 NA 251 NA 178 112 112 179 171 NA 172 
Ind442 140 160 268 266 126 124 277 274 146 146 231 241 NA 170 NA 163 172 169 280 174 
Ind443 140 132 266 266 124 122 NA 277 146 140 243 243 NA 168 NA 171 171 173 276 280 
Ind444 140 144 266 266 124 128 NA 277 146 140 243 243 NA 168 NA 171 171 172 276 278 
Ind445 140 144 266 266 124 128 NA 277 146 146 243 243 NA 180 NA 171 171 172 276 280 
Ind446 132 134 NA 266 NA 126 NA 274 NA 146 NA 241 178 174 112 112 170 175 284 270 
Ind447 132 132 NA 266 NA 126 NA 274 NA 140 NA 255 178 176 112 112 170 175 284 174 
Ind448 NA 144 NA 268 126 128 274 274 146 152 241 255 166 178 NA 112 170 172 NA 278 
Ind449 138 138 266 268 126 124 NA 274 NA 143 239 251 NA 182 167 167 183 172 170 282 
Ind450 140 134 266 266 NA 128 274 274 134 146 NA 243 184 178 169 112 NA 170 NA 174 
Ind451 NA 140 266 266 NA 128 274 277 NA 140 251 245 NA 168 110 112 NA 169 174 276 
Ind452 142 136 266 266 132 120 NA 274 137 146 241 247 NA 176 114 114 170 173 NA 168 
Ind453 NA 134 266 266 132 124 NA 274 155 146 NA 261 NA 176 NA 112 170 170 NA 168 
Ind454 144 128 268 266 124 124 274 277 146 167 NA 231 178 178 NA 112 168 172 NA 276 
Ind455 144 132 266 268 124 126 NA 274 137 125 241 243 180 180 169 177 NA 169 NA 174 
Ind456 144 132 266 268 124 124 NA 274 137 140 241 241 180 180 169 177 NA 169 NA 174 
Ind457 NA 140 266 266 NA 132 NA 277 NA 140 239 235 174 178 112 169 171 171 270 280 
Ind458 140 138 NA 266 124 128 NA 277 NA 149 249 243 NA 178 108 167 171 172 NA 270 
Ind459 140 138 NA 266 124 128 NA 277 NA 149 249 241 NA 182 108 167 171 172 NA 270 
Ind460 NA 144 NA 266 130 124 NA 274 140 167 237 253 174 180 NA 112 168 175 NA 172 
Ind461 134 134 266 268 NA 126 274 274 146 134 241 243 NA 176 112 177 NA 169 170 176 
Ind462 140 138 266 266 NA 124 274 274 143 149 NA 269 NA 172 NA 167 NA 170 NA 280 
Ind463 140 138 266 266 NA 126 274 274 143 143 NA 269 NA 172 NA 167 NA 171 NA 172 
Ind464 136 136 NA 266 124 126 274 274 146 134 243 243 174 184 NA 108 177 168 270 268 
Ind465 134 134 266 268 122 130 NA 274 146 155 251 247 NA 174 114 167 170 168 170 178 
Ind466 NA 132 266 266 NA 124 277 274 NA 140 241 255 NA 172 169 112 173 170 NA 276 
Ind467 138 134 NA 268 NA 126 NA 274 143 146 247 245 180 190 NA 112 168 177 NA 202 
Ind468 138 134 NA 266 NA 128 NA 274 143 146 247 243 180 180 NA 169 168 177 NA 202 
Ind469 NA 138 NA 266 128 132 274 274 146 143 235 247 178 170 NA 112 175 169 180 174 
Ind470 140 132 NA 266 NA 126 NA 277 NA 134 NA 241 186 172 167 167 170 170 176 170 
Ind471 140 140 NA 266 NA 126 NA 277 NA 134 NA 251 186 178 167 167 170 177 176 170 
Ind472 NA 132 NA 266 124 122 NA 277 NA 146 241 243 184 172 169 165 NA 170 NA 182 
Ind473 144 144 266 266 122 128 NA 274 146 134 255 241 NA 186 112 112 168 177 280 172 
Ind474 NA 132 NA 266 126 130 NA 274 146 143 NA 241 154 174 NA 167 193 168 NA 176 
Ind475 138 134 NA 266 122 122 274 277 146 143 NA 255 180 170 NA 173 NA 170 282 172 
Ind476 132 134 266 266 128 130 277 274 146 146 NA 243 192 170 NA 167 168 169 NA 268 
Ind477 NA 132 268 266 126 128 274 274 152 167 247 259 NA 174 NA 112 170 170 NA 280 
Ind478 NA 140 268 266 126 122 274 274 152 134 247 247 NA 174 NA 112 170 170 NA 174 
Ind479 NA 140 268 266 126 128 274 274 152 167 247 247 NA 174 NA 112 170 170 NA 174 
Ind480 144 134 NA 266 130 126 277 274 158 146 245 231 NA 186 112 112 170 171 172 176 
Ind481 134 144 NA 266 NA 130 274 274 146 134 251 269 174 178 NA 169 NA 170 NA 276 
Ind482 134 144 266 268 130 130 274 274 NA 143 NA 235 NA 184 165 167 171 175 268 176 
Ind483 NA 146 266 266 128 128 274 274 NA 137 243 249 168 176 112 116 NA 171 178 268 
Ind484 NA 134 266 266 126 122 NA 274 146 146 NA 241 190 184 114 173 170 172 280 172 
Ind485 132 132 266 266 124 128 274 277 158 146 NA 267 176 172 NA 112 NA 169 174 272 
Ind486 NA 140 NA 268 122 128 NA 274 140 140 241 243 NA 178 NA 112 170 168 276 172 
Ind487 142 132 268 266 126 116 NA 274 137 143 241 243 154 180 167 167 172 170 280 174 
Ind488 NA 142 266 266 NA 128 274 274 149 146 NA 243 190 174 NA 112 NA 168 NA 276 
Ind489 NA 132 NA 266 NA 126 274 274 143 146 NA 241 NA 180 112 112 172 177 NA 178 
Ind490 140 140 NA 266 124 130 274 274 143 140 NA 241 176 168 110 167 175 171 NA 172 
Ind491 128 134 266 266 NA 128 NA 274 NA 134 NA 241 180 182 167 169 NA 169 270 268 
Ind492 134 134 NA 266 NA 126 274 277 146 146 NA 255 176 188 167 112 177 169 278 280 
Ind493 134 134 NA 266 NA 126 274 277 146 146 NA 255 176 188 167 167 177 169 278 280 
Ind494 NA 140 NA 266 NA 126 277 274 140 140 NA 247 NA 168 169 177 166 166 NA 280 
Ind495 134 134 266 266 122 126 274 277 146 113 NA 247 192 184 165 171 NA 170 176 178 
Ind496 130 132 268 266 124 122 NA 274 146 140 NA 249 NA 180 112 169 NA 173 274 278 
Ind497 130 132 268 266 124 128 NA 274 146 140 NA 249 NA 180 112 112 NA 173 274 274 
Ind498 132 138 266 266 NA 126 274 274 143 140 NA 241 NA 168 112 169 NA 172 NA 280 
Ind499 134 134 266 266 128 126 274 274 NA 140 241 239 NA 172 NA 169 187 170 NA 172 
Ind500 134 132 266 266 128 128 274 274 NA 146 241 241 NA 172 NA 169 187 170 NA 172 
Ind501 144 134 266 266 126 124 274 274 134 134 235 241 174 170 169 169 172 168 NA 274 
Ind502 NA 140 NA 266 NA 130 274 274 176 146 235 269 168 174 114 112 169 169 170 268 
Ind503 NA 144 NA 266 NA 130 274 274 176 146 235 269 168 174 114 167 169 173 170 268 
Ind504 134 132 NA 266 132 128 274 274 134 134 NA 249 NA 172 NA 114 NA 170 NA 268 
Ind505 134 144 266 268 NA 130 277 277 NA 140 NA 247 182 176 167 169 168 170 280 176 
Ind506 134 144 266 268 NA 130 277 274 NA 140 NA 247 182 178 167 167 168 170 280 176 
Ind507 NA 140 NA 266 130 124 277 274 161 146 243 241 NA 168 112 167 172 171 280 276 
Ind508 132 134 NA 266 NA 124 274 277 NA 149 243 241 168 180 NA 114 NA 171 170 176 
Ind509 NA 134 266 266 NA 124 NA 277 NA 149 NA 243 178 176 NA 169 169 170 268 268 
Ind510 144 144 266 268 NA 128 277 277 146 146 235 241 NA 178 114 112 173 175 NA 172 
Ind511 144 132 266 266 NA 128 277 274 146 146 235 241 NA 178 114 112 173 170 NA 172 
Ind512 136 144 NA 268 126 126 266 277 146 119 247 231 NA 188 112 112 176 172 172 276 
Ind513 134 134 NA 266 NA 130 NA 274 146 146 NA 243 NA 168 NA 169 177 172 NA 178 
Ind514 136 132 266 266 128 126 274 274 143 143 259 247 NA 180 167 112 NA 176 NA 276 
Ind515 128 134 266 266 124 128 NA 274 143 140 251 251 NA 176 114 112 179 168 276 268 
Ind516 NA 136 NA 266 NA 126 NA 274 140 146 NA 251 174 154 112 112 172 168 182 172 
Ind517 NA 136 NA 266 NA 126 NA 274 140 146 NA 251 174 154 112 112 172 168 182 176 
Ind518 NA 136 NA 266 NA 126 NA 274 140 146 NA 251 174 180 112 114 172 168 182 172 
Ind519 134 142 NA 268 NA 132 274 277 113 140 NA 269 190 178 NA 112 NA 168 NA 278 
Ind520 134 140 NA 268 NA 132 274 277 113 140 NA 241 190 178 NA 112 NA 177 NA 278 
Ind521 134 142 NA 268 NA 132 274 277 113 140 NA 241 190 182 NA 112 NA 177 NA 278 
Ind522 134 134 266 266 122 122 NA 274 140 134 241 259 182 192 108 114 168 177 280 168 
Ind523 142 132 266 266 NA 128 NA 274 146 134 NA 239 178 180 116 114 NA 172 174 178 
Ind524 138 132 NA 266 NA 126 277 274 NA 158 NA 249 NA 178 NA 167 168 170 280 268 
Ind525 NA 132 266 266 126 126 NA 274 146 140 NA 251 182 188 165 167 168 168 NA 280 
Ind526 130 136 NA 266 128 128 274 274 NA 143 NA 241 188 178 116 112 170 168 NA 178 
Ind527 130 146 266 266 128 126 274 274 146 146 235 261 186 184 NA 169 NA 169 NA 268 
Ind528 130 146 266 266 128 130 274 274 146 146 235 261 186 186 NA 169 NA 169 NA 268 
Ind529 130 134 266 266 128 126 274 274 146 146 235 261 186 186 NA 112 NA 169 NA 276 
Ind530 NA 132 266 266 126 122 277 277 NA 146 243 269 182 172 169 112 168 172 NA 188 
Ind531 NA 140 NA 266 128 122 274 274 NA 143 NA 241 178 180 112 116 174 173 276 170 
Ind532 NA 140 NA 266 128 126 274 274 NA 182 NA 241 178 180 112 116 174 173 276 170 
Ind533 NA 140 NA 266 128 122 274 277 NA 143 NA 241 178 180 112 116 174 170 276 188 
Ind534 136 134 NA 266 124 130 NA 274 NA 146 247 239 172 174 NA 112 174 175 NA 170 
Ind535 142 138 NA 266 122 124 NA 277 NA 113 267 243 180 172 NA 112 171 169 276 170 
Ind536 142 144 NA 266 122 122 NA 277 NA 149 267 243 180 172 NA 112 171 187 276 170 
Ind537 142 144 NA 266 122 122 NA 277 NA 113 267 233 180 180 NA 112 171 187 276 170 
Ind538 144 132 268 268 130 116 NA 277 146 137 NA 241 NA 168 NA 167 172 193 NA 280 
Ind539 144 132 268 266 130 128 NA 274 146 137 NA 241 NA 168 NA 112 172 170 NA 280 
Ind540 144 134 266 266 128 126 274 274 NA 134 235 241 184 184 167 112 NA 169 172 276 
Ind541 144 134 266 268 128 126 274 274 NA 134 235 241 184 184 167 167 NA 169 172 174 
Ind542 142 134 266 266 NA 124 274 274 113 143 NA 251 NA 176 112 165 NA 179 268 176 
Ind543 140 134 266 266 122 130 274 277 146 137 241 249 174 180 NA 169 176 170 NA 176 
Ind544 NA 140 266 266 124 124 274 274 NA 137 243 257 NA 182 NA 112 NA 177 NA 176 
Ind545 NA 132 NA 266 NA 132 274 274 143 140 NA 249 NA 178 179 108 NA 177 NA 268 
Ind546 NA 132 NA 266 NA 122 274 274 143 143 NA 269 NA 178 179 167 NA 173 NA 268 
Ind547 NA 132 266 266 128 126 274 274 NA 146 243 249 NA 180 112 167 NA 169 170 190 
Ind548 134 140 266 266 NA 124 274 274 NA 143 241 243 174 182 165 110 166 176 NA 174 
Ind549 142 138 NA 266 128 126 NA 274 NA 146 241 241 178 180 110 167 166 168 172 172 
Ind550 132 144 266 266 128 130 274 277 140 137 241 241 176 182 NA 167 NA 170 166 276 
Ind551 132 132 266 268 132 130 274 274 NA 143 NA 247 168 184 165 110 168 176 276 168 
Ind552 NA 144 266 266 NA 126 NA 277 NA 146 235 243 NA 182 NA 167 169 168 NA 172 
Ind553 144 140 NA 266 130 122 274 274 140 146 251 241 NA 182 112 169 173 171 174 176 
Ind554 NA 138 NA 266 122 126 277 277 140 155 269 243 178 182 112 173 NA 169 NA 170 
Ind555 128 138 NA 266 132 124 277 274 143 146 243 243 168 184 169 112 181 171 NA 282 
Ind556 NA 134 NA 266 126 126 NA 274 137 143 259 241 174 182 169 112 169 168 NA 176 
Ind557 NA 132 266 266 122 128 274 274 143 149 241 247 178 178 167 169 NA 175 268 280 
Ind558 NA 132 266 266 122 124 274 274 143 149 241 247 178 178 167 165 NA 168 268 280 
Ind559 NA 132 266 266 122 128 274 274 143 149 241 247 178 176 167 169 NA 175 268 170 
Ind560 138 132 266 266 128 124 NA 274 140 149 269 257 170 172 165 110 NA 170 NA 174 
Ind561 NA 136 NA 266 NA 126 277 274 NA 146 257 257 NA 184 112 169 173 168 NA 278 
Ind562 144 130 266 266 128 124 NA 274 146 149 241 243 170 174 112 112 NA 171 NA 270 
Ind563 144 130 266 266 128 128 NA 274 146 149 241 243 170 174 112 112 NA 171 NA 270 
Ind564 NA 134 268 266 NA 122 274 274 146 146 NA 261 NA 172 171 110 168 170 NA 182 
Ind565 NA 132 NA 268 NA 130 277 277 NA 134 NA 251 NA 188 114 110 170 176 276 276 
Ind566 134 142 266 266 122 126 274 274 143 134 253 255 172 172 169 169 NA 173 NA 178 
Ind567 NA 134 266 266 NA 124 277 274 146 140 NA 255 NA 172 110 114 NA 175 276 276 
Ind568 136 134 NA 266 NA 128 274 274 155 146 NA 247 NA 178 108 171 170 172 190 178 
Ind569 138 138 NA 266 128 126 277 277 134 134 NA 251 NA 174 NA 116 172 171 NA 172 
Ind570 134 140 266 266 126 126 NA 274 146 140 243 235 178 154 112 171 NA 172 176 278 
Ind571 142 140 266 266 124 130 274 266 NA 146 NA 257 NA 166 NA 114 189 171 NA 182 
Ind572 NA 130 NA 266 NA 122 274 274 143 140 NA 243 174 188 112 112 NA 169 276 276 
Ind573 134 136 266 266 124 128 NA 277 140 143 NA 241 182 178 169 165 NA 166 172 172 
Ind574 NA 136 NA 266 130 130 NA 274 125 146 241 235 168 170 NA 112 170 169 172 276 
Ind575 NA 136 NA 268 130 130 NA 274 125 146 241 235 168 178 NA 112 170 185 172 276 
Ind576 NA 142 266 266 124 128 274 274 140 146 243 243 186 180 167 112 170 177 NA 276 
Ind577 138 130 266 266 NA 122 274 277 152 143 NA 247 176 178 173 167 NA 175 268 270 
Ind578 NA 134 NA 268 130 126 274 274 149 146 239 241 192 174 114 110 177 170 NA 172 
Ind579 134 134 NA 266 122 124 NA 274 146 137 255 249 180 176 112 112 171 191 170 172 
Ind580 134 132 266 266 NA 128 274 274 149 134 NA 239 NA 176 114 167 NA 168 170 176 
Ind581 134 140 266 266 NA 136 NA 274 149 146 NA 241 NA 180 112 165 171 191 NA 276 
Ind582 134 132 266 266 NA 136 NA 277 149 137 NA 241 NA 180 112 165 171 191 NA 270 
Ind583 NA 134 266 266 130 130 277 274 140 137 243 247 174 176 112 112 NA 170 268 176 
Ind584 160 148 268 266 NA 124 NA 274 146 134 243 247 186 178 112 169 168 171 170 270 
Ind585 144 144 NA 266 130 132 277 274 167 146 243 241 NA 174 112 169 NA 172 276 170 
Ind586 144 144 266 266 124 130 274 274 149 143 NA 241 180 168 108 169 169 170 172 280 
Ind587 144 144 266 266 124 130 274 274 149 143 NA 241 180 180 108 169 169 166 172 280 
Ind588 144 128 NA 266 NA 126 277 274 NA 146 NA 235 180 172 112 167 169 169 280 172 
Ind589 142 132 266 266 NA 124 274 274 137 146 251 235 176 172 167 110 NA 171 NA 178 
Ind590 142 134 266 266 NA 122 274 274 137 146 251 255 176 172 167 110 NA 171 NA 192 
Ind591 142 132 266 266 NA 122 274 274 137 146 251 235 176 172 167 169 NA 171 NA 178 
Ind592 140 140 NA 266 124 126 274 274 NA 146 241 243 NA 168 173 169 171 172 172 280 
Ind593 136 136 NA 266 126 128 NA 274 134 146 249 241 NA 186 NA 112 181 173 170 280 
Ind594 136 134 NA 266 NA 126 274 274 146 143 239 243 182 178 112 171 NA 175 170 176 
Ind595 134 132 NA 266 NA 122 NA 274 119 146 NA 235 NA 180 110 116 NA 195 276 172 
Ind596 134 140 NA 266 NA 128 NA 274 119 146 NA 235 NA 180 110 114 NA 195 276 172 
Ind597 132 134 266 266 124 124 274 274 146 140 243 241 NA 186 NA 167 177 170 176 172 
Ind598 144 132 NA 266 NA 128 NA 277 NA 146 NA 241 172 176 169 118 170 179 NA 176 
Ind599 132 134 NA 266 124 128 277 277 140 149 255 235 182 184 NA 114 NA 181 NA 174 
Ind600 140 134 266 266 124 132 274 274 140 146 NA 239 NA 172 167 116 170 172 278 178 
Ind601 NA 136 NA 266 128 126 NA 274 NA 146 NA 243 182 172 112 169 170 170 268 276 
Ind602 136 140 266 266 NA 126 NA 274 NA 146 255 241 170 180 NA 110 167 168 270 172 
Ind603 132 138 266 266 128 128 277 277 NA 146 NA 231 176 184 169 110 NA 168 NA 268 
Ind604 NA 140 266 266 130 128 277 277 134 155 247 255 NA 192 114 173 168 176 276 174 
Ind605 128 138 266 266 124 130 NA 277 NA 140 243 241 NA 170 110 171 NA 169 NA 174 
Ind606 128 132 266 266 124 126 NA 274 NA 140 243 241 NA 170 110 167 NA 169 NA 270 
Ind607 NA 138 266 266 NA 126 277 274 NA 146 NA 245 178 182 NA 108 170 169 170 168 
Ind608 142 136 266 266 NA 130 274 274 NA 140 NA 241 174 168 NA 112 NA 166 172 176 
Ind609 142 136 266 266 NA 130 274 274 NA 140 NA 241 174 168 NA 112 NA 166 172 180 
Ind610 NA 132 NA 266 126 130 NA 277 146 146 NA 241 NA 178 NA 112 175 172 290 178 
Ind611 134 150 NA 266 128 128 NA 277 NA 143 247 235 NA 182 NA 167 169 170 268 174 
Ind612 NA 136 268 266 NA 128 NA 274 140 146 NA 253 NA 176 110 167 NA 168 172 276 
Ind613 138 138 268 266 130 128 274 277 146 149 NA 243 176 182 114 169 NA 170 280 268 
Ind614 134 134 266 266 122 130 274 277 140 146 255 241 NA 178 110 163 NA 170 NA 176 
Ind615 134 138 NA 266 124 126 NA 277 140 146 243 243 NA 176 NA 112 168 176 176 280 
Ind616 134 132 266 266 122 124 274 274 NA 146 243 239 NA 178 112 112 NA 187 NA 274 
Ind617 NA 132 NA 266 NA 128 274 274 113 119 NA 251 182 168 112 112 170 173 268 272 
Ind618 144 134 NA 266 124 126 274 277 143 119 NA 249 NA 178 169 114 172 169 176 276 
Ind619 132 132 266 266 126 126 274 274 NA 146 NA 251 176 192 169 112 170 168 NA 170 
Ind620 146 138 NA 266 124 130 274 274 NA 146 235 247 NA 170 NA 169 NA 170 NA 276 
Ind621 138 136 NA 268 124 128 274 274 149 146 241 243 NA 178 NA 110 177 171 268 176 
Ind622 134 128 266 268 NA 122 274 274 NA 146 243 231 168 186 167 167 169 171 172 270 
Ind623 134 138 266 266 NA 130 274 274 NA 146 243 231 168 186 167 167 169 171 172 170 
Ind624 NA 138 266 266 NA 130 277 277 140 140 259 237 174 178 169 110 179 171 172 176 
Ind625 NA 136 266 268 NA 128 277 274 NA 146 241 243 NA 174 NA 112 NA 170 NA 268 
Ind626 NA 144 266 266 132 122 274 274 182 146 241 241 172 176 112 114 168 177 278 276 
Ind627 NA 144 266 266 132 122 274 274 182 140 241 247 172 176 112 177 168 171 278 276 
Ind628 NA 132 266 266 126 126 NA 277 NA 146 235 255 176 166 169 114 168 166 174 268 
Ind629 140 134 266 266 130 130 274 277 146 149 NA 255 172 180 112 114 171 175 268 276 
Ind630 NA 132 NA 266 NA 122 NA 274 143 140 247 243 NA 184 114 116 NA 166 NA 278 
Ind631 140 134 266 266 126 126 274 274 152 137 NA 241 NA 174 169 112 NA 173 NA 174 
Ind632 NA 132 266 266 NA 124 274 277 146 146 243 243 NA 176 169 112 168 175 280 276 
Ind633 NA 132 266 266 NA 124 NA 274 146 146 249 251 178 180 NA 167 NA 189 280 276 
Ind634 NA 134 NA 266 122 128 NA 274 NA 146 243 269 NA 170 114 112 173 169 NA 280 
Ind635 NA 134 NA 266 122 126 NA 274 NA 143 243 269 NA 170 114 167 173 170 NA 280 
Ind636 144 140 NA 266 NA 126 274 274 NA 146 NA 249 168 176 169 112 170 170 276 280 
Ind637 144 128 NA 268 122 122 NA 277 143 140 241 239 NA 168 169 112 169 169 176 280 
Ind638 NA 138 266 266 NA 124 274 274 140 152 247 247 174 178 167 169 170 170 NA 172 
Ind639 146 138 NA 266 NA 122 274 274 NA 146 255 247 NA 182 167 165 167 193 170 172 
Ind640 NA 138 266 266 NA 126 277 274 NA 140 235 249 NA 184 NA 112 NA 168 290 176 
Ind641 134 138 266 266 128 128 274 277 NA 146 239 253 178 172 114 169 187 168 190 280 
Ind642 NA 136 NA 268 124 128 277 277 146 146 249 249 184 184 112 110 171 173 276 174 
Ind643 142 132 266 266 122 130 NA 277 140 143 243 241 NA 180 171 118 168 172 NA 188 
Ind644 140 134 268 266 124 132 274 277 140 146 NA 235 176 188 167 114 NA 170 268 276 
Ind645 140 134 268 268 124 132 274 274 140 146 NA 235 176 188 167 171 NA 170 268 180 
Ind646 134 140 NA 266 124 124 274 274 146 143 247 235 168 176 NA 112 176 169 268 270 
Ind647 NA 128 NA 268 126 124 NA 277 146 146 243 255 NA 184 NA 171 172 170 NA 276 
Ind648 136 138 NA 266 124 128 NA 274 137 140 NA 255 NA 174 171 171 171 168 268 172 
Ind649 144 144 266 268 NA 128 NA 274 146 155 NA 243 NA 170 173 167 NA 187 NA 178 
Ind650 134 134 266 268 130 124 274 274 143 146 243 235 180 188 110 112 NA 166 174 172 
Ind651 144 128 266 266 NA 122 274 274 NA 140 257 241 174 178 NA 169 NA 170 NA 176 
Ind652 136 134 NA 266 132 126 277 274 NA 146 NA 231 176 174 169 114 NA 170 NA 182 
Ind653 NA 132 NA 266 128 128 274 277 146 146 NA 243 186 180 NA 112 167 177 NA 170 
Ind654 130 138 NA 266 124 130 NA 274 140 134 247 229 NA 176 167 169 170 176 170 270 
Ind655 130 140 NA 268 124 128 NA 274 140 134 247 229 NA 178 167 169 170 176 170 270 
Ind656 NA 144 NA 266 126 130 NA 274 140 146 235 247 NA 174 171 167 167 170 190 176 
Ind657 140 136 266 266 126 128 274 274 NA 143 251 255 NA 172 169 112 172 172 NA 276 
Ind658 132 134 NA 266 NA 130 277 274 NA 146 NA 247 184 178 167 114 168 173 NA 170 
Ind659 134 134 NA 266 128 126 274 274 NA 143 247 241 NA 168 NA 114 169 170 276 280 
Ind660 134 138 NA 266 124 130 NA 274 NA 146 235 243 180 176 171 169 171 170 NA 276 
Ind661 NA 132 266 266 126 130 277 274 NA 119 241 241 172 186 NA 112 168 169 NA 280 
Ind662 NA 132 266 266 126 130 277 274 NA 119 241 241 172 186 NA 108 168 170 NA 280 
Ind663 NA 132 266 266 126 130 277 274 NA 119 241 247 172 186 NA 112 168 169 NA 280 
Ind664 142 138 NA 266 124 126 277 277 NA 134 235 259 172 190 108 167 NA 179 174 174 
Ind665 142 138 NA 266 124 124 277 277 NA 140 235 259 172 190 108 114 NA 170 174 172 
Ind666 136 138 NA 266 128 124 274 274 146 137 249 243 188 154 165 163 171 176 NA 174 
Ind667 134 140 NA 266 124 124 277 277 NA 146 247 257 176 196 NA 175 171 170 280 276 
Ind668 NA 128 NA 268 NA 126 NA 274 146 146 NA 241 182 174 NA 112 174 170 276 178 
Ind669 NA 128 NA 268 NA 126 NA 274 146 146 NA 241 182 174 NA 112 174 170 276 276 
Ind670 NA 132 NA 266 NA 126 NA 274 146 140 NA 241 182 186 NA 112 174 170 276 178 
Ind671 140 138 NA 266 130 130 NA 274 140 134 NA 235 NA 178 167 112 169 174 NA 174 
Ind672 132 134 266 266 NA 130 NA 274 140 146 247 239 NA 170 NA 167 187 172 268 172 
Ind673 134 136 266 266 124 130 NA 277 146 134 241 241 176 172 NA 116 NA 168 280 170 
Ind674 134 130 268 266 NA 128 274 274 NA 143 243 237 170 170 NA 114 169 175 276 172 
Ind675 134 140 268 266 NA 130 274 274 NA 143 243 247 170 176 NA 114 169 175 276 268 
Ind676 132 132 NA 266 128 126 274 274 176 143 NA 235 182 174 NA 169 170 168 278 278 
Ind677 132 140 NA 268 124 124 277 274 NA 146 NA 243 NA 188 NA 167 193 175 268 176 
Ind678 140 138 NA 266 NA 124 274 277 146 134 255 245 NA 166 112 112 170 169 NA 172 
Ind679 134 132 NA 266 130 130 274 274 134 146 NA 241 182 170 112 163 173 177 276 180 
Ind680 134 132 NA 266 130 130 274 274 134 146 NA 263 182 170 112 165 173 168 276 180 
Ind681 134 132 NA 266 130 126 274 274 134 146 NA 263 182 170 112 163 173 168 276 180 
Ind682 NA 132 266 266 124 116 274 274 NA 146 NA 247 174 174 165 112 179 171 270 268 
Ind683 NA 132 266 266 NA 128 NA 274 NA 140 273 243 NA 192 NA 112 168 168 276 276 
Ind684 144 134 NA 266 NA 126 274 274 NA 146 NA 269 NA 168 169 165 NA 168 172 170 
Ind685 144 134 NA 266 NA 126 274 274 NA 134 NA 243 NA 172 169 167 NA 191 172 268 
Ind686 NA 128 266 268 132 132 274 277 164 140 235 243 NA 186 NA 167 NA 170 276 202 
Ind687 NA 132 266 266 130 124 NA 274 152 146 241 247 NA 184 NA 110 170 175 268 174 
Ind688 134 136 266 266 NA 128 NA 274 149 119 255 251 NA 160 169 114 170 175 268 270 
Ind689 142 128 266 268 124 130 274 277 134 146 NA 239 NA 180 110 110 172 168 NA 178 
Ind690 138 134 266 266 124 128 277 274 NA 146 231 259 NA 174 171 110 NA 169 NA 272 
Ind691 138 132 266 266 124 128 277 274 NA 140 231 259 NA 180 171 110 NA 169 NA 272 
Ind692 132 134 268 266 124 132 NA 274 NA 146 249 235 180 188 NA 167 168 169 276 278 
Ind693 140 142 NA 266 126 126 274 277 119 134 239 247 178 172 NA 167 171 172 NA 176 
Ind694 NA 132 NA 266 122 130 NA 274 146 146 245 251 NA 174 114 167 168 176 NA 176 
Ind695 NA 134 NA 266 122 124 NA 274 146 146 245 251 NA 174 114 167 168 176 NA 176 
Ind696 NA 134 NA 266 122 124 NA 274 146 146 245 251 NA 174 114 167 168 171 NA 280 
Ind697 NA 136 NA 266 126 128 277 277 146 167 NA 251 NA 192 112 167 168 174 NA 270 
Ind698 132 132 266 266 126 124 274 277 NA 146 255 253 NA 178 169 112 173 170 268 172 
Ind699 134 144 266 266 NA 124 274 274 134 161 243 243 178 174 112 112 168 170 282 268 
Ind700 134 128 NA 266 128 130 277 274 NA 134 241 241 192 172 NA 112 NA 170 NA 174 
Ind701 NA 138 NA 266 NA 130 NA 277 NA 143 241 243 NA 180 169 112 NA 173 276 178 
Ind702 NA 138 NA 266 NA 130 NA 274 NA 146 261 235 170 176 169 112 NA 168 NA 182 
Ind703 140 134 NA 266 126 130 NA 274 NA 146 229 241 176 176 112 167 NA 167 280 272 
Ind704 140 138 NA 268 NA 130 274 274 NA 140 NA 259 182 184 167 171 173 179 NA 270 
Ind705 NA 134 266 266 130 130 274 274 NA 146 259 245 NA 168 112 112 167 177 268 272 
Ind706 132 130 NA 266 NA 124 NA 274 146 137 257 241 NA 182 NA 114 169 175 NA 176 
Ind707 134 160 NA 266 NA 132 NA 274 134 146 243 235 182 186 169 110 NA 175 172 278 
Ind708 132 138 NA 266 NA 128 NA 274 NA 146 235 241 182 172 167 169 168 172 NA 268 
Ind709 138 144 266 266 120 126 274 277 143 143 243 241 NA 168 NA 112 170 172 272 268 
Ind710 NA 128 266 266 NA 124 277 274 NA 158 NA 243 NA 180 108 106 168 171 280 280 
Ind711 132 132 NA 266 NA 122 NA 274 NA 143 NA 255 166 170 167 167 NA 172 272 270 
Ind712 NA 146 266 266 NA 124 NA 274 NA 140 NA 235 186 182 112 169 168 167 NA 170 
Ind713 NA 132 266 268 NA 124 NA 274 NA 140 NA 235 186 182 112 169 168 167 NA 276 
Ind714 NA 146 266 268 NA 124 NA 274 NA 140 NA 235 186 182 112 167 168 167 NA 170 
Ind715 138 138 NA 268 126 124 NA 274 NA 170 251 255 176 184 114 112 NA 169 178 276 
Ind716 NA 160 NA 266 NA 128 274 277 NA 140 NA 249 166 180 114 169 170 175 276 170 
Ind717 140 132 266 266 124 124 274 274 146 146 NA 259 NA 182 NA 108 171 169 NA 270 
Ind718 NA 134 266 266 NA 130 274 274 NA 134 237 241 170 184 167 167 171 170 NA 178 
Ind719 NA 140 266 266 NA 130 274 274 NA 140 237 241 170 180 167 167 171 171 NA 178 
Ind720 136 134 NA 266 124 128 NA 274 155 143 NA 241 NA 172 NA 114 170 170 268 176 
Ind721 NA 136 NA 268 128 124 277 277 NA 143 257 255 176 172 169 114 NA 179 NA 176 
Ind722 NA 134 NA 266 130 128 274 274 137 140 NA 261 NA 182 NA 112 170 175 NA 268 
Ind723 NA 138 266 268 NA 126 277 277 NA 146 253 247 168 172 NA 167 NA 168 280 280 
Ind724 132 132 266 266 126 124 NA 277 140 134 259 235 168 182 110 112 171 168 NA 284 
Ind725 NA 144 268 268 NA 126 274 277 146 146 NA 241 174 174 NA 112 173 169 270 280 
Ind726 132 132 NA 266 128 128 NA 274 170 146 251 235 178 186 167 110 193 168 NA 168 
Ind727 132 142 266 266 NA 124 274 274 NA 140 NA 241 168 174 112 114 NA 166 176 276 
Ind728 136 134 266 266 NA 124 274 274 146 140 NA 241 NA 170 NA 169 176 174 NA 170 
Ind729 132 138 266 266 126 130 274 274 149 146 243 255 174 176 116 112 171 168 NA 192 
Ind730 134 132 266 266 126 132 277 274 NA 140 NA 251 178 174 173 169 NA 173 178 176 
Ind731 NA 144 NA 268 NA 122 NA 277 146 146 251 243 172 178 NA 116 NA 177 NA 268 
Ind732 NA 132 NA 268 124 130 274 274 140 143 NA 241 NA 180 NA 165 171 168 NA 268 
Ind733 144 144 NA 266 NA 130 NA 274 140 143 235 241 NA 176 114 114 171 170 276 176 
Ind734 134 130 268 266 130 132 277 274 170 167 241 247 NA 174 110 169 NA 170 276 276 
Ind735 NA 136 266 268 126 130 274 274 149 113 NA 241 NA 174 169 167 NA 181 280 270 
Ind736 NA 136 266 266 122 130 274 274 140 146 NA 235 184 178 167 169 169 168 NA 180 
Ind737 NA 136 266 268 122 130 274 277 140 146 NA 235 184 178 167 169 169 167 NA 180 
Ind738 140 140 NA 268 126 124 274 274 NA 134 251 241 182 180 NA 173 169 169 NA 176 
Ind739 136 132 NA 266 124 124 274 277 146 146 279 243 NA 174 171 169 166 176 268 172 
Ind740 146 138 NA 266 122 128 274 274 NA 146 NA 235 NA 172 NA 112 169 175 NA 276 
Ind741 134 136 266 266 126 122 277 274 NA 143 231 243 172 172 112 108 173 177 174 268 
Ind742 134 134 266 266 126 124 277 277 NA 143 231 243 172 178 112 112 173 177 174 268 
Ind743 134 138 NA 266 124 130 274 274 137 143 NA 253 178 170 169 112 170 168 170 276 
Ind744 NA 132 NA 266 NA 128 277 274 NA 134 NA 231 180 188 112 169 NA 170 176 170 
Ind745 140 136 NA 266 128 128 NA 274 NA 149 NA 255 168 176 NA 112 NA 172 268 280 
Ind746 132 140 266 268 128 124 274 274 NA 146 NA 249 178 172 NA 169 171 170 280 272 
Ind747 132 132 NA 266 124 126 274 274 149 146 NA 255 178 174 NA 173 172 168 NA 172 
Ind748 132 144 NA 266 124 132 274 274 149 146 NA 255 178 174 NA 173 172 168 NA 172 
Ind749 132 144 NA 266 124 132 274 274 149 146 NA 255 178 182 NA 173 172 168 NA 172 
Ind750 132 132 266 266 124 122 NA 274 146 134 NA 231 NA 176 169 171 175 170 268 176 
Ind751 142 132 NA 268 130 124 274 277 NA 143 247 251 180 172 NA 108 NA 167 182 276 
Ind752 NA 138 NA 266 NA 126 NA 277 143 155 NA 241 NA 180 NA 112 NA 172 268 178 
Ind753 NA 128 266 266 122 122 274 274 NA 134 247 253 NA 170 116 112 NA 172 NA 172 
Ind754 136 136 NA 268 130 130 NA 277 143 143 NA 231 174 172 167 169 168 174 NA 176 
Ind755 132 136 266 268 NA 128 NA 274 143 143 241 247 174 174 112 169 NA 170 280 276 
Ind756 NA 132 NA 266 130 128 277 274 146 140 235 239 180 184 112 169 168 170 NA 182 
Ind757 128 138 NA 266 126 122 NA 274 NA 149 231 247 170 180 167 169 176 176 NA 176 
Ind758 NA 144 266 266 132 122 274 277 140 146 NA 253 176 188 NA 112 NA 170 170 268 
Ind759 152 132 266 266 NA 126 274 274 143 167 247 245 178 176 114 112 171 170 172 170 
Ind760 NA 140 NA 266 NA 124 277 277 NA 134 243 241 178 182 NA 169 168 193 280 268 
Ind761 NA 138 NA 266 NA 130 274 274 NA 143 243 243 172 178 NA 112 NA 172 NA 170 
Ind762 138 128 268 266 NA 126 274 274 146 146 243 241 170 172 NA 165 189 171 270 168 
Ind763 132 140 266 266 NA 128 NA 274 146 146 241 251 170 170 NA 165 NA 171 NA 170 
Ind764 NA 146 NA 266 124 122 NA 274 NA 137 241 255 NA 178 NA 112 169 167 NA 276 
Ind765 NA 140 266 266 NA 128 274 274 146 143 NA 241 NA 170 NA 110 168 175 276 178 
Ind766 NA 132 268 266 130 128 274 274 146 134 239 259 NA 178 NA 112 174 170 NA 276 
Ind767 NA 140 NA 268 124 124 274 274 146 140 243 243 190 174 NA 171 NA 168 278 172 
Ind768 146 128 NA 266 NA 126 274 274 149 149 249 243 NA 182 171 112 179 169 NA 276 
Ind769 140 132 266 266 124 130 NA 274 146 143 241 243 NA 170 NA 169 171 169 NA 170 
Ind770 NA 132 266 266 NA 124 274 277 NA 140 NA 255 190 176 110 112 168 185 276 268 
Ind771 NA 138 266 266 132 124 274 277 NA 143 243 243 NA 178 NA 169 175 173 NA 170 
Ind772 136 134 266 266 132 130 NA 274 143 134 NA 241 192 178 169 169 NA 168 268 168 
Ind773 142 134 NA 266 124 130 NA 274 NA 146 NA 241 180 172 NA 167 NA 170 274 268 
Ind774 132 134 266 268 132 126 274 277 143 134 NA 247 182 172 NA 167 169 174 172 190 
Ind775 134 132 NA 266 130 124 NA 274 122 134 NA 243 NA 180 169 171 168 166 268 176 
Ind776 NA 132 266 266 124 124 274 274 NA 134 253 269 176 186 169 114 NA 168 268 176 
Ind777 132 132 266 266 NA 124 NA 274 NA 140 NA 247 178 172 167 167 NA 173 NA 176 
Ind778 132 134 268 266 NA 124 NA 274 NA 146 243 239 NA 172 112 116 173 181 NA 276 
Ind779 140 134 268 266 NA 122 274 274 134 140 241 241 184 170 114 167 NA 166 268 172 
Ind780 134 134 NA 266 NA 116 274 274 140 146 243 241 182 174 114 112 NA 185 280 276 
Ind781 136 132 266 266 122 124 NA 274 NA 146 NA 251 176 180 167 169 168 177 278 172 
Ind782 144 134 266 266 NA 124 266 274 143 125 NA 243 170 172 NA 175 172 170 268 276 
Ind783 134 132 266 266 NA 130 277 277 143 146 NA 247 174 186 112 167 NA 170 268 278 
Ind784 134 132 266 266 NA 130 277 277 143 146 NA 247 174 182 112 167 NA 169 268 172 
Ind785 134 132 266 266 NA 130 277 277 143 140 NA 247 174 182 112 167 NA 169 268 278 
Ind786 NA 138 266 266 NA 124 NA 277 134 149 243 253 NA 186 112 114 167 173 NA 174 
Ind787 132 132 266 266 NA 122 NA 274 NA 149 243 273 NA 178 114 169 175 170 NA 174 
Ind788 NA 134 266 266 128 124 277 274 NA 134 259 255 168 176 112 167 170 173 172 176 
Ind789 NA 134 266 266 128 126 277 274 NA 146 259 269 168 176 112 169 170 187 172 176 
Ind790 NA 134 266 266 128 124 277 274 NA 146 259 255 168 176 112 167 170 187 172 176 
Ind791 NA 136 266 266 NA 124 274 277 146 134 NA 243 174 170 112 114 NA 169 280 274 
Ind792 160 140 266 266 130 130 277 274 146 140 241 255 180 172 167 167 NA 169 276 280 
Ind793 134 138 NA 266 128 128 274 274 146 143 255 247 180 172 NA 167 NA 166 176 270 
Ind794 NA 136 266 266 NA 126 NA 277 143 146 NA 247 176 190 167 165 NA 170 268 170 
Ind795 144 128 266 266 NA 122 274 277 134 146 243 259 NA 178 114 169 167 170 276 278 
Ind796 NA 132 NA 266 NA 132 NA 277 134 134 NA 243 NA 188 169 112 173 169 NA 196 
Ind797 138 132 NA 266 126 124 NA 274 146 134 NA 247 180 172 108 169 172 166 172 280 
Ind798 136 134 266 268 128 126 277 274 155 146 255 243 NA 180 112 167 168 169 172 268 
Ind799 NA 144 NA 266 NA 126 277 277 140 143 235 243 174 182 114 167 NA 169 178 268 
Ind800 134 132 268 266 122 126 277 274 NA 128 NA 247 NA 178 NA 112 NA 170 NA 178 
Ind801 134 132 268 266 122 124 277 274 NA 128 NA 247 NA 180 NA 173 NA 170 NA 178 
Ind802 134 132 268 266 122 124 277 274 NA 128 NA 249 NA 180 NA 112 NA 170 NA 178 
Ind803 NA 134 NA 266 NA 128 277 277 149 140 NA 267 168 168 NA 112 170 173 NA 170 
Ind804 144 144 266 266 124 126 NA 274 NA 119 251 235 NA 178 NA 112 181 172 NA 176 
Ind805 142 132 NA 268 124 130 274 277 146 143 241 253 180 182 114 163 168 172 NA 176 
Ind806 NA 134 266 268 128 126 277 274 140 140 NA 257 NA 172 NA 112 NA 168 NA 280 
Ind807 138 132 266 266 NA 124 277 274 134 146 255 243 NA 180 167 171 NA 173 202 268 
Ind808 136 132 266 266 126 132 NA 277 140 146 NA 241 NA 174 NA 114 177 187 172 280 
Ind809 NA 128 266 266 NA 122 NA 277 NA 146 255 243 NA 178 112 169 168 158 NA 282 
Ind810 NA 132 266 268 NA 126 NA 277 NA 146 255 243 NA 178 112 169 168 170 NA 282 
Ind811 132 134 266 266 126 128 274 274 140 140 241 255 182 168 167 169 172 179 NA 170 
Ind812 142 128 266 266 126 124 274 274 146 134 241 255 NA 186 NA 167 170 179 276 278 
Ind813 136 134 266 266 NA 124 274 277 140 146 NA 241 170 172 112 169 NA 177 NA 270 
Ind814 134 142 266 268 128 126 NA 274 140 119 NA 249 174 180 167 114 NA 168 176 170 
Ind815 142 142 266 266 NA 128 277 277 146 146 251 243 172 186 112 171 170 168 276 170 
Ind816 142 140 266 266 NA 122 277 277 146 146 251 241 172 186 112 169 170 168 276 170 
Ind817 140 140 266 266 128 128 274 277 NA 140 241 241 190 180 NA 112 171 168 268 276 
Ind818 134 134 266 266 124 124 274 274 155 140 NA 241 174 180 NA 114 173 171 268 170 
Ind819 134 132 266 266 NA 130 274 277 NA 146 247 241 170 180 NA 112 167 171 176 268 
Ind820 NA 136 266 266 NA 124 NA 274 NA 140 237 289 182 174 110 110 NA 177 NA 276 
Ind821 NA 132 266 266 126 124 274 277 140 146 231 243 180 178 169 114 170 172 178 172 
Ind822 NA 132 NA 266 NA 124 274 274 149 146 243 251 NA 154 112 112 NA 168 276 168 
Ind823 132 132 268 266 126 130 274 274 NA 146 NA 241 180 176 169 163 NA 170 NA 276 
Ind824 NA 140 NA 266 NA 128 277 274 137 140 NA 247 182 176 112 112 193 167 172 280 
Ind825 NA 140 266 266 NA 126 274 274 NA 146 251 243 178 186 112 112 177 168 NA 276 
Ind826 146 132 NA 266 NA 126 NA 274 NA 146 247 243 170 172 167 112 NA 170 NA 178 
Ind827 NA 134 266 268 NA 128 NA 277 146 146 241 255 NA 180 116 167 173 169 NA 276 
Ind828 NA 134 266 268 NA 124 NA 277 146 146 241 255 NA 180 116 171 173 169 NA 276 
Ind829 NA 134 266 266 122 128 274 274 143 146 241 261 168 186 NA 171 172 172 NA 182 
Ind830 NA 140 NA 266 122 130 274 274 NA 140 241 235 184 180 NA 110 NA 170 176 176 
Ind831 NA 132 266 266 130 126 NA 274 146 146 NA 251 174 176 NA 114 170 179 268 178 
Ind832 NA 146 266 266 128 130 274 274 146 143 243 255 NA 176 167 173 169 177 174 170 
Ind833 NA 140 NA 266 126 126 277 274 143 146 NA 241 NA 170 112 169 167 167 NA 180 
Ind834 148 140 266 266 128 126 274 277 NA 143 241 235 186 174 NA 114 185 170 268 172 
Ind835 134 132 266 266 126 130 274 274 146 146 243 255 NA 182 NA 173 NA 171 NA 278 
Ind836 132 138 266 266 126 124 274 277 143 155 243 235 182 182 NA 112 169 176 170 278 
Ind837 NA 136 266 266 NA 122 NA 274 146 140 243 231 174 168 NA 167 171 169 174 268 
Ind838 NA 134 266 266 126 126 NA 274 NA 146 NA 255 182 184 NA 112 NA 177 NA 280 
Ind839 138 136 266 268 NA 124 274 274 140 143 NA 255 180 162 NA 114 185 168 NA 176 
Ind840 144 134 266 266 130 128 277 274 140 146 NA 255 NA 180 NA 114 181 177 NA 276 
Ind841 NA 140 NA 266 NA 132 274 277 140 149 249 247 182 168 167 167 169 168 NA 268 
Ind842 NA 134 268 266 NA 124 274 274 146 143 NA 241 180 186 112 169 NA 170 NA 174 
Ind843 132 144 NA 266 124 128 274 274 134 140 NA 247 NA 178 NA 112 169 170 172 174 
Ind844 140 134 NA 268 128 124 274 274 NA 137 241 249 170 180 112 112 NA 176 172 170 
Ind845 140 144 NA 268 128 128 274 274 NA 137 241 255 170 180 112 112 NA 176 172 280 
Ind846 134 134 NA 266 130 126 274 274 140 161 NA 269 178 188 NA 167 NA 169 268 280 
Ind847 134 138 NA 266 130 126 274 274 140 143 NA 269 178 188 NA 169 NA 169 268 280 
Ind848 NA 132 266 266 128 124 NA 274 152 134 NA 247 NA 178 NA 167 171 172 172 170 
Ind849 134 138 NA 266 NA 122 274 277 NA 146 235 243 NA 170 116 169 179 177 NA 172 
Ind850 NA 134 266 266 126 130 274 274 140 146 NA 235 168 182 112 112 171 171 NA 172 
Ind851 NA 130 266 266 128 124 NA 274 NA 140 253 243 174 176 NA 108 168 171 NA 176 
Ind852 NA 134 NA 266 126 132 274 274 140 146 NA 247 168 180 NA 167 175 177 NA 190 
Ind853 NA 128 266 266 NA 128 NA 274 140 140 239 241 NA 186 167 112 170 172 274 170 
Ind854 NA 138 NA 266 124 126 NA 274 NA 155 NA 247 172 172 NA 169 NA 177 214 268 
Ind855 NA 138 268 266 128 126 NA 274 NA 134 235 273 NA 184 NA 114 NA 187 174 276 
Ind856 136 144 266 268 126 126 274 274 143 140 243 241 182 154 NA 167 NA 168 180 268 
Ind857 142 134 NA 266 NA 126 274 277 146 146 249 239 NA 172 112 112 173 170 NA 276 
Ind858 NA 144 NA 266 128 124 274 274 NA 143 NA 241 NA 182 167 171 175 187 276 172 
Ind859 144 128 266 266 NA 128 NA 274 NA 149 NA 243 NA 180 NA 112 NA 171 270 172 
Ind860 138 128 NA 266 NA 126 274 277 146 149 NA 235 NA 172 NA 167 172 170 172 180 
Ind861 140 134 NA 266 122 130 NA 274 146 140 243 269 NA 180 NA 108 NA 170 NA 176 
Ind862 140 140 NA 266 122 132 NA 274 146 143 243 241 NA 180 NA 108 NA 170 NA 176 
Ind863 NA 132 266 266 NA 130 NA 274 146 134 241 251 NA 178 165 169 185 172 276 172 
Ind864 138 128 NA 266 NA 126 274 274 158 134 NA 229 NA 176 114 114 NA 170 170 274 
Ind865 NA 144 NA 266 122 124 277 274 146 146 241 243 NA 174 NA 167 NA 172 NA 268 
Ind866 NA 132 NA 266 122 124 277 274 146 146 241 255 NA 172 NA 167 NA 172 NA 268 
Ind867 NA 132 268 266 124 122 NA 274 143 176 241 255 NA 180 163 167 169 170 278 190 
Ind868 140 134 266 266 126 124 NA 277 NA 146 NA 255 NA 176 NA 169 175 168 268 268 
Ind869 140 132 NA 266 126 130 274 277 146 152 235 241 180 186 NA 169 170 173 278 268 
Ind870 138 134 266 266 NA 126 274 274 146 140 NA 247 182 174 NA 112 168 170 NA 276 
Ind871 144 132 NA 266 NA 124 277 274 146 143 247 257 NA 170 NA 169 169 170 178 280 
Ind872 144 132 NA 266 NA 124 277 274 146 146 247 257 NA 170 NA 110 169 171 178 174 
Ind873 140 144 NA 266 NA 126 277 274 146 146 241 243 186 184 NA 169 NA 172 NA 276 
Ind874 140 134 NA 266 NA 126 277 274 146 146 241 243 186 184 NA 169 NA 172 NA 268 
Ind875 NA 134 NA 268 132 122 274 277 NA 137 241 255 NA 182 167 114 NA 168 170 170 
Ind876 136 140 266 268 130 128 277 277 NA 146 NA 241 NA 182 108 112 169 174 276 172 
Ind877 136 140 266 268 130 128 277 277 NA 134 NA 241 NA 182 108 112 169 174 276 280 
Ind878 130 168 NA 266 124 132 277 274 NA 155 NA 243 NA 186 112 171 189 167 276 270 
Ind879 134 132 NA 266 122 128 277 274 NA 143 243 241 NA 174 116 169 NA 168 268 276 
Ind880 134 140 NA 266 130 124 NA 274 140 134 241 241 NA 176 114 167 170 169 270 276 
Ind881 NA 134 266 266 128 130 274 274 140 146 241 257 NA 182 NA 167 NA 173 294 170 
Ind882 142 134 266 266 126 126 NA 274 146 146 NA 233 NA 180 171 169 169 166 280 270 
Ind883 134 132 266 266 NA 126 277 274 NA 134 NA 241 184 176 NA 112 172 175 NA 168 
Ind884 142 134 NA 266 NA 130 274 274 146 143 NA 241 168 168 NA 167 189 177 280 276 
Ind885 142 134 NA 266 NA 130 274 274 146 143 NA 241 168 174 NA 114 189 170 280 276 
Ind886 NA 132 266 266 NA 128 274 274 140 119 243 241 180 178 NA 112 173 174 174 190 
Ind887 NA 140 NA 266 122 122 NA 274 NA 146 241 251 NA 182 114 114 170 187 NA 172 
Ind888 NA 132 NA 266 NA 124 NA 274 NA 134 NA 241 174 174 169 171 NA 173 NA 276 
Ind889 NA 134 266 266 126 126 274 274 146 146 247 235 170 178 169 114 175 170 280 178 
Ind890 NA 134 266 266 126 124 274 274 146 143 247 243 170 178 169 112 175 170 280 268 
Ind891 132 132 266 266 NA 124 NA 274 134 158 241 251 192 172 112 112 170 168 276 176 
Ind892 134 140 266 266 124 130 274 277 119 146 243 243 168 184 NA 167 NA 170 270 174 
Ind893 136 144 NA 268 130 124 274 274 140 146 NA 257 174 172 114 169 172 169 NA 270 
Ind894 NA 132 266 266 NA 122 274 274 170 143 243 241 NA 178 NA 171 173 169 276 276 
Ind895 134 144 266 266 128 122 274 274 NA 146 NA 243 178 178 NA 106 172 170 276 176 
Ind896 132 134 266 266 NA 122 NA 277 146 140 NA 247 174 172 116 112 175 172 NA 268 
Ind897 NA 140 266 266 NA 124 NA 277 NA 137 NA 241 178 166 112 169 NA 175 NA 172 
Ind898 138 166 NA 268 NA 128 NA 274 NA 149 NA 249 170 182 169 112 171 169 276 178 
Ind899 NA 134 268 266 NA 128 274 277 146 146 NA 247 182 182 167 112 170 169 276 174 
Ind900 NA 132 266 266 122 126 NA 274 NA 143 263 255 182 174 NA 112 171 170 NA 174 
Ind901 NA 140 266 266 122 124 NA 274 NA 143 263 255 182 178 NA 112 171 167 NA 174 
Ind902 NA 132 266 266 122 126 NA 274 NA 146 263 251 182 174 NA 112 171 170 NA 172 
Ind903 NA 132 266 266 122 126 NA 274 NA 146 263 255 182 178 NA 112 171 170 NA 174 
Ind904 134 132 266 266 130 130 NA 274 NA 146 235 245 172 168 167 169 178 170 NA 276 
Ind905 NA 134 266 266 130 132 NA 274 NA 146 NA 253 182 176 167 169 NA 171 178 176 
Ind906 142 138 NA 266 NA 122 NA 277 146 140 243 235 NA 176 NA 169 177 179 268 174 
Ind907 136 138 268 266 NA 130 274 274 NA 140 NA 251 NA 184 110 112 169 193 NA 172 
Ind908 136 138 268 266 NA 130 274 277 NA 137 NA 251 NA 184 110 167 169 193 NA 170 
Ind909 132 134 266 266 126 126 274 274 NA 152 243 241 184 176 110 112 NA 174 170 280 
Ind910 132 134 266 266 126 126 274 274 NA 152 243 241 184 180 110 167 NA 187 170 280 
Ind911 NA 138 NA 266 128 126 277 274 146 143 NA 241 NA 180 173 169 NA 170 NA 280 
Ind912 144 134 NA 266 NA 126 274 274 NA 143 NA 259 NA 178 NA 114 170 171 NA 176 
Ind913 NA 140 NA 266 124 126 NA 274 146 140 NA 235 178 166 112 112 NA 170 170 280 
Ind914 NA 140 NA 266 124 128 NA 274 146 143 NA 235 178 166 112 114 NA 170 170 280 
Ind915 NA 134 NA 266 NA 124 274 274 140 140 NA 235 172 172 171 112 NA 172 NA 176 
Ind916 NA 132 NA 266 NA 130 274 274 140 140 NA 235 172 172 171 169 NA 169 NA 172 
Ind917 NA 132 NA 266 NA 130 274 274 140 140 NA 235 172 172 171 112 NA 169 NA 172 
Ind918 NA 134 NA 266 NA 124 274 274 140 140 NA 235 172 172 171 112 NA 169 NA 176 
Ind919 134 132 266 266 130 126 277 277 143 146 241 241 NA 170 171 169 170 168 276 176 
Ind920 140 140 266 266 NA 122 274 274 NA 146 255 247 178 176 116 173 172 173 280 178 
Ind921 NA 140 NA 268 124 126 274 274 NA 140 251 253 NA 172 167 169 NA 168 276 276 
Ind922 134 132 NA 266 NA 130 NA 274 NA 143 NA 245 176 180 112 167 168 179 NA 172 
Ind923 132 134 266 266 NA 126 274 274 140 140 235 273 NA 186 169 114 NA 170 276 268 
Ind924 NA 132 266 268 NA 130 NA 274 146 140 NA 251 176 180 NA 112 NA 171 NA 276 
Ind925 NA 140 266 266 124 130 274 274 146 146 NA 247 178 172 NA 112 172 168 270 268 
Ind926 NA 132 NA 266 128 126 NA 274 155 125 233 247 178 176 169 112 NA 172 NA 174 
Ind927 NA 138 266 268 126 126 NA 274 NA 143 NA 257 192 172 167 165 168 172 174 276 
Ind928 NA 138 266 268 126 126 NA 274 NA 143 NA 255 192 172 167 165 168 172 174 276 
Ind929 134 136 NA 268 122 128 274 277 149 140 NA 243 172 178 114 167 171 170 172 168 
Ind930 NA 132 NA 266 NA 126 274 277 NA 140 NA 247 NA 170 169 112 NA 172 276 174 
Ind931 NA 132 NA 266 NA 126 274 277 NA 137 NA 247 NA 170 169 169 NA 172 276 276 
Ind932 NA 134 266 266 NA 130 NA 274 140 146 241 241 186 176 181 112 NA 170 172 174 
Ind933 NA 132 266 268 124 128 NA 274 146 143 NA 247 182 196 175 169 168 170 176 176 
Ind934 132 134 268 268 128 124 274 277 NA 146 NA 241 NA 170 167 171 NA 169 178 172 
Ind935 132 132 268 268 128 124 274 277 NA 146 NA 241 NA 170 167 171 NA 169 178 172 
Ind936 134 140 266 266 122 124 NA 274 113 146 245 243 168 172 NA 112 NA 173 NA 268 
Ind937 NA 134 NA 268 NA 128 NA 277 NA 140 269 241 NA 170 169 169 175 171 172 180 
Ind938 140 134 266 266 126 126 274 274 146 140 241 243 NA 176 NA 112 173 173 176 278 
Ind939 NA 132 NA 268 124 130 277 274 140 134 NA 243 NA 182 NA 112 NA 168 170 176 
Ind940 NA 134 266 268 122 124 NA 274 140 146 243 263 170 182 NA 116 170 169 NA 274 
Ind941 NA 134 266 268 122 126 NA 274 140 182 243 241 170 180 NA 116 170 169 NA 278 
Ind942 NA 130 NA 266 NA 128 274 274 NA 137 241 243 NA 174 169 114 179 170 NA 268 
Ind943 138 138 266 266 NA 130 NA 274 NA 140 NA 269 NA 170 112 114 171 170 NA 176 
Ind944 NA 138 266 266 128 126 NA 274 143 146 NA 235 NA 190 169 167 NA 189 NA 178 
Ind945 NA 132 266 266 126 122 274 277 167 149 NA 255 176 180 167 112 170 170 268 276 
Ind946 NA 140 NA 266 NA 130 NA 274 146 140 241 247 NA 176 167 110 174 170 276 270 
Ind947 NA 132 NA 266 NA 130 NA 274 146 140 241 243 NA 176 167 110 174 170 276 172 
Ind948 NA 132 NA 266 128 128 NA 277 134 146 NA 243 186 180 NA 114 NA 179 268 276 
Ind949 NA 138 NA 266 126 128 274 277 NA 137 241 243 NA 176 165 169 174 170 NA 172 
Ind950 NA 132 266 266 128 122 NA 274 NA 146 243 247 NA 172 NA 171 NA 170 NA 274 
Ind951 NA 134 266 266 128 124 NA 274 NA 137 243 247 NA 172 NA 167 NA 168 NA 274 
Ind952 NA 132 266 266 128 126 NA 274 NA 146 243 243 NA 172 NA 167 NA 176 NA 172 
Ind953 NA 132 266 266 128 126 NA 277 NA 146 243 243 NA 172 NA 167 NA 176 NA 172 
Ind954 142 132 266 266 124 128 274 274 140 146 235 247 168 178 112 114 170 171 170 276 
Ind955 142 138 266 268 124 124 274 274 140 146 235 247 168 178 112 114 170 170 170 176 
Ind956 138 132 NA 266 128 128 274 274 146 143 NA 239 NA 188 169 112 177 170 172 174 
Ind957 NA 130 NA 266 126 130 NA 274 NA 134 249 235 NA 174 169 112 NA 173 268 174 
Ind958 144 128 268 266 130 122 277 274 134 146 251 235 NA 174 169 110 NA 187 270 278 
Ind959 144 132 268 266 130 122 277 274 134 146 251 235 NA 174 169 110 NA 187 270 180 
Ind960 142 140 268 266 128 126 NA 274 NA 140 251 243 170 182 NA 169 170 169 NA 172 
Ind961 142 136 266 266 122 126 NA 274 152 134 249 241 172 186 112 116 166 169 278 172 
Ind962 NA 132 NA 266 124 128 274 277 143 137 NA 249 180 170 NA 112 NA 170 276 172 
Ind963 NA 142 NA 266 124 128 274 274 143 137 NA 241 180 170 NA 171 NA 170 276 172 
Ind964 NA 140 266 266 128 126 277 274 134 146 251 241 184 180 167 112 NA 171 NA 268 
Ind965 NA 140 266 266 124 126 NA 274 NA 134 241 247 NA 172 114 112 179 169 176 178 
Ind966 134 134 266 266 126 130 NA 274 NA 140 255 241 NA 178 NA 112 172 175 268 272 
Ind967 NA 134 268 266 124 128 277 274 NA 146 243 247 NA 176 114 169 176 172 NA 172 
Ind968 NA 132 268 266 124 128 277 274 NA 146 243 261 NA 178 114 169 176 170 NA 270 
Ind969 132 132 NA 266 126 128 277 274 119 137 NA 235 196 178 NA 112 169 171 280 192 
Ind970 132 144 NA 266 130 126 274 277 143 146 NA 239 NA 178 NA 167 168 173 NA 172 
Ind971 NA 136 266 268 NA 130 277 274 NA 146 249 253 184 180 112 112 170 172 NA 276 
Ind972 144 132 266 266 122 124 NA 277 NA 140 NA 247 NA 174 167 169 NA 170 172 172 
Ind973 NA 132 266 266 126 128 274 274 146 134 247 251 174 172 116 169 NA 171 NA 170 
Ind974 128 140 266 266 124 124 277 274 143 143 NA 247 180 180 NA 112 NA 168 NA 270 
Ind975 128 140 266 266 124 130 277 274 143 146 NA 247 180 180 NA 112 NA 169 NA 280 
Ind976 144 134 268 266 NA 130 274 274 NA 140 NA 255 188 186 114 112 189 168 290 280 
Ind977 144 144 268 266 NA 126 274 274 NA 140 NA 247 188 186 114 112 189 168 290 276 
Ind978 NA 132 NA 266 124 124 274 277 NA 140 NA 247 186 184 NA 112 168 174 272 276 
Ind979 138 132 NA 268 NA 124 NA 274 NA 164 NA 247 NA 154 NA 112 169 175 176 276 
Ind980 138 132 NA 266 NA 126 NA 277 NA 164 NA 247 NA 174 NA 112 169 175 176 172 
Ind981 NA 160 266 266 130 124 274 274 140 143 241 241 168 186 112 112 187 174 278 176 
Ind982 140 140 266 266 NA 126 274 274 152 134 241 235 NA 182 114 169 NA 166 NA 268 
Ind983 140 146 266 266 NA 126 274 274 152 152 241 235 NA 182 114 169 NA 170 NA 268 
Ind984 NA 132 266 266 124 126 274 274 NA 146 NA 245 174 176 NA 165 168 170 NA 268 
Ind985 138 140 266 268 NA 124 NA 274 143 149 NA 247 NA 174 169 114 169 170 NA 180 
Ind986 138 142 266 266 NA 130 NA 277 143 134 NA 247 NA 174 169 114 169 170 NA 180 
Ind987 NA 134 266 266 NA 126 NA 274 NA 146 NA 249 186 176 169 114 171 171 280 276 
Ind988 132 138 268 266 130 124 274 274 NA 146 257 235 172 172 114 171 NA 172 268 278 
Ind989 132 138 268 266 130 124 274 274 NA 140 257 235 172 172 114 171 NA 172 268 278 
Ind990 138 134 NA 266 122 130 274 277 146 134 255 259 NA 180 NA 114 NA 172 NA 280 
Ind991 138 142 266 266 NA 122 274 274 143 143 NA 243 NA 178 NA 112 NA 172 174 268 
Ind992 132 132 NA 266 122 124 NA 274 143 146 235 241 176 168 114 177 NA 171 NA 268 
Ind993 132 138 NA 266 122 124 NA 274 143 140 235 237 176 168 114 177 NA 174 NA 268 
Ind994 138 136 268 268 130 130 274 274 152 146 247 241 NA 184 NA 169 NA 168 178 168 
Ind995 138 136 268 268 130 130 274 274 152 143 247 251 NA 174 NA 169 NA 168 178 168 
Ind996 NA 136 NA 266 NA 124 274 277 NA 140 NA 247 NA 182 NA 112 169 168 172 272 
Ind997 NA 134 266 266 NA 126 277 274 140 146 NA 241 166 178 114 110 NA 179 272 270 
Ind998 132 144 266 266 NA 130 274 277 NA 146 NA 241 NA 178 169 171 171 170 NA 270 
Ind999 144 132 266 266 126 126 NA 274 NA 134 247 243 168 176 112 112 187 169 270 280 
Ind1000 144 134 266 266 126 126 NA 274 NA 134 247 243 168 176 112 110 187 170 270 274 

0 0 !Probabilities that the father and mother of an offspring included in candidates
0 0 !Numbers of candidate males and females



0 0 !Number of known paternities

0 0 !Number of known maternities

0 !Number of known paternal sibships with unknown fathers

0  !Number of known maternal sibships with unknown mothers

0  !Number of offspring with known excluded paternity

0  !Number of offspring with known excluded maternity

0  !Number of offspring with known excluded paternal sibships

0  !Number of offspring with known excluded maternal sibships

