mixtus_pp0.6 ! C, Dataset name, Length<51
mixtus_pp0.6 ! C, Main output file name, Length<21
1000 ! I, Number of offspring in the sample
10 ! I, Number of loci
123 ! I, Seed for random number generator
0 ! B, 0/1=Not updating/updating allele frequency
2 ! 2/1=Dioecious/Monoecious
0 ! 0/1=No inbreeding/inbreeding
1 ! B, 0/1=Diploid species/HaploDiploid species
1 0 ! B, 0/1=Polygamy/Monogamy for males & females
0 ! 0/1=No clone inference/clone inference
0 ! 0/1=No scaling/sibship size scaling
0 0 0 ! B, R, R : Use sibship prior, Y/N=1/0. If Yes, give mean paternal, maternal sibship size
0 ! B, 0/1=Unknown/Known population allele frequency

1 ! I, Number of runs
3 ! I, Length of Run (1, 2, 3) = (Short, Medium, Long)
1 ! B, 0/1=Monitor method by Iterate#/Time in second
60 ! I, Monitor interval in Iterate#/Seconds
0 ! B, 0/1=Other platform/Windows execution
1 ! 1/0=Full-likelihood/pairwise-likelihood score method
3 ! 1/2/3=low/medium/high precision


BT10 BTMS0057 BTMS0086 BTMS0066 BTMS0062 BTMS0136 BTMS0126 BL13 BTMS0083 B126 !Marker IDs
0 0 0 0 0 0 0 0 0 0 !Marker types, 0/1=Codominant/Dominant
0 0 0 0 0 0 0 0 0 0 !Marker-specific allelic dropout rate
0 0 0 0 0 0 0 0 0 0 !Other marker-specific typing-error rate


Ind1 132 144 NA 266 126 122 274 274 146 134 NA 245 NA 170 167 169 174 174 NA 268 !Offspring ID and genotypes
Ind2 NA 140 266 266 122 126 274 274 NA 146 235 241 NA 188 NA 110 173 172 276 172 
Ind3 140 134 NA 266 130 124 274 274 NA 146 NA 243 NA 168 169 167 NA 164 NA 170 
Ind4 140 140 NA 266 130 124 274 274 NA 146 NA 243 NA 170 169 167 NA 168 NA 170 
Ind5 134 132 266 266 NA 128 NA 274 146 140 NA 243 NA 178 NA 110 170 168 NA 172 
Ind6 132 144 266 266 122 126 274 274 NA 146 273 255 NA 182 112 169 170 167 NA 276 
Ind7 NA 138 266 266 NA 122 274 277 134 134 243 251 160 182 NA 167 169 170 NA 176 
Ind8 NA 138 266 266 NA 122 274 274 134 134 243 255 160 182 NA 165 169 168 NA 176 
Ind9 NA 134 268 266 122 126 NA 274 NA 146 243 241 NA 190 169 112 169 171 NA 270 
Ind10 NA 134 268 266 NA 126 277 274 146 143 251 247 178 180 112 167 175 170 NA 268 
Ind11 144 132 266 266 NA 124 NA 274 143 146 239 261 186 168 NA 112 175 169 NA 276 
Ind12 NA 136 NA 266 128 130 NA 274 149 134 NA 241 190 170 112 167 187 173 NA 168 
Ind13 NA 132 266 266 NA 124 NA 277 146 122 NA 241 NA 176 165 167 NA 175 NA 192 
Ind14 NA 140 NA 266 NA 126 274 274 NA 134 243 241 NA 172 NA 114 175 171 NA 182 
Ind15 NA 130 NA 266 NA 128 NA 274 NA 146 NA 251 NA 174 NA 112 170 169 NA 176 
Ind16 NA 130 NA 266 NA 128 NA 274 NA 143 NA 245 NA 178 NA 112 170 169 NA 176 
Ind17 NA 134 NA 266 NA 126 NA 274 NA 146 259 243 NA 170 114 165 NA 168 NA 280 
Ind18 NA 134 NA 266 NA 126 NA 274 NA 149 259 243 NA 170 114 165 NA 177 NA 280 
Ind19 NA 134 NA 266 NA 126 NA 274 NA 149 259 243 NA 170 114 116 NA 177 NA 280 
Ind20 134 138 266 266 NA 126 274 274 NA 143 NA 241 172 182 NA 106 158 167 NA 270 
Ind21 146 144 NA 266 NA 130 274 274 137 146 NA 243 NA 184 NA 169 NA 172 NA 178 
Ind22 146 144 NA 266 NA 130 274 274 137 146 NA 243 NA 184 NA 112 NA 172 NA 178 
Ind23 NA 132 266 268 NA 124 NA 274 NA 149 255 243 NA 176 NA 169 NA 172 NA 172 
Ind24 NA 132 266 266 NA 128 NA 274 NA 149 255 241 NA 176 NA 169 NA 173 NA 172 
Ind25 NA 140 NA 266 124 124 274 274 NA 155 247 245 186 182 NA 167 NA 170 NA 276 
Ind26 NA 132 266 268 NA 126 274 274 143 146 NA 245 NA 154 NA 169 NA 173 NA 276 
Ind27 NA 142 NA 268 NA 122 NA 274 NA 134 245 241 182 170 NA 169 170 168 NA 270 
Ind28 NA 142 NA 266 NA 122 NA 274 NA 134 245 241 182 170 NA 114 170 168 NA 270 
Ind29 NA 148 NA 266 NA 122 NA 274 NA 134 245 241 182 170 NA 114 170 168 NA 270 
Ind30 NA 130 266 266 NA 132 274 277 NA 143 NA 279 184 180 167 114 NA 181 NA 172 
Ind31 NA 132 NA 268 130 130 NA 274 146 146 NA 241 NA 172 169 114 NA 167 NA 176 
Ind32 NA 138 NA 266 NA 122 274 274 NA 134 NA 251 NA 170 112 114 NA 177 NA 172 
Ind33 128 134 NA 266 NA 126 NA 274 140 146 241 241 NA 174 110 116 NA 170 NA 170 
Ind34 128 134 NA 266 NA 126 NA 274 140 146 241 241 NA 174 110 112 NA 177 NA 170 
Ind35 128 134 NA 266 NA 126 NA 274 140 146 241 241 NA 180 110 116 NA 170 NA 170 
Ind36 128 134 NA 266 NA 126 NA 274 140 146 241 241 NA 174 110 112 NA 170 NA 170 
Ind37 136 134 NA 266 128 126 274 274 146 146 NA 243 NA 174 112 112 NA 168 276 268 
Ind38 136 134 NA 266 128 130 274 277 146 146 NA 243 NA 178 112 163 NA 174 276 172 
Ind39 136 132 NA 266 NA 122 274 277 NA 146 NA 241 NA 176 NA 167 NA 170 172 272 
Ind40 NA 144 NA 266 126 124 277 274 NA 143 273 251 NA 174 169 165 170 168 NA 280 
Ind41 144 132 NA 266 128 126 277 274 NA 140 NA 259 NA 184 NA 169 NA 175 NA 176 
Ind42 NA 150 NA 266 128 130 NA 277 NA 146 243 251 NA 174 NA 167 NA 172 NA 268 
Ind43 NA 138 NA 266 128 130 NA 274 NA 161 243 243 NA 174 NA 114 NA 172 NA 268 
Ind44 NA 132 NA 266 NA 124 NA 274 137 146 NA 235 180 176 NA 169 NA 173 268 280 
Ind45 NA 130 NA 266 NA 124 NA 274 146 143 255 243 NA 178 114 169 167 170 176 172 
Ind46 NA 130 NA 266 NA 130 NA 274 146 143 255 263 NA 178 114 169 167 170 176 172 
Ind47 NA 130 NA 266 NA 124 NA 274 146 149 255 263 NA 178 114 169 167 177 176 276 
Ind48 NA 138 NA 266 124 128 274 274 NA 152 243 247 NA 186 108 167 181 175 NA 280 
Ind49 NA 134 NA 266 NA 124 NA 274 140 137 NA 255 180 172 NA 114 168 175 176 170 
Ind50 NA 132 NA 266 NA 124 NA 274 182 140 243 235 NA 168 NA 173 NA 170 NA 280 
Ind51 NA 132 266 268 NA 130 277 277 NA 134 263 241 NA 182 110 167 NA 175 NA 170 
Ind52 138 134 NA 266 NA 124 274 274 NA 140 NA 247 NA 170 169 169 170 170 194 272 
Ind53 NA 138 NA 266 126 130 NA 274 NA 176 NA 255 NA 182 167 167 NA 168 NA 276 
Ind54 144 138 266 266 NA 126 NA 274 NA 155 241 229 172 176 NA 165 171 167 NA 172 
Ind55 NA 140 NA 266 NA 128 NA 274 NA 143 257 241 NA 178 NA 169 171 172 278 268 
Ind56 NA 140 NA 266 NA 122 NA 277 NA 149 245 235 NA 178 NA 112 171 176 NA 170 
Ind57 NA 144 NA 266 NA 124 274 274 134 140 NA 249 172 182 NA 169 NA 170 NA 176 
Ind58 150 134 NA 266 NA 124 NA 274 NA 140 241 263 180 176 167 169 168 174 268 170 
Ind59 NA 140 NA 268 128 124 NA 274 NA 149 NA 249 NA 176 114 114 NA 171 NA 178 
Ind60 132 134 NA 266 NA 130 274 274 NA 134 245 247 NA 176 167 169 NA 171 176 170 
Ind61 132 134 NA 266 NA 130 274 274 NA 140 245 247 NA 176 167 167 NA 171 176 170 
Ind62 NA 152 266 266 130 124 277 274 NA 155 NA 241 NA 172 NA 112 NA 189 268 268 
Ind63 NA 128 NA 266 130 126 274 274 146 176 NA 235 NA 166 NA 167 185 168 172 268 
Ind64 140 134 266 268 124 124 277 274 143 146 243 241 NA 174 NA 167 170 171 NA 276 
Ind65 134 140 NA 266 NA 124 NA 274 NA 119 241 259 174 182 112 167 NA 169 276 170 
Ind66 134 140 NA 268 NA 130 NA 274 NA 119 241 259 174 182 112 167 NA 169 276 280 
Ind67 140 134 266 266 NA 122 NA 274 NA 146 NA 243 NA 176 112 167 169 168 276 280 
Ind68 NA 134 266 266 NA 126 NA 274 146 134 247 247 172 188 167 112 NA 170 NA 176 
Ind69 132 134 NA 266 NA 126 274 274 NA 146 NA 243 NA 182 NA 112 179 170 190 170 
Ind70 NA 132 NA 266 122 124 277 277 NA 170 NA 235 NA 186 NA 114 171 169 NA 180 
Ind71 NA 160 NA 266 NA 126 274 274 NA 140 NA 255 NA 178 NA 110 NA 170 NA 268 
Ind72 NA 142 NA 266 126 122 274 274 NA 146 NA 259 NA 190 NA 167 NA 177 NA 192 
Ind73 NA 142 NA 266 126 122 274 274 NA 146 NA 241 NA 172 NA 112 NA 177 NA 170 
Ind74 NA 140 NA 266 NA 128 NA 274 167 146 NA 235 NA 176 112 110 173 169 NA 268 
Ind75 NA 136 266 268 128 130 NA 274 137 143 247 241 170 176 110 112 169 168 268 170 
Ind76 138 132 266 266 NA 130 277 274 146 146 NA 247 NA 170 NA 167 NA 177 NA 170 
Ind77 138 148 NA 266 122 128 NA 274 NA 155 NA 261 NA 168 165 112 NA 171 NA 272 
Ind78 NA 138 266 266 NA 124 NA 277 146 146 NA 245 NA 176 NA 112 175 169 278 174 
Ind79 NA 134 NA 266 124 130 NA 274 NA 146 255 243 NA 182 NA 112 NA 170 268 174 
Ind80 NA 134 266 266 NA 124 NA 277 143 140 NA 269 NA 172 167 169 NA 167 NA 276 
Ind81 NA 134 268 266 126 128 NA 274 146 143 NA 241 176 192 NA 169 NA 172 NA 174 
Ind82 NA 140 NA 266 NA 122 NA 274 146 146 247 243 NA 182 114 114 NA 169 NA 172 
Ind83 140 132 268 266 NA 128 NA 274 NA 146 NA 241 NA 186 NA 112 171 170 NA 268 
Ind84 NA 140 NA 266 124 126 NA 277 NA 137 259 257 NA 182 NA 165 NA 170 NA 270 
Ind85 NA 134 NA 266 126 126 NA 274 NA 143 261 235 NA 178 NA 114 NA 167 176 170 
Ind86 NA 140 NA 266 126 126 NA 274 NA 149 261 241 NA 184 NA 114 NA 167 176 170 
Ind87 NA 140 NA 266 126 122 NA 277 NA 143 261 235 NA 184 NA 114 NA 167 176 170 
Ind88 NA 142 NA 266 NA 128 NA 277 NA 137 247 259 NA 170 112 167 NA 170 NA 172 
Ind89 NA 142 NA 266 NA 122 NA 277 NA 140 247 259 NA 174 112 167 NA 171 NA 170 
Ind90 NA 132 NA 266 128 124 NA 274 146 134 235 251 NA 186 NA 169 170 173 NA 276 
Ind91 138 138 NA 266 130 126 NA 277 NA 140 NA 241 182 178 NA 112 NA 167 NA 272 
Ind92 140 140 NA 266 128 122 274 274 NA 146 NA 253 182 182 NA 112 169 166 276 268 
Ind93 NA 130 NA 266 126 130 NA 274 134 146 NA 241 NA 176 NA 116 NA 187 NA 170 
Ind94 NA 130 NA 266 126 128 NA 277 134 134 NA 241 NA 176 NA 116 NA 187 NA 170 
Ind95 132 144 NA 268 134 126 NA 274 146 146 NA 243 NA 180 167 108 NA 169 NA 172 
Ind96 NA 140 NA 266 NA 124 NA 274 NA 146 235 251 NA 176 NA 112 170 168 NA 268 
Ind97 NA 132 NA 266 NA 124 NA 277 NA 146 235 247 NA 176 NA 112 170 174 NA 268 
Ind98 144 144 NA 266 NA 126 NA 277 NA 158 NA 253 NA 172 NA 167 NA 170 178 194 
Ind99 NA 132 NA 266 124 124 NA 277 NA 149 241 241 NA 178 112 173 NA 175 268 176 
Ind100 134 152 NA 266 NA 128 NA 274 134 140 241 243 NA 188 163 116 NA 173 268 174 
Ind101 134 134 NA 266 NA 130 NA 274 134 146 241 243 NA 188 163 116 NA 173 268 170 
Ind102 134 134 NA 266 NA 130 NA 274 134 140 241 243 NA 188 163 116 NA 170 268 170 
Ind103 NA 134 NA 268 126 124 NA 274 155 149 NA 255 176 174 114 112 NA 172 NA 182 
Ind104 134 134 266 268 NA 130 274 274 146 140 279 243 NA 174 173 169 177 169 NA 268 
Ind105 134 138 266 268 NA 126 274 274 146 140 279 243 NA 180 173 169 177 177 NA 170 
Ind106 NA 128 NA 266 NA 130 NA 277 NA 146 245 235 NA 166 NA 169 172 169 NA 276 
Ind107 138 132 NA 266 NA 122 NA 274 NA 140 243 241 180 168 173 169 NA 179 NA 280 
Ind108 140 138 NA 266 NA 128 NA 274 NA 146 243 257 180 176 167 108 NA 171 NA 172 
Ind109 NA 142 NA 268 130 122 NA 274 134 137 NA 241 NA 180 NA 114 NA 177 NA 268 
Ind110 138 128 NA 266 NA 122 NA 274 NA 146 NA 241 NA 182 NA 110 NA 177 202 172 
Ind111 NA 132 266 266 NA 128 274 274 NA 143 241 263 184 182 167 114 171 169 NA 176 
Ind112 NA 138 266 266 NA 128 274 277 NA 143 241 263 184 182 167 114 171 168 NA 274 
Ind113 NA 138 266 266 NA 128 274 277 NA 143 241 241 184 176 167 114 171 168 NA 176 
Ind114 134 138 NA 266 NA 124 274 274 140 146 NA 247 180 172 NA 112 168 170 280 176 
Ind115 NA 140 266 266 NA 128 NA 274 NA 140 NA 243 172 184 NA 171 NA 170 NA 170 
Ind116 NA 140 NA 266 NA 122 277 274 NA 146 NA 289 170 174 NA 112 NA 170 172 176 
Ind117 150 134 NA 266 126 122 NA 274 146 143 NA 255 184 182 167 112 170 167 NA 276 
Ind118 NA 134 NA 266 NA 126 NA 277 NA 146 NA 253 NA 180 NA 112 171 168 188 170 
Ind119 138 142 266 266 NA 124 NA 277 NA 146 NA 241 186 184 NA 169 NA 170 174 180 
Ind120 134 142 268 266 126 126 NA 274 NA 143 257 251 NA 184 165 112 NA 174 176 172 
Ind121 NA 134 268 268 NA 116 274 277 140 146 NA 237 172 178 112 169 NA 169 178 278 
Ind122 NA 138 266 266 NA 126 277 277 NA 146 245 257 NA 180 NA 169 174 169 172 276 
Ind123 NA 138 268 266 NA 126 NA 274 146 146 NA 243 NA 168 NA 167 172 169 NA 268 
Ind124 NA 134 NA 268 126 132 274 274 NA 140 NA 237 182 170 108 167 169 174 NA 276 
Ind125 NA 134 266 266 130 124 NA 274 NA 146 NA 239 NA 184 110 169 NA 172 172 176 
Ind126 140 138 NA 266 NA 128 NA 274 113 143 231 241 NA 180 NA 169 168 187 NA 276 
Ind127 NA 136 NA 266 NA 130 NA 277 146 143 NA 241 NA 178 169 169 166 175 NA 268 
Ind128 NA 136 NA 266 NA 128 NA 277 146 140 NA 241 NA 178 169 169 166 166 NA 268 
Ind129 NA 136 NA 266 NA 130 NA 274 146 143 NA 241 NA 190 169 112 166 166 NA 172 
Ind130 NA 134 NA 266 NA 122 274 274 NA 146 NA 241 NA 184 175 169 170 168 NA 276 
Ind131 NA 134 NA 266 NA 122 274 274 NA 119 NA 241 NA 172 175 169 170 170 NA 276 
Ind132 134 142 NA 266 NA 128 274 274 146 146 NA 273 176 184 112 112 NA 172 NA 170 
Ind133 NA 132 NA 266 130 122 NA 274 146 146 269 245 172 168 NA 112 172 168 274 274 
Ind134 NA 138 NA 266 NA 126 NA 277 NA 146 NA 235 168 174 NA 171 NA 170 NA 280 
Ind135 NA 138 NA 266 NA 128 NA 274 143 146 249 245 NA 176 167 114 NA 170 NA 276 
Ind136 144 132 NA 266 NA 128 NA 274 143 143 251 259 NA 180 NA 173 NA 177 NA 282 
Ind137 144 132 NA 266 NA 128 NA 277 143 143 251 247 NA 180 NA 173 NA 177 NA 282 
Ind138 138 132 NA 266 132 122 274 274 NA 146 251 235 NA 186 112 112 NA 168 NA 178 
Ind139 134 134 NA 266 NA 130 NA 277 NA 146 231 255 172 164 NA 116 170 172 270 182 
Ind140 134 134 NA 266 NA 130 NA 277 NA 146 231 255 172 164 NA 116 170 172 270 170 
Ind141 140 140 266 266 NA 122 NA 277 146 143 229 243 NA 180 NA 173 168 170 170 268 
Ind142 NA 138 NA 268 122 124 274 274 NA 134 NA 241 168 178 112 112 NA 169 276 276 
Ind143 140 150 NA 266 NA 126 NA 274 143 134 241 243 166 162 NA 169 NA 173 NA 270 
Ind144 144 136 NA 266 NA 126 NA 274 NA 146 NA 267 NA 168 169 112 NA 179 176 170 
Ind145 144 136 NA 268 NA 124 NA 274 NA 146 NA 267 NA 168 169 110 NA 173 176 174 
Ind146 NA 136 266 266 124 128 NA 274 NA 161 NA 251 182 186 112 112 168 168 176 276 
Ind147 NA 140 266 266 124 126 NA 274 NA 146 NA 243 182 186 112 112 168 172 176 276 
Ind148 NA 144 266 266 NA 126 NA 274 NA 143 NA 253 184 178 169 114 NA 174 NA 176 
Ind149 NA 132 266 266 NA 126 NA 274 NA 143 NA 241 184 178 169 177 NA 174 NA 280 
Ind150 NA 142 266 266 128 128 NA 277 NA 146 NA 251 NA 186 167 110 NA 170 NA 272 
Ind151 NA 134 NA 266 126 128 NA 274 NA 140 255 259 174 186 171 110 NA 168 NA 280 
Ind152 138 142 NA 266 122 132 NA 274 146 146 255 241 174 178 NA 163 170 171 NA 172 
Ind153 NA 138 NA 266 NA 128 NA 274 NA 140 NA 241 NA 168 NA 171 171 169 NA 268 
Ind154 NA 130 NA 266 NA 128 NA 274 NA 125 NA 257 NA 174 NA 171 171 170 NA 172 
Ind155 NA 134 NA 268 NA 124 NA 274 NA 140 NA 243 176 170 NA 169 NA 171 NA 270 
Ind156 NA 134 NA 268 NA 124 NA 274 NA 140 NA 247 176 170 NA 167 NA 171 NA 174 
Ind157 NA 140 NA 266 128 128 277 277 146 146 NA 241 NA 188 112 112 NA 171 NA 174 
Ind158 NA 140 NA 266 128 128 277 277 146 143 NA 241 NA 188 112 114 NA 171 NA 172 
Ind159 134 142 266 266 NA 124 NA 274 140 146 235 245 NA 184 NA 112 168 174 174 188 
Ind160 134 134 266 268 NA 128 274 274 134 146 NA 235 NA 178 NA 108 173 177 NA 178 
Ind161 160 144 NA 266 NA 128 274 274 143 146 NA 259 NA 180 114 171 NA 169 268 280 
Ind162 160 134 NA 266 NA 128 274 274 143 146 NA 259 NA 180 114 171 NA 169 268 280 
Ind163 140 134 NA 266 NA 128 274 274 NA 146 241 243 164 176 167 108 NA 171 178 280 
Ind164 140 134 NA 266 NA 124 274 274 NA 146 241 241 164 182 167 108 NA 171 178 170 
Ind165 134 128 266 266 128 122 NA 274 NA 149 NA 247 178 184 NA 169 169 169 NA 172 
Ind166 138 134 NA 266 124 130 NA 274 140 143 243 241 166 176 114 112 NA 168 NA 172 
Ind167 NA 134 NA 266 NA 130 NA 277 NA 134 255 251 NA 172 116 112 NA 179 276 168 
Ind168 134 138 266 266 NA 132 NA 274 NA 146 243 241 NA 176 112 169 NA 172 276 172 
Ind169 NA 134 NA 266 NA 122 NA 277 143 146 NA 255 NA 180 167 169 NA 171 276 178 
Ind170 NA 140 NA 266 NA 130 NA 274 146 146 NA 251 NA 170 NA 112 170 170 278 278 
Ind171 132 136 NA 266 NA 124 NA 274 NA 113 NA 241 186 186 NA 167 169 168 NA 172 
Ind172 132 136 NA 266 NA 124 NA 277 NA 140 NA 241 186 186 NA 167 169 168 NA 172 
Ind173 NA 134 266 266 NA 128 274 274 NA 146 NA 255 NA 180 108 167 NA 169 NA 268 
Ind174 NA 134 266 266 NA 130 274 274 NA 140 NA 255 NA 178 108 167 NA 169 NA 268 
Ind175 NA 144 NA 266 NA 122 NA 274 146 134 251 247 NA 184 NA 167 NA 169 NA 276 
Ind176 NA 134 NA 266 NA 124 277 277 NA 137 241 235 NA 182 NA 112 NA 169 NA 174 
Ind177 142 132 266 266 126 128 277 274 NA 146 NA 243 NA 186 NA 171 NA 170 NA 278 
Ind178 142 132 266 268 126 128 277 274 NA 146 NA 243 NA 176 NA 114 NA 170 NA 278 
Ind179 NA 138 NA 266 124 128 NA 274 146 143 NA 247 176 172 NA 171 171 171 172 172 
Ind180 130 134 NA 266 124 124 NA 274 NA 146 NA 231 170 176 NA 165 168 174 NA 182 
Ind181 134 134 NA 268 124 124 NA 274 143 143 NA 239 NA 180 NA 167 NA 166 NA 270 
Ind182 134 134 NA 268 124 132 NA 277 143 143 NA 239 NA 172 NA 167 NA 166 NA 268 
Ind183 NA 172 NA 268 124 124 277 274 146 140 NA 235 NA 186 112 171 NA 187 NA 172 
Ind184 NA 172 NA 268 124 124 277 274 146 140 NA 257 NA 186 112 112 NA 170 NA 172 
Ind185 134 140 266 266 NA 124 NA 277 NA 134 NA 243 NA 176 NA 110 NA 170 178 270 
Ind186 NA 138 266 266 NA 122 NA 274 NA 140 NA 245 NA 174 165 110 NA 169 280 280 
Ind187 NA 134 266 266 130 122 NA 274 NA 125 NA 255 172 178 114 112 177 170 NA 190 
Ind188 NA 132 266 266 NA 130 NA 274 NA 134 255 241 182 176 NA 110 NA 174 170 280 
Ind189 142 144 266 266 NA 126 274 274 NA 161 267 235 NA 176 114 167 NA 169 NA 176 
Ind190 142 166 266 266 NA 126 274 274 NA 161 267 243 NA 176 114 169 NA 169 NA 176 
Ind191 142 144 266 266 NA 130 274 277 NA 146 267 235 NA 176 114 169 NA 169 NA 276 
Ind192 NA 138 266 266 128 126 277 274 146 146 NA 251 166 172 NA 108 NA 171 NA 276 
Ind193 140 128 NA 266 NA 122 NA 274 NA 140 NA 267 184 182 NA 112 169 187 NA 180 
Ind194 134 136 NA 268 NA 126 NA 274 NA 143 259 243 NA 176 NA 169 NA 170 NA 174 
Ind195 NA 138 NA 266 128 126 274 274 134 137 NA 243 174 180 NA 114 NA 170 NA 270 
Ind196 NA 142 268 266 122 120 NA 274 NA 140 247 247 170 172 NA 169 NA 170 NA 276 
Ind197 NA 142 268 268 122 120 NA 274 NA 140 247 243 170 172 NA 169 NA 170 NA 268 
Ind198 NA 142 NA 266 124 130 NA 274 146 146 249 273 180 168 NA 169 NA 168 NA 172 
Ind199 NA 168 NA 268 NA 122 NA 274 182 146 235 259 NA 172 NA 167 170 173 NA 276 
Ind200 138 140 NA 266 NA 124 274 274 140 149 257 249 NA 172 NA 112 158 170 174 174 
Ind201 134 140 NA 266 128 130 NA 274 NA 143 NA 249 172 180 NA 167 NA 168 NA 280 
Ind202 NA 138 NA 266 NA 130 NA 277 149 143 235 243 NA 182 NA 167 NA 170 190 276 
Ind203 134 140 268 266 126 128 277 274 146 134 NA 269 174 180 165 112 NA 169 172 280 
Ind204 140 138 NA 266 NA 122 274 274 NA 134 NA 255 NA 172 NA 169 NA 169 NA 170 
Ind205 136 128 NA 266 NA 130 274 274 NA 140 NA 243 170 168 NA 112 169 168 174 274 
Ind206 140 128 266 266 NA 128 NA 274 NA 143 NA 243 174 172 167 165 NA 170 NA 276 
Ind207 NA 134 266 266 NA 126 277 277 NA 152 NA 253 172 178 167 112 171 187 NA 276 
Ind208 NA 144 NA 266 126 122 NA 274 NA 137 NA 243 NA 182 112 169 NA 171 NA 270 
Ind209 NA 132 266 266 NA 128 NA 274 143 143 241 249 NA 178 169 169 NA 170 274 172 
Ind210 NA 134 NA 266 130 124 277 274 149 146 241 243 NA 178 112 169 170 170 NA 168 
Ind211 134 134 266 266 NA 130 274 274 NA 140 241 261 NA 176 NA 167 NA 169 NA 178 
Ind212 NA 132 NA 268 NA 128 NA 274 140 146 243 241 178 182 NA 114 NA 171 NA 280 
Ind213 NA 136 NA 266 128 126 NA 274 146 143 255 249 NA 166 177 110 NA 169 170 172 
Ind214 NA 134 266 266 NA 130 NA 274 137 146 NA 251 NA 178 NA 169 NA 175 NA 176 
Ind215 NA 152 266 268 124 126 274 277 NA 125 NA 273 178 172 NA 112 NA 168 174 168 
Ind216 NA 142 NA 266 NA 124 274 277 146 146 NA 241 172 188 NA 112 170 168 NA 172 
Ind217 134 136 NA 266 NA 126 274 274 NA 119 NA 247 NA 170 NA 169 NA 173 276 176 
Ind218 130 142 NA 266 NA 126 NA 274 NA 146 NA 241 186 172 112 110 NA 172 NA 176 
Ind219 136 138 NA 266 NA 128 NA 274 149 134 235 241 NA 172 112 177 175 169 NA 176 
Ind220 132 134 266 266 NA 128 277 274 146 143 NA 247 176 172 NA 167 NA 170 270 190 
Ind221 132 134 266 266 NA 130 277 274 146 143 NA 247 176 176 NA 167 NA 170 270 190 
Ind222 132 152 NA 266 NA 126 277 274 NA 146 NA 243 NA 186 114 112 NA 171 294 170 
Ind223 NA 144 NA 266 122 124 277 274 146 146 NA 243 172 182 NA 112 NA 185 NA 270 
Ind224 NA 134 NA 266 122 124 277 274 146 146 NA 243 172 182 NA 112 NA 185 NA 270 
Ind225 130 144 NA 266 128 130 NA 274 NA 152 NA 247 NA 182 114 112 NA 170 174 278 
Ind226 142 138 NA 266 NA 128 277 274 146 158 NA 251 NA 176 NA 169 NA 173 288 168 
Ind227 134 128 NA 266 124 128 277 277 NA 140 NA 247 NA 168 173 169 185 171 NA 270 
Ind228 134 134 NA 266 124 126 277 277 NA 143 NA 247 NA 168 173 169 185 171 NA 172 
Ind229 NA 134 NA 266 NA 126 NA 274 NA 140 243 241 NA 168 NA 110 NA 169 178 178 
Ind230 NA 140 NA 266 126 126 274 274 NA 140 245 241 NA 182 171 112 169 170 176 270 
Ind231 NA 132 268 266 NA 126 NA 274 NA 146 NA 249 NA 170 NA 114 NA 187 272 268 
Ind232 134 132 NA 266 NA 128 274 274 NA 143 257 253 NA 170 112 110 168 171 278 172 
Ind233 134 132 NA 266 NA 128 274 277 NA 137 257 253 NA 178 112 116 168 173 278 172 
Ind234 NA 134 266 266 NA 126 274 274 NA 182 255 241 NA 174 NA 167 NA 168 NA 170 
Ind235 NA 132 266 266 128 122 NA 274 NA 140 251 243 186 170 169 167 166 170 NA 270 
Ind236 NA 140 NA 266 124 124 274 274 NA 143 NA 241 172 172 NA 169 170 172 NA 176 
Ind237 NA 144 NA 266 132 130 NA 274 137 143 NA 251 NA 168 169 112 169 170 174 276 
Ind238 NA 142 NA 266 NA 128 NA 274 146 146 241 251 NA 172 116 167 168 175 NA 270 
Ind239 NA 134 266 266 NA 126 NA 274 NA 137 NA 235 170 182 NA 112 NA 168 178 280 
Ind240 NA 134 266 266 NA 130 274 274 146 146 235 263 168 174 NA 114 NA 175 268 174 
Ind241 134 138 266 268 NA 124 NA 274 134 143 NA 251 174 174 NA 171 NA 168 178 276 
Ind242 NA 132 268 266 126 124 NA 274 140 140 NA 243 NA 180 NA 171 NA 169 NA 268 
Ind243 NA 132 NA 266 NA 130 274 274 NA 119 241 243 NA 186 NA 169 NA 177 270 268 
Ind244 NA 144 NA 266 NA 130 NA 277 NA 146 NA 267 178 180 NA 171 NA 187 272 170 
Ind245 NA 132 NA 266 122 122 NA 274 NA 140 NA 253 NA 176 108 169 168 170 NA 280 
Ind246 NA 138 NA 266 NA 124 NA 277 NA 152 249 247 170 172 NA 110 175 168 NA 170 
Ind247 128 136 266 266 NA 124 NA 274 NA 119 NA 235 NA 178 114 112 NA 175 NA 176 
Ind248 128 136 266 266 NA 128 NA 274 NA 119 NA 235 NA 178 114 114 NA 175 NA 176 
Ind249 134 132 NA 266 NA 130 274 274 146 143 NA 237 NA 178 173 112 NA 177 NA 170 
Ind250 132 140 266 268 NA 126 274 274 146 149 NA 267 NA 178 163 112 NA 169 NA 268 
Ind251 NA 140 NA 268 NA 126 NA 274 146 140 NA 251 174 166 112 165 NA 171 NA 276 
Ind252 NA 144 NA 266 NA 126 NA 274 NA 113 239 245 182 182 167 116 169 169 NA 168 
Ind253 NA 144 NA 268 NA 124 274 274 NA 143 NA 253 NA 174 NA 173 172 173 NA 280 
Ind254 NA 144 NA 266 NA 124 274 274 NA 137 NA 241 NA 174 NA 173 172 173 NA 280 
Ind255 134 134 NA 268 NA 122 NA 274 NA 146 239 257 NA 182 169 110 NA 169 176 276 
Ind256 NA 132 NA 266 126 126 NA 274 146 146 NA 241 NA 180 NA 169 NA 170 172 274 
Ind257 NA 134 NA 268 124 124 NA 277 143 134 NA 241 NA 176 NA 167 168 170 276 276 
Ind258 138 132 268 266 130 132 NA 274 NA 146 NA 243 178 176 NA 114 NA 167 NA 170 
Ind259 132 138 NA 266 NA 126 NA 277 NA 146 NA 239 176 182 NA 169 168 170 NA 268 
Ind260 132 134 NA 266 NA 126 NA 277 NA 143 NA 241 176 176 NA 171 168 170 NA 178 
Ind261 NA 142 266 266 NA 116 274 274 NA 146 NA 241 176 170 NA 169 NA 176 NA 190 
Ind262 NA 134 NA 266 NA 126 274 274 NA 140 NA 239 NA 182 NA 167 NA 172 NA 276 
Ind263 NA 134 NA 266 NA 124 NA 277 NA 125 NA 245 168 174 112 114 169 174 176 172 
Ind264 NA 144 268 266 NA 128 274 274 NA 140 257 259 176 174 175 112 NA 168 280 176 
Ind265 NA 132 NA 266 NA 124 274 274 134 146 NA 253 172 178 112 114 NA 170 174 270 
Ind266 NA 132 NA 266 NA 124 NA 274 NA 146 273 241 NA 176 112 114 168 168 NA 176 
Ind267 NA 138 NA 266 128 124 NA 277 134 140 247 255 NA 168 116 114 172 169 172 270 
Ind268 NA 134 266 266 126 126 NA 274 140 140 NA 243 182 170 112 112 NA 168 176 174 
Ind269 132 132 266 266 NA 122 277 274 NA 140 NA 243 NA 178 167 114 175 171 NA 268 
Ind270 134 138 266 266 NA 132 274 274 NA 146 NA 239 168 154 NA 169 NA 168 172 276 
Ind271 128 138 266 266 NA 124 274 274 140 146 235 241 NA 174 112 167 171 168 NA 198 
Ind272 128 140 266 266 NA 122 274 277 140 146 235 251 NA 174 112 112 171 168 NA 198 
Ind273 128 140 266 266 NA 122 274 274 140 143 235 241 NA 174 112 112 171 169 NA 198 
Ind274 NA 132 266 266 NA 130 277 274 NA 146 NA 243 NA 178 NA 112 NA 175 NA 268 
Ind275 NA 140 NA 266 NA 126 274 277 NA 146 NA 243 NA 184 NA 112 NA 168 276 172 
Ind276 134 134 NA 266 NA 126 NA 277 NA 119 NA 249 NA 172 NA 169 NA 170 NA 268 
Ind277 NA 138 NA 266 122 128 NA 274 NA 143 NA 253 176 184 112 110 168 173 NA 276 
Ind278 144 134 NA 266 122 128 NA 274 NA 134 NA 241 NA 180 167 112 NA 175 NA 170 
Ind279 134 134 NA 268 NA 126 NA 277 NA 134 NA 235 NA 168 NA 112 168 171 NA 170 
Ind280 NA 140 NA 266 NA 124 274 274 NA 143 NA 241 NA 174 NA 112 NA 172 NA 268 
Ind281 NA 134 NA 266 NA 130 274 274 146 134 NA 241 NA 172 165 112 170 176 NA 174 
Ind282 NA 134 NA 266 NA 128 274 274 146 119 NA 241 NA 172 165 165 170 176 NA 178 
Ind283 NA 136 NA 268 130 130 NA 274 146 143 243 241 NA 186 165 112 171 172 NA 178 
Ind284 134 144 NA 266 126 128 NA 277 140 140 NA 233 174 168 NA 169 187 167 NA 276 
Ind285 NA 130 266 266 NA 124 NA 277 149 152 241 241 154 168 NA 167 172 172 274 270 
Ind286 NA 138 266 266 122 130 NA 277 NA 134 NA 245 NA 180 NA 165 NA 170 NA 268 
Ind287 NA 136 266 266 124 130 NA 277 NA 140 NA 243 176 186 NA 169 NA 171 NA 172 
Ind288 NA 136 266 266 124 128 NA 277 NA 140 NA 243 176 180 NA 169 NA 171 NA 280 
Ind289 148 134 NA 266 NA 124 NA 277 155 140 279 241 NA 178 169 179 181 169 NA 174 
Ind290 NA 146 NA 266 126 128 NA 274 146 146 247 251 NA 174 NA 114 172 172 172 176 
Ind291 NA 146 NA 266 126 128 NA 274 146 146 247 245 NA 176 NA 114 172 172 172 172 
Ind292 NA 144 NA 266 NA 128 277 274 140 146 NA 243 NA 174 NA 116 169 170 NA 270 
Ind293 NA 142 268 266 NA 124 274 274 NA 146 NA 261 NA 178 NA 165 169 179 NA 176 
Ind294 132 144 268 266 130 124 NA 277 NA 155 241 267 NA 178 NA 167 NA 167 NA 174 
Ind295 144 134 266 266 NA 132 NA 274 146 140 241 247 NA 168 NA 114 170 176 NA 272 
Ind296 NA 142 266 266 126 130 274 274 NA 155 NA 247 172 184 NA 167 NA 171 NA 268 
Ind297 132 136 NA 268 NA 126 NA 277 NA 146 NA 235 NA 180 169 169 172 172 180 176 
Ind298 NA 144 266 266 NA 124 NA 274 NA 146 247 251 NA 176 112 169 170 172 270 176 
Ind299 NA 142 268 266 NA 126 274 274 NA 137 NA 239 NA 176 NA 110 167 173 NA 172 
Ind300 NA 142 268 266 NA 126 274 274 NA 137 NA 239 NA 190 NA 110 167 171 NA 172 
Ind301 NA 128 NA 266 NA 130 NA 274 NA 146 NA 241 168 168 112 114 174 169 172 268 
Ind302 134 144 268 266 NA 126 NA 274 137 146 NA 253 NA 172 NA 169 167 187 NA 278 
Ind303 NA 138 266 268 NA 130 NA 274 143 134 247 235 NA 182 114 167 NA 171 268 170 
Ind304 NA 134 266 266 116 126 NA 274 NA 143 253 243 154 180 NA 165 NA 173 NA 170 
Ind305 NA 140 NA 266 NA 122 NA 274 143 134 243 243 176 174 NA 114 NA 170 172 272 
Ind306 NA 140 NA 268 NA 122 NA 274 143 134 243 257 176 174 NA 169 NA 170 172 276 
Ind307 NA 140 NA 268 NA 122 NA 274 143 143 243 243 176 174 NA 169 NA 170 172 272 
Ind308 NA 144 266 268 NA 126 NA 274 NA 146 247 243 NA 168 NA 110 177 187 NA 170 
Ind309 NA 132 266 268 NA 132 274 274 NA 176 NA 251 182 174 112 108 NA 173 170 270 
Ind310 NA 142 266 268 NA 126 274 274 NA 140 NA 247 NA 178 NA 169 NA 168 NA 276 
Ind311 NA 144 266 266 NA 126 274 274 NA 140 NA 235 NA 182 NA 112 NA 187 NA 172 
Ind312 NA 140 266 266 128 122 274 274 NA 146 NA 253 176 172 167 169 NA 168 270 280 
Ind313 NA 140 266 266 128 122 274 274 NA 146 NA 253 176 172 167 167 NA 168 270 272 
Ind314 NA 132 NA 266 130 130 NA 274 NA 146 NA 249 176 178 NA 167 170 169 182 270 
Ind315 NA 132 NA 266 130 124 NA 274 NA 146 NA 241 176 180 NA 167 170 169 182 270 
Ind316 NA 134 NA 266 NA 124 NA 274 134 146 NA 241 NA 170 114 112 NA 168 NA 280 
Ind317 NA 134 NA 266 NA 130 NA 274 155 143 NA 243 176 172 NA 112 NA 170 NA 278 
Ind318 138 134 266 266 NA 128 NA 274 146 191 259 247 186 176 NA 169 NA 172 NA 176 
Ind319 138 134 266 266 NA 128 NA 274 146 146 259 247 186 176 NA 112 NA 168 NA 176 
Ind320 138 134 266 266 NA 128 NA 274 146 146 259 247 186 170 NA 169 NA 172 NA 176 
Ind321 NA 144 NA 266 130 126 274 274 NA 167 NA 255 NA 178 112 114 168 173 NA 268 
Ind322 NA 132 NA 266 NA 126 NA 274 140 140 NA 243 NA 188 NA 118 170 170 NA 270 
Ind323 140 134 266 266 NA 122 NA 274 146 146 NA 239 NA 170 167 169 NA 169 NA 268 
Ind324 138 138 268 268 NA 122 NA 277 NA 140 NA 241 NA 174 NA 110 NA 174 NA 268 
Ind325 NA 142 266 266 128 130 NA 274 149 140 NA 241 174 178 NA 112 177 174 NA 172 
Ind326 136 128 NA 266 NA 124 NA 274 140 146 NA 255 NA 174 177 112 169 169 NA 170 
Ind327 NA 130 266 268 124 126 NA 274 NA 140 NA 231 NA 176 110 169 175 170 NA 174 
Ind328 134 134 NA 266 124 130 274 277 NA 149 NA 243 168 180 NA 169 NA 170 268 276 
Ind329 NA 134 NA 266 126 124 274 274 149 140 NA 257 NA 180 NA 112 NA 177 NA 268 
Ind330 130 140 266 266 NA 122 274 274 NA 146 247 251 NA 170 112 114 NA 173 172 178 
Ind331 NA 132 NA 266 NA 124 NA 277 149 134 NA 241 188 178 112 114 170 172 NA 276 
Ind332 NA 132 NA 266 NA 124 NA 277 149 134 NA 241 188 192 112 114 170 172 NA 174 
Ind333 134 134 NA 266 124 126 NA 274 143 146 251 253 NA 170 NA 112 NA 177 176 268 
Ind334 134 144 NA 266 124 124 NA 274 143 146 251 241 NA 170 NA 173 NA 170 176 280 
Ind335 134 134 NA 266 124 124 NA 274 143 146 251 241 NA 170 NA 173 NA 170 176 280 
Ind336 132 132 NA 266 NA 126 277 274 140 140 249 255 NA 186 NA 169 193 170 NA 174 
Ind337 NA 140 NA 266 NA 124 NA 274 149 140 NA 239 168 178 NA 112 NA 175 NA 176 
Ind338 NA 132 NA 266 NA 130 NA 274 143 143 NA 249 NA 184 NA 171 174 169 NA 280 
Ind339 NA 144 NA 266 NA 126 NA 274 NA 146 NA 245 176 176 167 114 NA 171 NA 270 
Ind340 132 132 NA 266 126 130 NA 274 137 143 NA 255 NA 174 NA 112 NA 174 NA 268 
Ind341 NA 134 NA 266 NA 130 277 274 149 143 NA 235 184 168 NA 167 NA 173 NA 172 
Ind342 NA 132 NA 266 NA 130 277 274 149 143 NA 261 184 180 NA 167 NA 173 NA 274 
Ind343 NA 160 268 266 126 124 277 274 NA 146 241 243 178 172 NA 165 NA 175 NA 270 
Ind344 134 142 NA 266 NA 128 NA 277 NA 143 235 241 170 180 171 167 NA 170 276 280 
Ind345 134 142 NA 266 NA 128 NA 277 NA 143 235 243 170 180 171 169 NA 170 276 176 
Ind346 134 138 NA 266 NA 128 NA 277 NA 143 235 241 170 184 171 169 NA 167 276 176 
Ind347 NA 130 NA 266 NA 124 NA 274 NA 134 NA 251 NA 174 NA 114 NA 187 NA 170 
Ind348 NA 134 NA 266 124 128 NA 274 NA 146 NA 247 NA 172 NA 169 NA 169 NA 174 
Ind349 NA 132 NA 266 NA 132 274 274 NA 140 NA 241 NA 176 NA 165 NA 176 NA 172 
Ind350 NA 132 NA 268 NA 124 274 274 NA 140 NA 255 NA 176 NA 165 NA 176 NA 282 
Ind351 NA 150 266 266 NA 126 NA 274 140 146 NA 257 NA 174 167 167 NA 176 NA 176 
Ind352 NA 134 266 268 126 124 NA 274 143 146 269 241 178 172 116 169 NA 167 NA 270 
Ind353 NA 134 NA 266 NA 126 NA 274 NA 140 NA 243 NA 154 NA 108 NA 172 268 178 
Ind354 NA 134 NA 266 128 126 NA 274 NA 134 NA 257 188 190 NA 167 NA 179 170 174 
Ind355 NA 132 266 268 130 126 NA 277 NA 134 245 243 180 176 NA 167 170 171 170 176 
Ind356 NA 134 NA 266 NA 126 NA 274 146 143 NA 241 NA 178 NA 112 NA 168 NA 276 
Ind357 142 128 266 268 NA 124 NA 274 NA 155 255 247 NA 180 114 112 NA 166 NA 172 
Ind358 NA 134 266 266 128 130 NA 274 137 146 NA 243 186 176 NA 112 NA 170 NA 272 
Ind359 NA 132 NA 266 NA 130 NA 274 146 137 241 241 184 192 116 167 NA 185 276 276 
Ind360 NA 128 NA 266 NA 130 NA 274 146 146 241 251 184 172 116 110 NA 169 276 276 
Ind361 NA 128 NA 266 NA 130 NA 274 146 146 241 251 184 172 116 167 NA 185 276 278 
Ind362 160 130 NA 266 NA 126 NA 277 146 143 NA 267 NA 174 108 114 NA 177 NA 278 
Ind363 NA 136 NA 266 NA 126 274 274 143 146 NA 241 172 176 112 169 NA 168 NA 270 
Ind364 128 132 NA 266 NA 130 NA 274 NA 146 269 255 NA 168 NA 112 NA 173 268 176 
Ind365 NA 144 266 266 NA 128 274 277 143 155 255 241 NA 172 167 165 NA 168 172 272 
Ind366 NA 132 NA 266 NA 126 274 274 NA 146 245 253 176 182 NA 169 NA 172 268 174 
Ind367 NA 144 NA 266 126 132 NA 277 NA 146 243 247 NA 176 167 112 NA 175 176 278 
Ind368 NA 140 266 266 NA 126 NA 274 140 140 NA 253 NA 190 NA 167 NA 185 NA 276 
Ind369 NA 134 NA 266 NA 126 NA 277 137 140 NA 241 NA 170 NA 112 168 166 NA 276 
Ind370 NA 138 NA 266 NA 130 NA 277 140 158 NA 251 168 176 169 177 NA 172 276 176 
Ind371 NA 144 NA 266 126 126 NA 274 NA 137 NA 241 NA 174 NA 173 173 172 170 168 
Ind372 134 132 NA 266 124 122 274 277 NA 146 NA 251 NA 184 114 167 167 168 NA 276 
Ind373 NA 136 NA 268 NA 128 NA 274 146 143 229 235 NA 166 NA 110 168 193 276 178 
Ind374 NA 132 NA 266 NA 128 NA 274 NA 146 NA 243 182 168 NA 167 185 185 272 172 
Ind375 NA 132 NA 266 124 124 NA 277 146 146 NA 245 NA 172 NA 116 NA 168 NA 176 
Ind376 NA 138 268 266 NA 124 NA 277 NA 146 NA 243 NA 170 169 112 NA 173 174 170 
Ind377 NA 144 NA 266 128 124 NA 274 NA 146 NA 249 180 176 NA 112 170 169 278 170 
Ind378 NA 134 NA 266 124 122 NA 274 NA 146 NA 243 NA 180 114 116 NA 187 NA 276 
Ind379 136 134 NA 266 124 130 NA 274 146 140 243 255 NA 176 118 114 177 168 NA 276 
Ind380 NA 142 266 266 124 124 NA 274 NA 146 NA 241 NA 172 NA 114 183 168 NA 276 
Ind381 NA 134 266 266 130 126 NA 274 146 146 245 241 NA 168 NA 167 189 169 NA 170 
Ind382 NA 140 266 266 NA 132 274 274 NA 146 NA 241 NA 178 NA 167 NA 168 NA 268 
Ind383 NA 132 NA 266 NA 122 NA 274 NA 143 241 243 176 176 112 112 187 169 280 174 
Ind384 130 140 NA 266 124 126 NA 277 140 134 NA 237 NA 178 112 167 NA 174 170 280 
Ind385 NA 134 266 266 NA 126 NA 274 119 146 NA 241 170 172 NA 112 176 169 NA 170 
Ind386 NA 132 NA 266 NA 130 NA 274 NA 143 255 235 196 168 NA 169 NA 170 178 270 
Ind387 NA 142 NA 266 NA 126 NA 274 NA 134 243 243 174 178 NA 112 NA 187 176 172 
Ind388 136 144 NA 268 NA 124 NA 274 146 146 243 241 NA 180 169 112 NA 173 NA 278 
Ind389 130 134 266 266 126 126 274 274 NA 143 NA 255 NA 178 112 167 NA 172 170 172 
Ind390 138 128 NA 268 128 122 NA 274 119 140 NA 239 176 180 NA 112 166 171 NA 280 
Ind391 NA 138 NA 266 NA 124 NA 274 NA 140 NA 243 NA 172 NA 169 168 172 280 268 
Ind392 NA 132 266 268 NA 126 274 274 NA 119 243 243 NA 180 165 169 NA 169 NA 280 
Ind393 NA 136 NA 266 NA 126 NA 274 NA 167 NA 243 NA 176 NA 169 NA 187 192 268 
Ind394 NA 132 NA 266 NA 122 274 274 143 155 241 235 184 166 167 167 173 168 NA 282 
Ind395 NA 142 266 266 126 124 NA 277 NA 146 269 239 NA 182 167 169 169 168 NA 174 
Ind396 NA 142 266 266 126 122 NA 277 NA 146 269 239 NA 182 167 169 169 168 NA 174 
Ind397 142 132 NA 266 124 126 NA 277 NA 176 NA 261 162 178 NA 114 175 168 NA 172 
Ind398 NA 132 NA 266 NA 126 274 274 140 146 NA 249 166 188 NA 171 167 189 170 174 
Ind399 NA 144 NA 266 NA 124 NA 274 NA 119 NA 251 170 174 NA 114 NA 176 NA 174 
Ind400 NA 134 NA 266 126 130 NA 274 NA 143 255 251 168 186 165 110 NA 168 NA 276 
Ind401 NA 140 NA 266 NA 128 NA 274 NA 146 NA 249 NA 174 NA 169 NA 172 NA 174 
Ind402 NA 144 NA 266 NA 130 274 277 NA 140 253 265 NA 184 108 169 170 172 NA 174 
Ind403 136 132 266 266 130 122 274 274 140 140 245 241 182 182 NA 167 172 170 NA 172 
Ind404 NA 132 NA 266 NA 124 NA 277 158 146 253 243 178 196 NA 114 NA 187 276 168 
Ind405 NA 132 NA 266 NA 126 NA 277 158 146 253 243 178 180 NA 114 NA 187 276 174 
Ind406 NA 132 266 266 132 126 NA 274 NA 140 NA 249 172 180 169 165 168 169 270 274 
Ind407 NA 136 NA 266 130 130 274 274 146 140 235 245 174 170 NA 114 NA 169 276 168 
Ind408 NA 136 266 266 NA 122 NA 274 140 140 NA 243 176 172 NA 167 171 167 NA 174 
Ind409 NA 146 266 266 NA 124 277 274 NA 134 NA 273 NA 176 NA 114 168 170 NA 276 
Ind410 NA 132 266 268 NA 126 NA 277 143 113 NA 241 186 172 NA 112 174 175 NA 190 
Ind411 134 132 NA 266 NA 130 NA 274 NA 134 253 243 168 174 110 112 NA 169 NA 268 
Ind412 144 142 266 266 NA 122 NA 277 146 146 NA 241 NA 172 NA 167 158 171 NA 276 
Ind413 144 142 266 266 NA 130 NA 277 146 146 NA 243 NA 172 NA 112 158 170 NA 168 
Ind414 NA 132 266 266 NA 126 NA 274 NA 134 NA 249 NA 182 NA 169 171 167 170 280 
Ind415 134 144 268 266 NA 126 NA 274 NA 140 NA 235 NA 176 NA 167 NA 170 268 176 
Ind416 NA 134 266 266 126 130 NA 274 NA 143 NA 251 176 176 112 114 170 168 176 176 
Ind417 NA 128 266 266 NA 124 274 277 167 146 NA 269 NA 184 NA 112 171 169 NA 172 
Ind418 134 144 268 268 124 126 274 277 143 146 NA 257 182 168 NA 169 187 170 NA 276 
Ind419 NA 134 NA 266 NA 130 NA 274 146 137 241 247 NA 178 NA 171 NA 168 NA 170 
Ind420 NA 132 266 266 NA 126 NA 277 NA 146 241 247 NA 172 NA 167 NA 168 NA 178 
Ind421 NA 134 NA 266 NA 122 NA 274 NA 137 NA 241 NA 176 112 167 NA 169 NA 176 
Ind422 NA 134 NA 266 126 124 NA 274 146 143 231 243 NA 186 NA 114 175 173 NA 174 
Ind423 138 140 266 266 130 130 NA 277 NA 146 231 245 NA 180 NA 167 NA 169 280 268 
Ind424 134 138 NA 266 128 122 274 274 NA 146 NA 241 184 176 112 167 NA 170 176 280 
Ind425 132 142 268 266 126 130 274 274 149 146 251 251 NA 188 NA 112 NA 170 270 172 
Ind426 NA 140 266 266 NA 128 NA 274 146 140 NA 243 NA 172 112 112 NA 170 NA 174 
Ind427 132 132 266 266 NA 122 NA 274 NA 149 NA 243 NA 174 112 110 NA 168 NA 268 
Ind428 134 132 NA 266 NA 128 277 277 155 143 NA 249 180 178 NA 110 NA 168 268 276 
Ind429 NA 140 NA 266 128 124 NA 277 143 149 243 243 184 174 114 116 NA 169 172 268 
Ind430 NA 134 NA 266 NA 130 NA 274 134 146 241 269 NA 178 163 169 NA 171 NA 276 
Ind431 NA 140 NA 266 NA 126 NA 274 NA 146 NA 255 NA 172 NA 112 166 170 NA 170 
Ind432 134 140 NA 266 NA 126 277 274 NA 146 235 239 NA 174 114 167 169 170 NA 274 
Ind433 NA 134 266 266 NA 126 NA 274 NA 146 NA 241 NA 178 114 169 169 179 NA 270 
Ind434 NA 138 266 266 NA 126 NA 274 NA 176 NA 241 NA 176 114 169 169 179 NA 270 
Ind435 NA 132 NA 266 126 130 NA 274 155 143 NA 241 NA 174 167 114 NA 172 NA 176 
Ind436 NA 134 NA 266 NA 128 NA 274 146 146 279 243 NA 176 112 169 NA 167 NA 276 
Ind437 134 140 268 266 NA 128 NA 274 NA 152 NA 247 NA 170 NA 177 NA 168 172 276 
Ind438 134 140 268 266 NA 128 NA 274 NA 140 NA 243 NA 170 NA 167 NA 174 172 176 
Ind439 NA 132 NA 266 130 126 NA 274 143 119 NA 241 174 186 167 112 168 175 NA 280 
Ind440 140 132 266 266 128 124 NA 274 NA 146 247 245 NA 170 171 167 NA 170 176 168 
Ind441 140 132 266 266 128 124 NA 274 NA 140 247 245 NA 170 171 167 NA 170 176 276 
Ind442 134 136 266 268 NA 124 NA 274 NA 140 NA 247 184 176 169 169 NA 175 176 178 
Ind443 142 134 266 266 128 124 NA 274 NA 146 NA 243 178 182 NA 112 NA 174 170 172 
Ind444 142 136 266 266 128 124 NA 274 NA 146 NA 243 178 178 NA 169 NA 174 170 172 
Ind445 142 136 266 266 128 132 NA 274 NA 146 NA 243 178 178 NA 112 NA 169 170 172 
Ind446 132 134 NA 266 NA 130 274 274 119 140 261 241 NA 176 112 112 173 174 NA 282 
Ind447 132 132 NA 266 NA 130 274 274 119 140 261 241 NA 172 112 112 173 174 NA 274 
Ind448 NA 134 266 266 130 126 NA 274 NA 146 243 243 NA 182 NA 114 NA 173 NA 274 
Ind449 NA 138 NA 266 NA 128 NA 277 146 143 NA 239 NA 178 NA 112 NA 174 NA 170 
Ind450 NA 138 266 266 NA 124 NA 274 NA 155 NA 249 178 182 NA 110 NA 173 NA 170 
Ind451 136 132 266 266 124 122 274 274 146 146 NA 241 NA 188 NA 167 168 170 NA 176 
Ind452 NA 140 268 266 128 122 277 277 NA 140 243 245 180 178 NA 171 169 177 NA 182 
Ind453 134 138 NA 268 126 128 274 274 NA 119 253 247 NA 176 114 112 NA 168 NA 170 
Ind454 140 134 NA 266 NA 124 277 274 167 146 NA 247 NA 178 169 165 NA 175 NA 190 
Ind455 140 134 NA 266 NA 124 NA 274 NA 140 235 251 186 182 167 169 NA 177 NA 280 
Ind456 140 128 NA 266 NA 124 NA 274 NA 140 235 255 186 176 167 112 NA 175 NA 178 
Ind457 NA 142 NA 266 NA 126 274 277 NA 146 243 241 NA 182 NA 116 NA 166 NA 170 
Ind458 NA 134 266 266 NA 128 NA 274 119 149 NA 243 NA 170 110 167 NA 172 NA 172 
Ind459 NA 134 266 266 NA 126 NA 274 119 149 NA 245 NA 170 110 114 NA 172 NA 280 
Ind460 132 140 NA 266 NA 128 NA 274 143 146 251 247 NA 176 112 114 169 172 276 280 
Ind461 140 134 266 266 NA 122 NA 277 134 146 NA 241 NA 174 NA 167 169 173 276 278 
Ind462 134 134 NA 266 NA 128 274 274 140 134 NA 273 NA 180 167 169 177 172 268 276 
Ind463 134 134 NA 266 NA 128 274 274 140 134 NA 273 NA 180 167 167 177 166 268 276 
Ind464 NA 134 266 266 NA 130 274 277 NA 146 241 241 184 170 112 171 178 168 NA 176 
Ind465 NA 144 NA 266 NA 124 277 274 NA 149 NA 241 NA 168 NA 165 NA 170 176 280 
Ind466 NA 140 266 266 124 122 277 274 NA 146 NA 251 NA 170 NA 106 NA 187 280 176 
Ind467 144 136 266 266 NA 122 274 274 113 149 NA 231 NA 182 NA 114 170 170 NA 172 
Ind468 144 134 266 266 NA 122 274 274 113 146 NA 231 NA 182 NA 114 170 170 NA 172 
Ind469 134 146 NA 266 NA 130 277 277 NA 146 279 241 172 184 116 110 NA 170 NA 168 
Ind470 NA 138 NA 266 NA 124 NA 274 146 146 NA 273 NA 182 NA 110 NA 169 268 268 
Ind471 NA 140 NA 266 NA 128 NA 274 146 146 NA 273 NA 182 NA 110 NA 169 268 280 
Ind472 NA 140 NA 266 NA 122 NA 274 140 134 NA 243 192 172 NA 169 NA 172 NA 276 
Ind473 NA 134 NA 266 NA 124 NA 274 NA 140 247 259 154 172 NA 116 NA 170 NA 270 
Ind474 144 144 NA 266 NA 124 NA 274 NA 140 NA 247 NA 166 NA 112 NA 173 NA 172 
Ind475 136 130 NA 266 128 128 NA 274 NA 143 259 235 NA 184 110 169 NA 173 NA 172 
Ind476 NA 134 NA 266 NA 122 NA 274 NA 146 NA 243 NA 168 169 116 NA 170 NA 172 
Ind477 128 134 266 266 124 126 NA 274 NA 143 241 243 NA 180 NA 114 168 168 NA 172 
Ind478 128 134 266 266 124 126 NA 274 NA 149 241 235 NA 176 NA 112 168 175 NA 172 
Ind479 128 134 266 266 124 126 NA 274 NA 143 241 243 NA 176 NA 114 168 175 NA 176 
Ind480 144 134 NA 266 124 126 274 274 NA 143 243 243 182 174 NA 167 NA 179 NA 268 
Ind481 142 134 266 266 NA 126 NA 274 NA 161 NA 235 190 178 NA 169 NA 169 NA 278 
Ind482 NA 134 NA 266 128 128 274 277 NA 137 241 241 NA 176 NA 169 176 170 NA 268 
Ind483 134 134 NA 266 126 126 274 274 146 143 NA 235 188 190 NA 167 168 172 176 172 
Ind484 134 134 NA 268 NA 130 274 277 134 146 NA 251 172 174 110 112 NA 170 268 190 
Ind485 NA 140 266 266 126 126 NA 274 119 146 243 239 NA 170 NA 169 177 179 174 172 
Ind486 134 140 266 266 126 124 NA 277 NA 143 NA 243 NA 178 NA 112 NA 172 NA 170 
Ind487 NA 134 NA 266 128 126 274 274 NA 140 255 257 NA 176 114 112 166 173 176 276 
Ind488 NA 134 266 266 NA 132 NA 274 NA 137 243 247 NA 180 NA 167 NA 167 NA 276 
Ind489 NA 128 266 266 128 124 NA 274 NA 167 NA 235 NA 180 NA 116 NA 173 NA 190 
Ind490 NA 132 266 266 126 124 274 277 NA 146 NA 271 178 182 NA 173 168 173 NA 170 
Ind491 NA 132 266 266 NA 124 NA 277 NA 140 NA 241 NA 184 NA 112 NA 167 276 170 
Ind492 NA 134 NA 266 NA 124 NA 277 NA 143 245 241 168 174 NA 169 167 170 NA 268 
Ind493 NA 136 NA 266 NA 136 NA 277 NA 143 245 241 168 170 NA 169 167 170 NA 268 
Ind494 142 134 NA 266 NA 126 NA 274 134 146 257 241 NA 168 NA 169 NA 187 NA 274 
Ind495 NA 144 NA 266 124 130 NA 274 155 143 NA 241 NA 188 NA 169 169 168 278 172 
Ind496 NA 134 NA 266 NA 130 274 277 NA 140 NA 235 178 172 NA 169 NA 168 174 180 
Ind497 NA 132 NA 266 NA 128 274 277 NA 140 NA 235 178 184 NA 169 NA 175 174 180 
Ind498 NA 132 NA 268 124 130 274 277 125 146 NA 241 NA 186 NA 167 169 174 NA 280 
Ind499 NA 142 NA 266 NA 122 NA 274 NA 143 239 241 172 178 114 177 NA 169 NA 276 
Ind500 NA 134 NA 266 NA 128 NA 274 NA 143 239 273 172 180 114 112 NA 169 NA 176 
Ind501 140 132 NA 266 NA 132 274 274 NA 155 NA 243 NA 178 169 114 NA 179 NA 268 
Ind502 NA 142 NA 268 NA 128 274 277 NA 146 243 251 NA 178 112 112 NA 172 276 270 
Ind503 NA 132 NA 266 NA 128 274 274 NA 143 243 251 NA 178 112 112 NA 172 276 270 
Ind504 NA 142 NA 266 NA 130 NA 277 134 146 235 251 NA 176 NA 175 179 174 170 172 
Ind505 NA 134 268 266 NA 128 274 274 NA 146 241 249 NA 172 NA 116 172 168 272 170 
Ind506 NA 132 268 266 NA 126 274 274 NA 146 241 241 NA 172 NA 116 172 168 272 170 
Ind507 NA 132 268 266 NA 128 NA 277 NA 146 259 269 NA 176 169 171 168 173 NA 278 
Ind508 NA 132 266 268 NA 124 274 277 140 140 241 273 NA 176 NA 171 177 168 174 174 
Ind509 NA 132 NA 266 NA 126 NA 277 NA 140 NA 247 176 174 114 167 NA 174 174 274 
Ind510 144 138 NA 266 NA 124 274 274 NA 155 241 241 NA 178 112 167 171 168 NA 174 
Ind511 144 138 NA 268 NA 124 274 274 NA 146 241 241 NA 178 112 167 171 168 NA 178 
Ind512 NA 136 266 266 NA 122 NA 274 NA 140 269 243 178 172 NA 167 169 170 276 276 
Ind513 138 140 NA 266 NA 124 NA 277 140 146 253 255 NA 178 NA 167 171 172 268 276 
Ind514 NA 144 NA 268 NA 128 274 274 NA 146 NA 245 176 184 112 169 NA 187 268 270 
Ind515 NA 144 NA 266 NA 130 274 274 NA 134 233 247 NA 174 NA 114 NA 170 NA 172 
Ind516 NA 152 266 266 NA 130 277 274 146 146 NA 259 176 176 167 108 NA 170 NA 172 
Ind517 NA 144 266 266 NA 130 277 274 146 146 NA 259 176 180 167 112 NA 170 NA 170 
Ind518 NA 152 266 266 NA 130 277 274 146 146 NA 235 176 176 167 112 NA 170 NA 172 
Ind519 134 146 NA 268 NA 122 274 274 134 149 NA 245 178 178 NA 173 170 177 278 176 
Ind520 134 132 NA 268 NA 124 274 274 134 182 NA 247 178 178 NA 173 170 177 278 176 
Ind521 134 132 NA 266 NA 122 274 274 134 182 NA 245 178 172 NA 112 170 185 278 176 
Ind522 144 134 266 266 124 128 274 277 NA 146 NA 247 NA 170 NA 116 NA 170 NA 278 
Ind523 NA 140 NA 266 NA 116 NA 277 146 146 NA 255 188 174 NA 112 NA 169 NA 176 
Ind524 NA 132 NA 266 126 130 NA 277 NA 146 279 241 176 172 NA 112 NA 175 NA 172 
Ind525 NA 132 266 266 122 128 NA 274 NA 149 247 243 172 178 NA 112 NA 168 172 172 
Ind526 138 132 NA 266 NA 126 274 274 NA 146 NA 243 178 182 169 167 NA 168 278 176 
Ind527 NA 134 NA 266 NA 128 NA 274 NA 146 NA 241 176 170 NA 169 NA 170 176 270 
Ind528 NA 134 NA 266 NA 128 NA 274 NA 140 NA 241 176 170 NA 169 NA 170 176 176 
Ind529 NA 134 NA 266 NA 128 NA 274 NA 146 NA 267 176 170 NA 169 NA 170 176 176 
Ind530 134 144 NA 266 NA 124 NA 277 170 146 NA 243 NA 176 NA 169 NA 185 NA 276 
Ind531 NA 144 NA 266 NA 130 274 274 NA 146 NA 249 172 180 112 114 NA 172 170 272 
Ind532 NA 144 NA 266 NA 130 274 277 NA 146 NA 249 172 180 112 114 NA 172 170 272 
Ind533 NA 144 NA 266 NA 130 274 274 NA 134 NA 249 172 180 112 114 NA 172 170 270 
Ind534 NA 132 NA 266 126 126 274 277 NA 134 NA 243 NA 188 NA 112 NA 169 NA 268 
Ind535 NA 134 NA 266 NA 126 NA 274 155 143 247 243 180 174 NA 165 168 169 NA 272 
Ind536 NA 140 NA 266 NA 126 NA 274 155 155 247 243 180 174 NA 110 168 169 NA 268 
Ind537 NA 134 NA 266 NA 124 NA 274 155 155 247 243 180 174 NA 165 168 185 NA 272 
Ind538 NA 136 NA 266 NA 126 NA 274 140 146 NA 255 NA 168 NA 112 175 172 NA 268 
Ind539 NA 138 NA 266 NA 128 NA 274 140 164 NA 255 NA 184 NA 112 175 172 NA 268 
Ind540 132 144 NA 266 128 126 NA 277 NA 146 NA 269 NA 184 112 108 NA 176 NA 268 
Ind541 132 144 NA 266 128 124 NA 274 NA 146 NA 269 NA 184 112 108 NA 176 NA 268 
Ind542 132 134 NA 266 116 124 NA 274 NA 143 NA 255 NA 180 NA 114 172 187 282 176 
Ind543 134 132 266 266 NA 126 274 274 NA 146 257 235 NA 166 NA 169 NA 173 NA 288 
Ind544 NA 142 NA 266 NA 124 274 274 NA 146 NA 241 NA 174 NA 116 NA 170 NA 172 
Ind545 132 134 NA 266 NA 130 NA 274 NA 143 235 255 NA 192 NA 112 NA 169 NA 280 
Ind546 132 134 NA 266 NA 124 NA 274 NA 143 235 255 NA 192 NA 169 NA 175 NA 270 
Ind547 138 132 268 268 128 126 NA 274 NA 140 251 241 NA 186 112 110 172 168 NA 168 
Ind548 NA 144 NA 266 NA 126 NA 274 NA 149 NA 243 NA 176 NA 169 NA 172 NA 278 
Ind549 132 138 266 268 NA 126 277 274 NA 146 NA 231 NA 168 NA 171 NA 171 NA 270 
Ind550 NA 144 NA 266 126 128 274 274 143 134 NA 241 NA 172 NA 169 172 170 NA 170 
Ind551 NA 138 NA 268 NA 132 NA 274 NA 155 241 259 NA 188 187 114 169 176 NA 178 
Ind552 NA 138 NA 266 124 126 NA 274 NA 143 NA 235 182 178 NA 112 NA 168 278 172 
Ind553 NA 142 266 266 NA 128 274 274 140 155 NA 241 186 178 NA 112 NA 170 NA 268 
Ind554 NA 134 NA 266 NA 130 NA 274 140 140 239 243 178 182 NA 167 NA 164 NA 276 
Ind555 128 128 NA 266 NA 124 274 274 NA 143 243 247 NA 176 112 112 NA 170 NA 176 
Ind556 NA 146 266 266 122 122 277 277 113 140 NA 255 NA 178 NA 114 NA 169 NA 178 
Ind557 NA 132 266 266 NA 124 NA 274 NA 143 259 241 NA 172 NA 169 170 168 NA 172 
Ind558 NA 132 266 266 NA 124 NA 274 NA 143 259 241 NA 172 NA 167 170 168 NA 172 
Ind559 NA 132 266 266 NA 124 NA 274 NA 140 259 241 NA 172 NA 169 170 171 NA 174 
Ind560 NA 144 266 266 124 126 NA 274 134 143 NA 251 172 176 NA 116 NA 171 172 178 
Ind561 134 140 NA 266 NA 126 NA 277 NA 155 NA 241 172 172 NA 112 170 170 NA 276 
Ind562 NA 140 NA 266 NA 122 274 274 NA 140 NA 255 NA 176 NA 171 NA 168 172 174 
Ind563 NA 140 NA 266 NA 122 274 274 NA 143 NA 243 NA 182 NA 171 NA 168 172 276 
Ind564 NA 132 NA 266 NA 122 NA 274 158 134 243 241 NA 178 NA 167 168 181 NA 170 
Ind565 NA 134 NA 266 NA 128 NA 274 167 140 NA 247 178 168 NA 112 NA 168 NA 172 
Ind566 NA 136 NA 266 NA 122 274 277 140 143 243 229 170 182 NA 114 NA 174 178 174 
Ind567 NA 134 NA 266 124 122 NA 274 146 146 NA 243 NA 176 NA 114 171 169 268 174 
Ind568 NA 132 NA 266 NA 126 274 274 146 140 NA 253 NA 170 171 108 NA 168 NA 174 
Ind569 NA 140 266 266 NA 130 NA 277 143 149 241 253 174 172 165 112 NA 179 NA 270 
Ind570 NA 136 NA 268 128 124 NA 274 134 149 247 247 NA 176 NA 169 NA 168 172 174 
Ind571 NA 130 NA 268 124 130 277 274 NA 146 243 235 NA 172 NA 171 171 170 NA 276 
Ind572 134 142 NA 266 NA 126 NA 277 146 146 NA 247 186 182 NA 167 NA 168 NA 172 
Ind573 NA 138 NA 266 124 124 NA 274 NA 146 243 243 NA 176 NA 169 NA 170 172 172 
Ind574 134 132 266 266 NA 126 266 274 137 164 NA 247 NA 178 NA 167 NA 169 178 178 
Ind575 134 142 266 268 NA 124 266 274 137 146 NA 247 NA 172 NA 167 NA 169 178 178 
Ind576 NA 134 NA 266 NA 124 NA 277 NA 146 235 241 NA 180 NA 114 NA 170 NA 280 
Ind577 138 144 266 266 NA 126 NA 277 NA 137 235 255 NA 190 NA 167 170 168 176 270 
Ind578 NA 132 NA 266 126 126 NA 274 143 146 NA 241 NA 180 167 112 NA 171 NA 274 
Ind579 NA 132 NA 266 NA 122 NA 274 NA 140 NA 249 182 162 114 112 170 170 NA 170 
Ind580 NA 134 NA 268 NA 124 274 277 149 146 NA 259 172 182 NA 167 NA 168 268 170 
Ind581 NA 138 266 266 NA 130 NA 274 NA 146 NA 239 NA 176 NA 165 NA 169 NA 176 
Ind582 NA 138 266 266 NA 130 NA 274 NA 146 NA 239 NA 176 NA 112 NA 169 NA 176 
Ind583 142 132 NA 266 NA 126 NA 274 155 134 NA 255 174 186 NA 116 NA 170 NA 278 
Ind584 NA 144 266 266 NA 126 277 274 NA 149 NA 235 NA 194 167 169 171 170 NA 276 
Ind585 NA 168 NA 266 128 122 NA 274 NA 143 NA 235 NA 170 NA 171 NA 170 270 272 
Ind586 134 136 NA 266 NA 126 NA 274 NA 146 243 247 164 182 NA 112 176 174 280 272 
Ind587 134 136 NA 266 NA 126 NA 277 NA 146 243 247 164 182 NA 112 176 174 280 272 
Ind588 NA 136 266 266 130 124 NA 274 146 134 NA 243 NA 168 NA 114 NA 168 172 268 
Ind589 134 134 NA 266 130 130 NA 274 158 143 NA 289 NA 168 NA 169 NA 169 NA 170 
Ind590 134 134 NA 266 130 130 NA 274 158 167 NA 239 NA 168 NA 112 NA 169 NA 170 
Ind591 134 134 NA 266 130 128 NA 274 158 167 NA 239 NA 168 NA 112 NA 169 NA 274 
Ind592 144 132 266 266 NA 128 277 274 149 158 NA 241 NA 176 NA 169 168 172 176 278 
Ind593 NA 128 266 266 NA 126 274 274 NA 134 239 243 174 178 171 114 NA 169 NA 272 
Ind594 NA 142 NA 266 124 128 274 274 NA 146 247 235 182 178 NA 169 170 168 NA 270 
Ind595 138 134 268 266 126 124 274 274 146 146 251 235 NA 178 171 169 NA 170 NA 174 
Ind596 138 132 268 266 126 126 274 274 146 134 251 235 NA 178 171 114 NA 170 NA 174 
Ind597 136 128 NA 268 NA 128 277 274 146 134 235 263 NA 174 NA 112 NA 172 NA 172 
Ind598 NA 132 266 266 NA 130 274 274 NA 170 NA 243 NA 178 NA 173 NA 187 NA 172 
Ind599 NA 138 NA 266 124 130 NA 277 NA 146 NA 229 NA 188 NA 169 169 169 NA 280 
Ind600 138 132 266 266 NA 130 274 274 NA 149 241 241 NA 188 NA 116 NA 170 268 176 
Ind601 NA 142 NA 266 NA 130 274 274 143 143 241 245 NA 184 114 114 NA 168 168 276 
Ind602 NA 132 266 266 NA 124 NA 274 NA 143 NA 235 NA 180 169 114 168 170 NA 172 
Ind603 128 144 266 268 NA 122 NA 277 NA 134 NA 243 172 170 114 112 173 187 NA 270 
Ind604 140 140 266 266 NA 128 274 274 NA 140 NA 241 180 188 167 167 NA 172 268 172 
Ind605 NA 142 266 266 NA 124 274 274 NA 140 251 241 NA 188 112 167 NA 167 NA 196 
Ind606 NA 134 266 266 NA 126 274 274 NA 140 251 241 NA 168 112 114 NA 167 NA 174 
Ind607 140 146 NA 266 126 126 NA 274 NA 140 NA 251 NA 178 114 171 170 168 270 176 
Ind608 132 142 NA 266 124 126 NA 274 NA 146 255 245 182 176 NA 167 NA 167 178 276 
Ind609 132 142 NA 266 124 126 NA 274 NA 149 255 243 182 176 NA 167 NA 179 178 276 
Ind610 NA 136 266 266 NA 130 NA 277 146 140 NA 251 180 174 NA 169 NA 169 282 170 
Ind611 NA 134 NA 266 126 124 277 274 NA 167 247 259 184 168 175 167 172 168 278 168 
Ind612 138 128 NA 266 NA 124 NA 274 146 134 NA 243 NA 180 NA 112 NA 168 NA 174 
Ind613 134 134 NA 266 NA 128 274 277 NA 143 269 251 NA 166 NA 167 172 167 NA 278 
Ind614 NA 132 266 266 NA 130 274 274 134 143 239 247 NA 194 NA 112 NA 175 NA 276 
Ind615 136 134 NA 266 NA 126 274 274 NA 143 241 247 180 174 116 112 NA 189 NA 268 
Ind616 NA 138 NA 268 122 124 274 274 140 140 NA 247 NA 178 NA 118 NA 168 NA 276 
Ind617 NA 128 NA 266 124 124 274 277 NA 143 247 255 172 170 112 169 168 172 NA 172 
Ind618 NA 134 266 266 NA 128 NA 274 NA 140 NA 241 176 182 169 169 NA 177 172 170 
Ind619 NA 132 266 266 NA 124 NA 277 134 134 NA 245 NA 176 NA 114 NA 170 NA 270 
Ind620 NA 138 266 268 126 122 NA 274 NA 140 NA 241 NA 178 NA 112 NA 181 270 194 
Ind621 NA 134 NA 266 NA 128 274 274 146 143 NA 243 176 180 NA 167 172 169 NA 268 
Ind622 NA 140 NA 266 NA 122 NA 274 146 140 NA 235 NA 172 169 110 NA 170 NA 270 
Ind623 NA 132 NA 266 NA 128 NA 274 146 140 NA 235 NA 172 169 112 NA 170 NA 170 
Ind624 NA 132 NA 268 NA 122 274 277 143 146 243 269 176 162 NA 112 169 167 NA 276 
Ind625 134 134 NA 266 NA 124 277 274 NA 146 NA 241 NA 180 NA 171 NA 175 268 282 
Ind626 NA 142 266 266 NA 126 277 274 143 119 NA 257 162 186 112 112 NA 171 NA 268 
Ind627 NA 142 266 266 NA 126 277 274 143 119 NA 257 162 182 112 112 NA 171 NA 268 
Ind628 NA 138 266 266 NA 128 274 277 NA 143 NA 261 174 176 NA 114 NA 185 276 170 
Ind629 NA 128 266 268 NA 126 277 277 NA 146 NA 269 NA 172 NA 169 NA 169 NA 270 
Ind630 NA 134 NA 266 128 132 274 277 140 140 NA 237 NA 180 114 169 NA 175 NA 280 
Ind631 NA 128 266 266 130 126 274 277 134 140 NA 241 180 154 NA 167 170 172 268 172 
Ind632 NA 134 NA 266 NA 128 NA 274 NA 143 243 255 NA 172 NA 173 NA 168 174 268 
Ind633 NA 140 NA 266 130 124 277 277 137 155 239 255 NA 184 169 110 NA 168 NA 170 
Ind634 140 140 266 268 130 132 277 277 134 143 NA 239 NA 182 NA 167 NA 169 276 180 
Ind635 140 138 266 266 130 130 277 274 134 146 NA 239 NA 170 NA 114 NA 170 276 176 
Ind636 NA 132 NA 266 124 128 274 274 NA 143 NA 257 NA 184 NA 112 NA 171 276 170 
Ind637 130 138 266 266 124 126 274 274 NA 146 235 241 180 174 NA 167 NA 173 NA 176 
Ind638 134 144 266 266 NA 128 274 274 NA 143 NA 241 188 180 167 112 NA 170 NA 268 
Ind639 NA 140 266 268 124 122 274 274 NA 143 243 247 178 182 NA 116 189 170 NA 174 
Ind640 NA 132 NA 266 130 130 274 274 NA 146 NA 247 186 168 169 169 175 168 NA 272 
Ind641 NA 140 268 266 NA 124 NA 274 NA 146 NA 255 NA 190 112 114 NA 179 NA 178 
Ind642 NA 146 NA 266 NA 130 NA 277 134 134 251 243 NA 168 112 114 168 167 276 190 
Ind643 144 134 NA 266 130 124 NA 274 NA 137 NA 235 NA 176 112 112 NA 177 172 176 
Ind644 NA 140 NA 266 NA 126 NA 274 NA 155 241 241 NA 172 169 112 171 172 NA 276 
Ind645 NA 140 NA 266 NA 126 NA 277 NA 140 241 241 NA 178 169 112 171 179 NA 276 
Ind646 NA 132 266 266 126 124 274 274 146 161 NA 241 NA 180 114 114 168 166 172 174 
Ind647 NA 138 266 266 NA 124 274 274 143 146 241 241 NA 184 NA 112 174 171 268 280 
Ind648 NA 144 266 266 122 126 NA 274 143 146 NA 247 176 176 NA 112 NA 158 NA 282 
Ind649 NA 138 NA 266 126 126 274 274 NA 140 NA 257 178 172 112 110 NA 177 NA 280 
Ind650 NA 136 266 266 NA 126 NA 277 134 143 NA 235 NA 180 NA 116 NA 175 168 174 
Ind651 NA 140 NA 266 128 124 NA 274 146 155 243 255 178 190 112 110 172 173 NA 174 
Ind652 NA 134 266 266 NA 132 NA 277 NA 140 251 239 NA 176 NA 112 NA 177 NA 174 
Ind653 NA 136 266 266 NA 126 274 277 NA 158 NA 251 NA 190 NA 112 173 169 NA 276 
Ind654 NA 134 266 266 NA 126 NA 277 NA 143 NA 247 176 168 NA 114 168 171 176 268 
Ind655 NA 134 266 266 NA 126 NA 277 NA 146 NA 247 176 168 NA 114 168 171 176 268 
Ind656 134 140 NA 266 124 124 274 274 143 134 235 239 NA 176 NA 169 179 168 NA 172 
Ind657 NA 138 NA 266 NA 124 274 277 NA 137 235 249 182 172 NA 112 169 167 NA 176 
Ind658 NA 138 266 266 NA 124 274 277 NA 155 NA 241 NA 186 NA 112 NA 172 NA 196 
Ind659 NA 134 266 266 128 128 277 274 NA 137 NA 245 176 182 NA 167 NA 170 268 270 
Ind660 NA 132 266 266 128 128 NA 274 NA 113 NA 259 NA 168 NA 167 NA 169 NA 170 
Ind661 134 132 NA 266 NA 122 NA 274 NA 140 241 241 176 192 108 171 NA 187 NA 280 
Ind662 134 132 NA 266 NA 122 NA 274 NA 149 241 241 176 190 108 165 NA 170 NA 276 
Ind663 134 132 NA 266 NA 122 NA 274 NA 140 241 241 176 192 108 165 NA 187 NA 280 
Ind664 NA 132 NA 266 122 126 277 274 140 146 NA 243 NA 178 177 110 NA 168 NA 276 
Ind665 NA 132 NA 266 122 124 277 274 140 134 NA 243 NA 184 177 110 NA 171 NA 172 
Ind666 140 132 NA 266 130 124 274 277 NA 146 243 269 NA 174 114 169 NA 172 268 170 
Ind667 NA 134 NA 268 132 128 NA 274 NA 134 247 231 NA 180 NA 112 NA 168 174 172 
Ind668 NA 160 268 266 130 126 NA 274 NA 146 241 231 NA 182 NA 167 NA 168 278 276 
Ind669 NA 160 268 266 130 126 NA 277 NA 146 241 241 NA 182 NA 167 NA 170 278 270 
Ind670 NA 144 268 266 130 124 NA 274 NA 146 241 231 NA 182 NA 167 NA 170 278 270 
Ind671 138 142 NA 266 NA 124 274 274 NA 137 NA 243 NA 170 177 110 170 170 NA 276 
Ind672 NA 140 NA 266 122 126 274 277 NA 143 NA 249 174 178 NA 167 NA 171 NA 170 
Ind673 NA 140 NA 266 126 126 NA 274 NA 146 NA 241 176 182 112 169 NA 171 NA 168 
Ind674 130 134 266 266 128 124 NA 274 146 143 247 261 NA 182 NA 167 175 175 NA 170 
Ind675 130 134 266 266 128 124 NA 277 146 143 247 261 NA 182 NA 167 175 181 NA 276 
Ind676 132 138 266 266 126 128 NA 274 146 143 247 243 NA 180 169 112 NA 177 NA 272 
Ind677 NA 132 266 268 130 132 274 274 NA 143 241 241 NA 178 NA 169 179 171 NA 268 
Ind678 NA 144 NA 266 NA 132 274 277 146 140 241 259 NA 162 114 169 NA 170 NA 276 
Ind679 142 130 NA 266 132 126 NA 274 NA 134 241 231 NA 188 169 165 NA 187 NA 174 
Ind680 142 138 NA 268 132 126 NA 274 NA 134 241 231 NA 188 169 165 NA 168 NA 174 
Ind681 142 130 NA 266 132 130 NA 274 NA 140 241 243 NA 188 169 165 NA 187 NA 174 
Ind682 NA 140 NA 266 124 130 NA 274 NA 155 NA 243 NA 182 NA 169 NA 177 NA 176 
Ind683 138 132 266 266 NA 124 NA 274 NA 140 NA 235 NA 176 NA 112 NA 168 NA 268 
Ind684 NA 142 NA 266 128 124 NA 274 NA 140 257 257 NA 170 114 112 NA 172 NA 268 
Ind685 NA 142 NA 266 128 124 NA 274 NA 146 257 235 NA 168 114 167 NA 179 NA 268 
Ind686 NA 132 266 266 NA 122 277 274 146 182 NA 241 NA 180 NA 167 170 169 NA 276 
Ind687 134 134 NA 266 130 126 NA 274 NA 155 241 251 184 196 NA 112 168 173 268 170 
Ind688 NA 134 NA 266 128 124 NA 274 NA 146 NA 243 176 184 NA 112 NA 170 176 278 
Ind689 NA 132 NA 266 132 122 NA 274 146 134 NA 241 NA 182 NA 112 NA 167 NA 276 
Ind690 144 140 NA 266 NA 126 NA 274 134 140 257 241 NA 176 169 169 168 170 192 268 
Ind691 144 140 NA 266 NA 126 NA 274 134 146 257 243 NA 176 169 112 168 170 192 170 
Ind692 142 142 NA 266 NA 126 NA 274 146 143 243 255 178 172 NA 112 NA 169 NA 268 
Ind693 136 140 NA 266 NA 126 277 277 NA 146 NA 241 NA 176 169 167 NA 170 NA 172 
Ind694 NA 144 268 266 128 124 NA 274 NA 146 NA 235 NA 182 169 114 175 167 268 176 
Ind695 NA 140 268 266 128 124 NA 274 NA 149 NA 235 NA 182 169 114 175 171 268 268 
Ind696 NA 140 268 266 128 130 NA 274 NA 149 NA 235 NA 182 169 112 175 171 268 268 
Ind697 NA 136 NA 266 130 126 274 277 143 146 231 241 NA 186 NA 167 170 168 NA 268 
Ind698 NA 138 266 266 NA 130 277 277 NA 134 243 235 154 176 NA 169 NA 173 NA 278 
Ind699 NA 138 NA 268 NA 124 NA 274 146 140 239 231 NA 182 167 110 NA 173 NA 172 
Ind700 NA 138 NA 268 124 126 NA 277 146 134 NA 261 180 176 169 110 NA 170 NA 274 
Ind701 140 134 NA 266 126 126 NA 274 NA 146 NA 255 NA 176 NA 110 170 170 268 276 
Ind702 NA 144 266 268 NA 126 277 274 NA 146 NA 241 NA 180 110 112 168 170 172 280 
Ind703 132 140 NA 266 124 124 274 277 NA 146 NA 249 NA 178 NA 112 NA 170 NA 270 
Ind704 NA 128 NA 266 NA 122 274 277 NA 146 249 247 NA 172 NA 116 170 177 176 172 
Ind705 NA 144 266 266 124 130 NA 274 140 143 NA 243 NA 188 NA 112 NA 170 NA 268 
Ind706 134 146 NA 266 NA 130 274 277 146 143 NA 235 178 184 NA 114 NA 169 276 178 
Ind707 NA 144 NA 266 NA 128 NA 274 NA 140 NA 251 NA 174 NA 112 NA 172 NA 280 
Ind708 138 138 266 266 NA 124 274 277 146 146 243 235 168 172 116 169 NA 169 176 180 
Ind709 NA 132 NA 266 126 126 274 274 NA 146 241 235 NA 178 173 167 171 167 NA 268 
Ind710 NA 146 NA 266 130 126 274 277 140 146 253 245 180 162 NA 167 NA 168 NA 170 
Ind711 134 128 NA 266 124 128 274 274 146 140 NA 235 192 178 NA 167 169 173 276 170 
Ind712 NA 134 NA 266 130 124 274 274 NA 143 241 243 174 174 112 114 169 173 NA 178 
Ind713 NA 134 NA 266 130 124 274 274 NA 143 241 243 174 168 112 173 169 168 NA 178 
Ind714 NA 144 NA 266 130 124 274 274 NA 143 241 255 174 168 112 173 169 173 NA 178 
Ind715 NA 132 NA 268 NA 124 274 274 143 143 241 247 174 180 112 171 NA 167 NA 276 
Ind716 NA 144 266 268 126 130 NA 274 NA 140 NA 243 NA 178 NA 116 NA 171 268 172 
Ind717 NA 132 266 266 NA 122 NA 277 NA 143 241 243 NA 178 110 112 176 169 NA 174 
Ind718 132 140 266 268 NA 128 274 274 NA 146 255 255 NA 174 NA 114 NA 173 186 176 
Ind719 132 140 266 266 NA 128 274 277 NA 146 255 247 NA 176 NA 114 NA 173 186 178 
Ind720 134 138 266 266 NA 126 NA 274 NA 146 NA 243 NA 186 NA 112 NA 171 NA 276 
Ind721 134 144 266 266 126 126 277 274 119 146 NA 247 174 176 112 112 NA 175 276 268 
Ind722 138 140 268 266 NA 130 NA 274 167 134 NA 253 NA 182 NA 169 NA 187 280 182 
Ind723 132 144 NA 266 126 126 NA 274 137 137 269 241 178 178 NA 167 NA 173 NA 176 
Ind724 NA 134 266 266 124 132 274 274 NA 140 NA 241 NA 168 114 114 NA 171 268 168 
Ind725 NA 132 NA 266 NA 128 NA 277 146 143 251 243 NA 170 NA 110 NA 168 NA 278 
Ind726 NA 138 266 266 NA 124 277 274 NA 134 NA 261 NA 182 NA 112 NA 172 NA 176 
Ind727 NA 132 NA 266 NA 126 NA 274 NA 137 NA 241 174 178 NA 114 NA 168 NA 174 
Ind728 NA 134 NA 266 NA 130 274 274 140 146 241 253 NA 182 112 171 NA 170 NA 172 
Ind729 140 140 266 266 NA 132 NA 274 NA 140 NA 247 NA 168 NA 114 NA 170 168 270 
Ind730 NA 138 NA 266 128 126 277 274 146 146 NA 241 NA 174 NA 114 169 169 NA 174 
Ind731 136 132 NA 266 NA 130 NA 274 146 146 NA 241 NA 180 NA 169 170 168 268 280 
Ind732 128 136 NA 266 124 122 274 274 NA 146 NA 239 178 184 171 169 178 183 280 276 
Ind733 NA 138 NA 266 NA 128 NA 274 134 149 NA 241 NA 188 NA 167 NA 171 NA 268 
Ind734 NA 136 266 266 NA 126 NA 277 146 119 NA 247 NA 182 NA 110 NA 173 NA 176 
Ind735 138 138 NA 266 NA 126 NA 274 NA 134 NA 255 NA 186 NA 112 NA 170 NA 178 
Ind736 132 136 NA 266 NA 128 274 274 NA 146 NA 241 NA 166 NA 169 NA 177 NA 276 
Ind737 132 140 NA 266 NA 132 274 277 NA 146 NA 243 NA 188 NA 169 NA 177 NA 276 
Ind738 NA 132 268 266 NA 126 277 277 143 140 241 235 NA 186 169 114 NA 181 NA 268 
Ind739 NA 134 NA 268 NA 122 NA 277 146 134 NA 255 192 180 167 171 175 168 NA 270 
Ind740 NA 142 NA 266 NA 128 NA 277 146 140 251 249 184 180 169 110 NA 167 NA 180 
Ind741 NA 140 NA 266 124 124 NA 274 NA 125 235 243 NA 178 NA 112 174 169 280 172 
Ind742 NA 140 NA 266 124 126 NA 274 NA 155 235 259 NA 168 NA 114 174 169 280 172 
Ind743 NA 138 NA 266 NA 130 NA 274 146 146 NA 235 180 182 165 112 NA 168 NA 280 
Ind744 NA 144 NA 266 122 122 277 274 NA 140 243 241 192 174 NA 169 187 173 170 276 
Ind745 NA 134 266 266 NA 132 NA 274 146 146 NA 251 180 172 NA 112 169 170 NA 170 
Ind746 134 134 NA 266 124 132 NA 274 NA 143 NA 241 NA 186 110 167 NA 169 276 180 
Ind747 130 140 266 266 NA 132 274 274 149 146 NA 259 170 180 NA 167 171 169 NA 268 
Ind748 130 140 266 266 NA 124 274 274 149 146 NA 259 170 174 NA 167 171 170 NA 268 
Ind749 130 140 266 266 NA 124 274 274 149 137 NA 235 170 180 NA 167 171 170 NA 268 
Ind750 NA 134 NA 268 NA 132 NA 274 134 140 243 247 172 176 NA 169 NA 167 174 276 
Ind751 132 144 NA 266 128 130 NA 274 NA 146 273 243 NA 186 NA 112 NA 167 NA 172 
Ind752 NA 134 NA 266 NA 124 NA 277 NA 155 241 243 NA 176 NA 112 193 175 NA 268 
Ind753 NA 128 266 266 130 130 NA 274 NA 134 239 243 NA 176 NA 173 NA 172 170 178 
Ind754 NA 134 NA 266 NA 128 NA 277 137 140 257 247 168 172 169 167 NA 166 NA 268 
Ind755 NA 142 NA 266 NA 130 NA 274 146 146 243 267 178 172 171 167 NA 170 NA 170 
Ind756 NA 144 NA 266 NA 130 NA 274 NA 134 NA 241 174 172 NA 108 169 168 270 174 
Ind757 NA 134 266 268 NA 130 NA 277 146 146 NA 259 NA 182 NA 112 NA 170 NA 170 
Ind758 132 140 NA 266 NA 124 NA 277 146 140 NA 243 NA 174 NA 169 NA 172 NA 176 
Ind759 NA 144 NA 266 126 126 274 274 NA 137 235 243 NA 174 169 108 NA 172 268 268 
Ind760 134 132 266 266 126 126 NA 274 143 143 235 269 194 172 NA 167 NA 169 NA 170 
Ind761 NA 128 266 266 126 126 NA 274 NA 134 251 243 NA 174 167 171 NA 170 178 276 
Ind762 NA 134 266 266 124 130 274 274 NA 119 NA 251 NA 168 NA 165 NA 172 NA 176 
Ind763 134 172 266 266 NA 130 NA 274 NA 146 NA 251 174 180 169 112 NA 177 NA 180 
Ind764 NA 140 266 266 124 124 NA 277 134 149 NA 245 NA 182 NA 110 187 175 NA 176 
Ind765 NA 144 266 268 126 122 NA 274 149 146 NA 249 NA 176 108 112 168 172 NA 278 
Ind766 NA 132 NA 266 130 126 NA 274 NA 146 NA 243 172 168 NA 112 171 172 276 170 
Ind767 NA 134 NA 266 NA 126 NA 274 140 143 NA 241 NA 174 NA 112 NA 170 NA 178 
Ind768 NA 144 266 266 NA 128 NA 277 NA 155 241 269 182 182 NA 112 172 171 NA 176 
Ind769 138 134 NA 266 NA 130 274 274 NA 137 259 235 178 174 NA 114 168 181 NA 170 
Ind770 NA 134 266 268 126 130 NA 277 NA 140 NA 239 178 174 165 114 172 170 276 276 
Ind771 NA 134 NA 266 122 126 NA 274 143 146 NA 235 NA 172 167 169 172 169 NA 270 
Ind772 NA 134 NA 266 NA 124 274 274 NA 143 247 243 NA 184 NA 116 173 168 NA 268 
Ind773 NA 132 NA 266 128 130 NA 274 140 146 NA 241 NA 180 112 167 177 178 NA 176 
Ind774 NA 134 266 266 124 122 NA 274 NA 146 241 235 178 172 NA 173 NA 173 NA 180 
Ind775 NA 134 NA 266 NA 128 274 274 NA 146 243 251 174 180 NA 167 NA 171 NA 176 
Ind776 NA 134 268 266 NA 136 NA 274 143 137 NA 253 NA 188 NA 169 173 193 NA 174 
Ind777 NA 140 266 266 NA 122 274 274 NA 146 NA 267 NA 174 NA 167 171 169 NA 170 
Ind778 134 144 NA 266 NA 130 NA 274 134 140 NA 251 168 184 167 114 169 173 NA 268 
Ind779 NA 134 NA 266 124 124 274 274 137 146 NA 267 NA 172 169 112 168 175 NA 172 
Ind780 144 132 266 266 NA 124 NA 274 146 164 243 251 NA 178 112 114 177 168 NA 276 
Ind781 NA 134 266 266 124 130 274 274 NA 146 NA 231 154 176 175 167 NA 171 NA 170 
Ind782 144 140 266 266 126 122 NA 274 140 146 269 241 NA 176 NA 169 NA 169 270 268 
Ind783 NA 134 266 268 NA 130 NA 274 140 146 NA 241 174 170 NA 165 NA 175 172 274 
Ind784 NA 134 266 268 NA 128 NA 277 140 149 NA 241 174 172 NA 165 NA 172 172 280 
Ind785 NA 134 266 266 NA 128 NA 277 140 149 NA 241 174 170 NA 165 NA 172 172 274 
Ind786 NA 138 NA 268 128 122 274 274 NA 143 NA 235 188 174 NA 112 169 170 276 178 
Ind787 NA 134 NA 266 124 130 NA 274 NA 149 NA 241 184 178 NA 171 NA 170 NA 282 
Ind788 132 142 NA 266 NA 130 NA 274 143 155 NA 241 184 174 NA 167 NA 170 170 268 
Ind789 132 148 NA 266 NA 130 NA 274 143 155 NA 241 184 174 NA 167 NA 170 170 278 
Ind790 132 142 NA 266 NA 136 NA 274 143 143 NA 241 184 174 NA 165 NA 170 170 268 
Ind791 148 142 266 266 124 128 274 277 NA 146 NA 241 NA 182 NA 112 174 171 NA 276 
Ind792 NA 138 NA 266 NA 126 277 274 NA 143 NA 241 NA 180 169 112 NA 169 176 280 
Ind793 NA 132 266 266 NA 128 277 274 NA 143 NA 235 180 178 169 110 NA 166 268 268 
Ind794 NA 144 NA 268 NA 128 NA 274 NA 161 241 235 154 178 112 112 NA 169 NA 268 
Ind795 NA 134 NA 266 126 128 NA 274 146 146 251 241 168 172 NA 169 177 171 NA 172 
Ind796 134 134 268 266 NA 128 NA 274 NA 146 NA 247 NA 186 NA 169 170 174 268 280 
Ind797 NA 134 NA 266 NA 124 274 274 137 143 259 241 182 172 NA 169 166 169 172 276 
Ind798 NA 136 NA 266 NA 122 274 274 NA 140 241 247 170 172 NA 167 NA 169 NA 280 
Ind799 140 142 266 266 124 126 277 277 NA 146 NA 241 NA 174 171 112 NA 168 NA 270 
Ind800 NA 134 NA 266 NA 130 NA 274 NA 146 NA 251 176 182 NA 116 174 195 NA 268 
Ind801 NA 134 NA 266 NA 130 NA 277 NA 143 NA 251 176 182 NA 116 174 173 NA 170 
Ind802 NA 140 NA 266 NA 124 NA 274 NA 146 NA 251 176 182 NA 116 174 173 NA 170 
Ind803 132 140 266 266 NA 130 274 277 155 134 NA 239 168 170 NA 110 NA 172 NA 176 
Ind804 132 140 266 266 NA 132 274 277 146 140 NA 241 NA 186 NA 167 171 168 NA 176 
Ind805 140 138 266 268 NA 124 NA 274 137 176 237 235 NA 186 NA 169 NA 170 NA 276 
Ind806 NA 138 266 266 NA 124 274 277 NA 155 235 241 NA 184 167 110 170 177 NA 270 
Ind807 NA 144 266 266 126 128 NA 274 NA 146 NA 235 NA 184 NA 110 170 166 280 176 
Ind808 138 134 266 266 NA 130 277 274 NA 140 259 253 176 180 NA 167 177 170 NA 172 
Ind809 NA 132 NA 268 NA 124 NA 274 NA 134 NA 235 NA 188 NA 169 NA 168 176 174 
Ind810 NA 132 NA 266 NA 130 NA 274 NA 134 NA 247 NA 188 NA 169 NA 168 176 174 
Ind811 NA 140 NA 266 NA 126 NA 274 NA 146 241 251 NA 172 NA 112 NA 170 NA 274 
Ind812 138 130 NA 268 124 126 277 277 146 146 NA 251 NA 186 NA 112 170 171 NA 176 
Ind813 NA 132 268 266 122 124 NA 277 NA 146 251 235 NA 172 NA 110 171 170 NA 268 
Ind814 NA 142 NA 266 NA 126 274 274 NA 143 NA 259 NA 172 112 112 NA 178 170 270 
Ind815 134 132 NA 266 NA 128 274 274 146 146 NA 251 NA 168 169 165 NA 172 172 172 
Ind816 134 140 NA 266 NA 130 274 274 146 146 NA 243 NA 188 169 165 NA 172 172 280 
Ind817 NA 134 NA 266 NA 122 NA 274 146 149 255 255 170 172 169 167 NA 171 NA 170 
Ind818 NA 132 NA 266 122 128 NA 274 143 140 NA 247 178 176 NA 108 173 172 176 174 
Ind819 140 132 266 266 130 122 274 274 146 143 243 249 NA 182 NA 167 NA 170 NA 280 
Ind820 NA 138 NA 266 128 128 NA 274 NA 134 NA 243 186 172 NA 169 NA 168 NA 280 
Ind821 134 142 266 266 NA 128 NA 274 NA 140 NA 243 NA 174 116 110 NA 170 280 276 
Ind822 NA 132 NA 266 NA 126 274 277 146 143 NA 251 184 174 NA 169 NA 176 NA 276 
Ind823 134 134 NA 266 122 126 274 274 NA 149 251 241 NA 168 NA 106 NA 171 NA 280 
Ind824 NA 132 NA 266 NA 130 274 274 NA 140 241 255 NA 180 NA 179 NA 170 NA 276 
Ind825 NA 132 NA 268 NA 130 NA 277 NA 146 NA 229 NA 172 NA 114 NA 187 170 270 
Ind826 134 134 NA 266 NA 126 274 277 NA 146 NA 241 NA 180 NA 112 NA 170 NA 272 
Ind827 NA 134 NA 266 130 124 NA 277 NA 143 241 241 168 178 NA 167 NA 177 NA 178 
Ind828 NA 134 NA 266 130 124 NA 277 NA 143 241 241 168 176 NA 167 NA 177 NA 178 
Ind829 NA 130 NA 266 NA 126 NA 274 NA 158 NA 241 NA 174 112 167 NA 168 NA 268 
Ind830 NA 132 266 266 126 124 NA 274 NA 140 NA 243 NA 182 NA 167 NA 170 NA 270 
Ind831 136 142 268 266 NA 130 274 274 NA 146 NA 243 NA 172 NA 169 168 170 NA 182 
Ind832 NA 128 NA 266 116 130 277 274 146 140 243 255 NA 180 112 112 NA 168 NA 282 
Ind833 NA 140 NA 266 NA 130 NA 274 NA 143 NA 261 NA 168 NA 167 NA 173 NA 268 
Ind834 NA 128 NA 266 130 128 274 274 146 140 NA 243 NA 180 NA 169 NA 172 NA 172 
Ind835 NA 138 NA 268 126 124 274 274 NA 140 247 243 172 174 NA 114 NA 178 176 170 
Ind836 NA 134 266 266 NA 130 NA 274 137 158 NA 247 NA 186 NA 167 NA 187 268 182 
Ind837 NA 128 266 266 NA 132 NA 277 119 140 NA 235 NA 178 NA 169 166 170 NA 276 
Ind838 134 134 266 266 NA 130 274 274 NA 146 NA 261 NA 184 116 167 NA 171 NA 270 
Ind839 NA 134 NA 266 122 128 NA 274 NA 146 NA 241 170 184 167 167 NA 173 NA 276 
Ind840 142 140 266 266 NA 130 NA 274 NA 140 241 241 NA 176 NA 110 NA 170 NA 276 
Ind841 134 140 NA 266 NA 130 274 274 NA 137 NA 251 180 182 NA 167 168 172 174 176 
Ind842 NA 142 266 266 NA 124 NA 274 NA 146 245 235 NA 180 NA 112 169 171 280 276 
Ind843 NA 136 266 266 NA 128 NA 274 140 143 257 239 NA 174 NA 112 169 168 278 178 
Ind844 NA 140 NA 266 128 126 NA 274 146 146 241 247 NA 168 NA 112 170 170 172 268 
Ind845 NA 134 NA 266 128 126 NA 277 146 146 241 247 NA 180 NA 112 170 179 172 268 
Ind846 NA 142 NA 266 NA 126 274 277 146 146 NA 235 NA 192 114 116 NA 171 NA 274 
Ind847 NA 142 NA 266 NA 124 274 274 146 146 NA 235 NA 180 114 116 NA 177 NA 274 
Ind848 NA 144 NA 266 130 124 274 277 143 149 231 243 176 174 167 112 NA 173 NA 176 
Ind849 NA 140 NA 266 124 122 NA 274 NA 146 NA 235 174 184 NA 167 174 168 NA 276 
Ind850 NA 144 266 266 NA 130 274 274 NA 146 NA 243 NA 178 NA 169 NA 171 NA 178 
Ind851 NA 138 266 266 NA 126 NA 274 NA 167 NA 255 NA 180 NA 169 NA 170 NA 172 
Ind852 132 134 266 266 NA 128 NA 274 149 146 NA 247 174 182 167 112 172 170 NA 272 
Ind853 134 132 266 266 NA 126 277 274 146 146 243 243 NA 176 114 116 NA 172 278 278 
Ind854 NA 140 266 266 130 124 274 274 NA 146 NA 241 NA 176 112 167 NA 166 NA 278 
Ind855 134 134 266 266 NA 128 NA 277 146 146 241 255 NA 184 NA 112 172 169 276 274 
Ind856 134 140 NA 266 NA 122 274 274 146 146 NA 257 NA 176 NA 112 NA 168 NA 170 
Ind857 NA 140 NA 266 NA 130 NA 274 140 146 NA 235 NA 172 114 169 NA 170 NA 268 
Ind858 NA 134 NA 266 126 128 NA 274 NA 143 NA 251 NA 172 NA 167 170 170 172 176 
Ind859 128 132 266 266 NA 130 277 277 NA 146 NA 241 NA 174 NA 167 NA 175 NA 270 
Ind860 140 132 NA 268 128 128 277 274 146 146 NA 249 NA 176 169 112 NA 175 268 172 
Ind861 NA 146 268 266 NA 122 274 274 143 146 NA 253 NA 154 NA 169 171 170 268 174 
Ind862 NA 132 268 268 NA 124 274 274 143 149 NA 253 NA 154 NA 167 171 171 268 174 
Ind863 132 134 NA 266 NA 122 274 274 NA 146 NA 265 NA 180 NA 114 NA 166 276 268 
Ind864 NA 132 NA 266 NA 126 274 277 146 140 NA 243 NA 184 NA 169 NA 193 NA 272 
Ind865 134 132 266 268 NA 130 274 274 NA 140 259 243 184 168 NA 114 NA 171 NA 268 
Ind866 134 132 266 266 NA 130 274 277 NA 140 259 243 184 178 NA 114 NA 169 NA 268 
Ind867 NA 136 NA 266 128 130 NA 274 143 146 NA 249 NA 182 169 114 NA 166 NA 276 
Ind868 NA 140 NA 266 128 124 274 274 146 146 NA 243 170 176 NA 112 169 176 174 278 
Ind869 NA 140 266 266 130 130 274 274 140 134 NA 255 176 186 169 169 168 169 NA 276 
Ind870 NA 132 NA 268 124 132 NA 274 146 146 239 235 NA 172 NA 167 NA 171 NA 268 
Ind871 134 134 NA 266 126 128 NA 274 146 134 239 247 186 190 114 169 177 169 NA 172 
Ind872 134 134 NA 266 126 128 NA 274 146 146 239 241 186 190 114 112 177 171 NA 178 
Ind873 142 138 NA 266 NA 126 NA 277 143 158 NA 245 NA 170 NA 169 NA 169 NA 184 
Ind874 142 138 NA 266 NA 130 NA 277 143 161 NA 235 NA 174 NA 112 NA 168 NA 184 
Ind875 138 144 NA 266 124 132 NA 274 146 143 NA 241 NA 176 NA 114 172 170 NA 170 
Ind876 144 140 266 266 NA 126 274 277 NA 143 NA 257 178 178 110 114 173 168 NA 278 
Ind877 144 140 266 266 NA 126 274 274 NA 143 NA 257 178 178 110 114 173 168 NA 278 
Ind878 NA 136 NA 266 NA 128 NA 274 146 143 235 255 NA 180 NA 169 NA 172 NA 172 
Ind879 132 132 NA 266 NA 124 274 274 NA 146 NA 247 NA 184 NA 167 173 168 280 172 
Ind880 134 134 266 266 126 128 277 277 NA 143 243 241 174 168 NA 110 170 170 172 270 
Ind881 NA 132 NA 268 NA 126 NA 274 140 140 251 235 NA 178 NA 114 NA 170 278 172 
Ind882 NA 138 NA 266 124 124 274 274 164 143 255 255 NA 184 NA 167 NA 170 NA 176 
Ind883 136 140 266 266 130 122 NA 274 134 143 NA 245 180 178 112 112 NA 167 NA 192 
Ind884 142 132 NA 266 126 126 NA 274 NA 143 NA 243 NA 170 NA 110 NA 170 NA 268 
Ind885 142 132 NA 266 126 126 NA 274 NA 143 NA 241 NA 170 NA 110 NA 170 NA 274 
Ind886 NA 134 NA 266 128 126 274 274 NA 146 NA 235 NA 170 NA 110 NA 167 NA 174 
Ind887 NA 134 NA 266 NA 126 NA 274 140 149 NA 245 174 172 NA 114 169 171 268 276 
Ind888 132 132 NA 266 NA 128 NA 274 155 146 251 239 NA 186 NA 110 169 168 174 276 
Ind889 NA 134 266 266 124 130 277 274 146 143 NA 243 180 186 173 171 NA 173 176 188 
Ind890 NA 134 266 266 124 130 277 274 146 146 NA 243 180 178 173 171 NA 168 176 188 
Ind891 140 142 NA 268 NA 122 274 277 NA 164 NA 243 NA 172 NA 112 NA 171 172 268 
Ind892 140 132 266 266 126 124 NA 274 143 167 NA 243 NA 180 NA 112 NA 169 274 176 
Ind893 140 138 268 266 NA 128 NA 274 NA 134 243 241 180 174 114 169 174 176 NA 176 
Ind894 NA 136 NA 266 NA 130 NA 277 140 140 NA 247 180 186 167 167 172 169 NA 178 
Ind895 NA 134 NA 266 NA 126 NA 277 146 140 243 235 NA 186 NA 112 NA 170 268 278 
Ind896 140 134 NA 266 126 124 NA 274 NA 146 NA 251 NA 174 NA 169 NA 168 276 270 
Ind897 NA 142 266 266 NA 122 NA 274 NA 149 NA 247 176 182 NA 112 NA 168 276 178 
Ind898 134 142 NA 266 124 126 NA 274 NA 140 243 255 188 190 NA 175 NA 170 276 174 
Ind899 130 132 NA 266 124 122 NA 274 146 134 NA 243 174 194 NA 112 170 174 NA 282 
Ind900 NA 132 NA 266 NA 126 NA 274 143 155 251 239 176 182 114 110 172 174 176 168 
Ind901 NA 132 NA 266 NA 126 NA 274 143 155 251 253 176 182 114 114 172 174 176 168 
Ind902 NA 132 NA 266 NA 124 NA 274 143 155 251 253 176 190 114 114 172 187 176 168 
Ind903 NA 132 NA 266 NA 124 NA 274 143 143 251 239 176 182 114 110 172 187 176 168 
Ind904 NA 142 266 266 NA 128 NA 277 NA 155 NA 255 NA 178 NA 167 172 173 190 276 
Ind905 NA 138 NA 266 NA 126 NA 277 NA 146 NA 241 NA 190 169 171 168 168 172 170 
Ind906 NA 132 266 266 NA 130 274 274 143 152 235 241 178 180 NA 112 NA 168 170 176 
Ind907 138 134 266 266 126 124 NA 277 140 146 NA 255 NA 180 NA 171 NA 168 NA 190 
Ind908 138 134 266 266 126 124 NA 277 140 146 NA 269 NA 180 NA 171 NA 168 NA 190 
Ind909 NA 136 266 266 124 126 NA 274 NA 143 257 247 NA 176 NA 175 NA 170 NA 284 
Ind910 NA 136 266 266 124 126 NA 277 NA 143 257 247 NA 182 NA 175 NA 170 NA 284 
Ind911 136 144 NA 266 124 130 274 274 NA 146 NA 241 182 174 NA 169 169 170 NA 176 
Ind912 134 134 266 266 NA 124 274 274 146 143 241 243 180 178 NA 112 NA 170 280 168 
Ind913 NA 138 NA 268 NA 126 274 274 NA 146 NA 235 NA 182 167 112 NA 172 NA 276 
Ind914 NA 134 NA 268 NA 122 274 274 NA 146 NA 235 NA 182 167 112 NA 168 NA 276 
Ind915 136 132 268 268 NA 126 NA 274 146 143 NA 241 168 178 NA 110 NA 168 172 278 
Ind916 136 152 268 268 NA 126 NA 274 146 146 NA 241 168 188 NA 112 NA 176 172 278 
Ind917 136 152 268 266 NA 126 NA 274 146 143 NA 267 168 178 NA 112 NA 176 172 280 
Ind918 136 132 268 266 NA 126 NA 274 146 146 NA 267 168 178 NA 110 NA 176 172 280 
Ind919 NA 140 NA 266 NA 128 274 277 NA 143 239 243 180 178 NA 167 NA 170 168 274 
Ind920 NA 134 NA 266 NA 130 NA 277 NA 146 NA 249 186 182 169 167 NA 168 272 276 
Ind921 NA 134 NA 266 130 128 NA 277 140 146 241 243 180 180 110 114 NA 173 276 170 
Ind922 NA 140 NA 266 128 122 274 274 146 146 NA 241 NA 174 114 169 NA 168 NA 172 
Ind923 NA 142 266 266 128 126 NA 274 NA 146 NA 235 182 170 175 112 NA 168 174 268 
Ind924 138 128 266 268 NA 126 277 277 146 140 NA 255 NA 182 NA 112 NA 169 276 172 
Ind925 NA 138 268 266 NA 126 NA 274 NA 149 NA 261 170 178 NA 112 NA 167 NA 270 
Ind926 NA 134 266 268 NA 130 NA 274 NA 140 NA 243 NA 174 NA 114 175 171 170 172 
Ind927 NA 144 NA 266 NA 124 NA 274 146 146 NA 245 178 174 169 169 169 170 NA 170 
Ind928 NA 144 NA 266 NA 124 NA 274 146 149 NA 245 178 176 169 167 169 171 NA 170 
Ind929 NA 140 NA 268 124 128 277 274 NA 134 NA 251 NA 184 NA 114 NA 187 174 276 
Ind930 134 134 266 266 NA 126 NA 274 NA 140 251 241 176 176 112 167 173 170 NA 268 
Ind931 134 134 266 266 NA 132 NA 274 NA 134 251 255 176 176 112 167 173 170 NA 268 
Ind932 NA 134 NA 266 128 128 NA 274 140 137 NA 255 186 174 NA 112 168 189 NA 280 
Ind933 140 134 266 266 124 124 274 274 NA 146 243 241 NA 170 NA 112 NA 174 NA 170 
Ind934 140 134 266 266 128 128 274 277 NA 134 NA 243 NA 184 114 118 195 173 280 176 
Ind935 140 134 266 266 128 128 274 277 NA 134 NA 243 NA 184 114 118 195 173 280 170 
Ind936 NA 146 266 266 NA 126 NA 274 134 146 NA 241 NA 168 NA 114 168 168 NA 274 
Ind937 NA 144 NA 266 NA 124 NA 277 146 113 243 259 176 182 NA 171 NA 172 170 176 
Ind938 NA 136 266 266 NA 124 NA 277 NA 143 NA 257 NA 174 NA 112 NA 170 276 180 
Ind939 138 132 266 268 NA 124 NA 277 NA 155 NA 249 NA 178 112 167 NA 169 NA 174 
Ind940 132 138 NA 266 NA 126 274 274 155 146 NA 241 NA 186 NA 169 168 171 172 274 
Ind941 132 138 NA 266 NA 126 274 274 155 140 NA 241 NA 186 NA 169 168 171 172 274 
Ind942 NA 140 266 268 126 122 274 277 NA 146 NA 243 186 184 NA 114 NA 169 NA 172 
Ind943 NA 132 268 266 NA 126 NA 274 NA 143 NA 235 NA 170 110 169 170 170 NA 276 
Ind944 NA 140 NA 266 NA 126 277 274 NA 146 NA 247 NA 174 NA 114 172 170 NA 176 
Ind945 134 136 NA 268 130 120 NA 277 NA 146 NA 247 172 170 NA 167 NA 168 176 174 
Ind946 140 132 NA 266 NA 124 274 274 NA 140 NA 241 190 178 NA 112 NA 175 NA 170 
Ind947 140 144 NA 266 NA 124 274 274 NA 140 NA 247 190 178 NA 112 NA 175 NA 170 
Ind948 NA 136 NA 266 124 126 274 277 NA 149 NA 241 172 182 169 112 NA 174 276 194 
Ind949 NA 132 266 268 NA 128 NA 274 134 146 NA 235 NA 174 NA 171 168 169 NA 174 
Ind950 NA 132 NA 266 NA 126 274 274 NA 140 NA 269 NA 178 NA 114 187 172 NA 170 
Ind951 NA 132 NA 266 NA 126 274 274 NA 137 NA 259 NA 172 NA 114 187 172 NA 178 
Ind952 NA 134 NA 266 NA 132 NA 277 143 143 NA 243 174 166 110 169 NA 170 NA 276 
Ind953 NA 134 NA 266 NA 132 NA 277 143 146 NA 243 174 180 110 110 NA 170 NA 268 
Ind954 172 130 NA 266 122 126 274 274 NA 146 241 247 176 172 163 112 166 172 276 280 
Ind955 172 140 NA 268 122 126 274 274 NA 140 241 243 176 168 163 114 166 172 276 172 
Ind956 NA 144 266 266 NA 130 NA 274 NA 140 251 243 168 178 NA 110 NA 171 172 170 
Ind957 NA 134 NA 266 NA 132 NA 274 140 146 257 251 NA 180 NA 171 NA 170 272 170 
Ind958 NA 132 266 266 NA 130 274 274 NA 149 241 243 176 186 114 112 NA 172 NA 172 
Ind959 NA 142 266 266 NA 130 274 274 NA 149 241 243 176 178 114 112 NA 170 NA 268 
Ind960 138 138 266 266 NA 122 NA 274 140 143 NA 247 NA 174 112 114 NA 168 NA 276 
Ind961 NA 134 266 266 NA 126 277 274 NA 146 265 253 190 174 NA 112 169 169 268 174 
Ind962 NA 138 268 266 NA 126 NA 274 NA 113 241 231 NA 174 NA 171 NA 174 NA 268 
Ind963 NA 138 268 266 NA 126 NA 274 NA 113 241 231 NA 178 NA 171 NA 173 NA 268 
Ind964 134 140 266 266 NA 124 NA 274 149 146 243 235 172 182 169 112 NA 170 NA 278 
Ind965 NA 134 266 268 NA 130 NA 274 146 134 241 241 NA 174 112 112 NA 170 172 268 
Ind966 NA 134 NA 268 122 126 274 274 NA 140 NA 243 188 186 114 169 NA 169 NA 276 
Ind967 142 132 266 266 NA 130 NA 274 NA 146 NA 241 172 168 NA 114 NA 171 178 280 
Ind968 142 132 266 266 NA 130 NA 274 NA 146 NA 241 172 180 NA 114 NA 171 178 176 
Ind969 134 134 NA 268 130 128 NA 274 NA 140 NA 235 188 184 NA 112 NA 170 NA 170 
Ind970 NA 142 NA 266 NA 126 274 274 143 143 NA 251 NA 172 NA 114 166 173 172 278 
Ind971 NA 138 NA 266 122 126 NA 277 NA 146 241 241 180 182 NA 114 NA 172 NA 268 
Ind972 NA 134 NA 266 122 130 NA 274 143 140 NA 255 NA 176 112 169 NA 173 NA 276 
Ind973 NA 134 NA 266 124 128 NA 274 143 119 NA 241 NA 178 NA 114 NA 170 NA 276 
Ind974 140 134 266 266 124 130 NA 277 NA 146 NA 233 180 190 NA 169 177 171 NA 170 
Ind975 140 134 266 266 124 130 NA 277 NA 146 NA 233 180 190 NA 169 177 171 NA 176 
Ind976 136 134 266 266 NA 130 274 274 140 146 NA 245 180 178 NA 169 NA 170 174 172 
Ind977 136 134 266 266 NA 130 274 274 140 146 NA 269 180 168 NA 169 NA 170 174 172 
Ind978 NA 134 266 266 130 126 NA 274 167 146 263 231 NA 174 NA 112 NA 172 NA 176 
Ind979 NA 128 NA 266 130 130 NA 277 146 134 243 249 NA 182 NA 171 NA 171 NA 280 
Ind980 NA 134 NA 266 130 130 NA 277 146 140 243 235 NA 182 NA 171 NA 171 NA 280 
Ind981 132 140 NA 266 NA 122 NA 274 NA 140 239 241 176 176 173 116 NA 172 NA 176 
Ind982 136 132 NA 266 NA 124 NA 274 143 137 253 241 182 172 NA 169 NA 170 NA 268 
Ind983 136 132 NA 266 NA 124 NA 277 143 137 253 241 182 174 NA 169 NA 170 NA 268 
Ind984 138 134 266 266 NA 128 274 274 NA 143 241 241 NA 184 NA 112 NA 168 172 280 
Ind985 NA 134 268 266 130 122 NA 274 NA 134 241 231 NA 172 NA 110 NA 173 NA 178 
Ind986 NA 134 268 266 130 130 NA 274 NA 134 241 231 NA 172 NA 110 NA 173 NA 178 
Ind987 NA 134 NA 266 126 130 274 274 NA 140 241 235 186 180 167 167 NA 171 NA 268 
Ind988 NA 144 266 266 NA 124 274 277 NA 149 243 251 NA 174 NA 112 NA 174 NA 278 
Ind989 NA 138 266 266 NA 124 274 274 NA 149 243 251 NA 178 NA 112 NA 174 NA 278 
Ind990 NA 138 NA 266 124 128 274 274 NA 146 235 247 NA 172 NA 112 173 170 NA 276 
Ind991 NA 140 NA 266 NA 130 NA 274 149 146 247 251 NA 170 169 167 168 168 190 172 
Ind992 NA 138 NA 266 128 130 NA 274 113 137 NA 251 170 166 112 173 173 169 270 270 
Ind993 NA 138 NA 266 128 124 NA 277 113 155 NA 251 170 170 112 169 173 170 270 176 
Ind994 NA 136 NA 266 NA 130 274 277 140 143 NA 261 NA 178 NA 163 167 187 176 190 
Ind995 NA 132 NA 266 NA 130 274 277 140 149 NA 261 NA 178 NA 163 167 187 176 190 
Ind996 NA 134 NA 266 NA 128 NA 274 146 146 239 269 180 170 NA 169 NA 173 NA 192 
Ind997 NA 130 266 268 124 130 277 274 NA 146 NA 243 NA 154 167 169 NA 171 NA 174 
Ind998 NA 140 266 268 NA 126 274 274 NA 140 NA 269 178 178 112 167 NA 169 NA 270 
Ind999 NA 138 NA 266 NA 130 NA 274 NA 137 NA 243 176 174 112 110 NA 169 172 176 
Ind1000 NA 138 NA 266 NA 130 NA 274 NA 137 NA 243 176 174 112 110 NA 177 172 272 

0 0 !Probabilities that the father and mother of an offspring included in candidates
0 0 !Numbers of candidate males and females



0 0 !Number of known paternities

0 0 !Number of known maternities

0 !Number of known paternal sibships with unknown fathers

0  !Number of known maternal sibships with unknown mothers

0  !Number of offspring with known excluded paternity

0  !Number of offspring with known excluded maternity

0  !Number of offspring with known excluded paternal sibships

0  !Number of offspring with known excluded maternal sibships

