mixtus_set2_sub0.4 ! C, Dataset name, Length<51
mixtus_set2_sub0.4 ! C, Main output file name, Length<21
800 ! I, Number of offspring in the sample
10 ! I, Number of loci
123 ! I, Seed for random number generator
0 ! B, 0/1=Not updating/updating allele frequency
2 ! 2/1=Dioecious/Monoecious
0 ! 0/1=No inbreeding/inbreeding
1 ! B, 0/1=Diploid species/HaploDiploid species
1 1 ! B, 0/1=Polygamy/Monogamy for males & females
0 ! 0/1=No clone inference/clone inference
0 ! 0/1=No scaling/sibship size scaling
1 1 1 ! B, R, R : Use sibship prior, Y/N=1/0. If Yes, give mean paternal, maternal sibship size
0 ! B, 0/1=Unknown/Known population allele frequency

1 ! I, Number of runs
3 ! I, Length of Run (1, 2, 3) = (Short, Medium, Long)
1 ! B, 0/1=Monitor method by Iterate#/Time in second
60 ! I, Monitor interval in Iterate#/Seconds
0 ! B, 0/1=Other platform/Windows execution
1 ! 1/0=Full-likelihood/pairwise-likelihood score method
3 ! 1/2/3=low/medium/high precision


BT10 BTMS0057 BTMS0086 BTMS0066 BTMS0062 BTMS0136 BTMS0126 BL13 BTMS0083 B126 !Marker IDs
0 0 0 0 0 0 0 0 0 0 !Marker types, 0/1=Codominant/Dominant
0 0 0 0 0 0 0 0 0 0 !Marker-specific allelic dropout rate
0.01 0.01 0.015 0.01 0.015 0.01 0.0162 0.0159 0.01 0.01 !Other marker-specific typing-error rate


Ind1858 138 130 266 266 124 130 274 277 149 146 241 247 182 170 112 177 193 171 276 172 !Offspring ID and genotypes
Ind1969 138 138 266 266 126 126 274 274 146 143 235 251 176 176 167 177 170 170 268 276 
Ind1513 140 134 266 266 132 122 274 274 113 143 241 241 178 172 167 112 187 168 172 276 
Ind1447 134 134 266 266 124 126 274 274 146 134 273 251 178 180 169 116 173 174 280 280 
Ind606 144 150 266 268 124 128 274 274 143 134 257 241 166 176 171 112 169 170 176 270 
Ind1122 134 142 266 266 124 122 274 274 143 119 263 241 174 182 169 108 169 171 176 274 
Ind918 146 132 266 268 130 128 274 274 146 0 247 241 182 174 163 110 172 179 176 280 
Ind1388 132 134 266 266 124 122 274 274 140 140 241 241 172 170 177 112 169 173 268 268 
Ind8 144 144 266 268 124 128 274 274 134 155 241 249 154 180 110 110 168 171 280 280 
Ind102 140 142 266 266 124 124 274 277 140 137 241 241 172 176 116 112 169 181 172 174 
Ind1282 132 134 266 266 126 132 274 277 152 119 243 245 178 170 171 112 173 170 170 170 
Ind475 132 138 266 266 132 124 277 274 134 137 247 255 174 182 114 167 169 173 268 268 
Ind883 134 130 266 268 130 126 277 274 146 146 251 241 176 174 167 169 168 168 270 280 
Ind375 136 140 266 266 124 116 274 274 134 140 243 255 178 180 165 169 173 171 172 276 
Ind448 140 134 266 266 124 122 277 274 146 143 241 241 180 186 112 112 171 170 170 270 
Ind277 134 134 268 266 126 130 277 274 146 146 247 269 180 168 116 167 171 170 176 278 
Ind554 134 144 266 268 128 124 274 274 140 140 255 261 178 178 112 167 170 168 270 270 
Ind453 132 140 266 266 128 124 274 274 155 140 235 245 172 172 167 165 168 170 276 268 
Ind737 138 134 266 266 124 126 277 274 149 143 279 235 168 172 169 112 176 175 276 270 
Ind320 134 138 266 266 128 128 274 277 146 146 229 247 178 184 116 114 179 173 276 176 
Ind1026 144 146 266 266 124 128 277 274 134 134 249 269 188 180 112 169 170 170 280 172 
Ind1707 140 134 266 268 124 130 274 274 146 155 243 239 178 180 112 167 173 168 276 196 
Ind1248 132 140 266 266 126 130 277 274 146 146 241 277 176 168 112 165 169 170 176 276 
Ind1905 134 136 266 268 128 126 277 274 140 140 235 243 172 172 114 167 173 177 172 176 
Ind15 132 132 266 266 130 130 274 277 137 146 251 235 178 184 110 169 170 170 178 276 
Ind1200 134 140 268 266 128 126 277 274 140 143 245 243 186 182 167 112 176 175 172 268 
Ind589 132 136 266 266 128 128 277 274 149 146 243 235 184 176 112 112 173 172 268 174 
Ind1150 140 132 266 266 128 126 274 274 146 143 241 267 174 172 169 167 168 169 268 268 
Ind230 132 142 266 266 128 124 274 274 146 146 235 251 176 172 112 112 172 170 274 274 
Ind195 132 134 266 266 126 122 274 274 134 140 255 247 178 178 112 112 174 173 280 276 
Ind864 136 140 266 266 132 134 274 274 134 146 241 257 188 162 167 112 172 168 180 268 
Ind1060 144 144 266 268 124 122 274 277 143 143 241 255 168 182 110 165 177 181 274 170 
Ind88 144 138 268 266 126 124 274 274 140 146 255 243 182 162 112 165 168 171 276 166 
Ind1589 138 134 266 266 128 124 277 274 143 140 247 251 178 176 169 187 173 185 276 270 
Ind72 144 132 266 266 128 126 274 274 146 146 255 241 178 178 112 112 168 168 192 280 
Ind1300 144 132 268 268 124 124 274 274 146 134 255 241 170 176 114 167 168 170 172 0 
Ind629 138 138 266 266 124 124 277 274 143 146 245 243 172 168 112 112 176 171 276 270 
Ind160 134 132 268 266 126 126 274 274 146 146 267 241 174 174 169 114 169 177 182 176 
Ind1719 132 144 266 266 122 128 274 274 146 143 241 241 180 172 114 167 168 181 280 188 
Ind1358 136 132 266 266 126 126 277 274 137 146 241 235 184 176 169 116 170 177 168 176 
Ind785 136 142 266 266 130 124 274 277 143 146 241 255 170 178 167 169 177 170 172 282 
Ind934 134 132 266 266 126 126 277 274 143 152 239 235 186 172 171 112 193 170 280 274 
Ind1244 142 136 266 266 126 132 277 274 155 137 259 235 184 174 114 108 168 169 280 176 
Ind1620 134 128 266 266 128 132 277 274 143 134 259 241 154 170 169 167 172 170 182 268 
Ind1524 132 136 268 266 122 128 277 274 146 137 247 245 172 180 110 169 170 169 170 268 
Ind1284 130 132 266 266 124 122 274 274 134 143 235 257 174 178 112 169 173 169 172 174 
Ind1278 136 144 266 268 128 128 274 277 146 146 241 255 182 172 169 167 176 171 172 276 
Ind311 138 134 266 266 126 126 274 274 137 146 259 255 170 184 116 116 168 170 170 268 
Ind491 136 134 266 266 126 130 274 274 146 140 255 247 180 178 169 112 169 170 274 170 
Ind202 146 144 268 266 126 128 274 277 140 134 243 241 180 184 175 169 170 168 268 174 
Ind341 134 134 268 266 122 122 277 274 146 143 247 241 180 178 169 169 172 170 276 176 
Ind300 134 132 268 266 122 122 274 274 146 146 251 241 176 174 169 171 170 187 172 268 
Ind740 140 140 268 266 122 128 274 274 146 140 235 251 178 184 171 112 174 179 284 278 
Ind1726 132 142 266 268 124 128 277 274 146 140 253 241 174 176 171 167 170 171 268 172 
Ind998 134 128 266 268 126 122 274 274 146 146 241 241 172 172 110 187 187 166 270 270 
Ind1165 130 134 266 266 126 124 277 274 146 134 247 241 184 190 112 169 168 169 176 172 
Ind1198 132 134 266 266 124 124 274 274 140 119 247 253 176 168 167 112 170 168 280 276 
Ind1808 132 138 266 268 126 124 277 277 146 146 251 241 178 172 112 169 173 168 172 276 
Ind914 136 140 266 266 128 132 274 274 146 143 253 235 178 170 167 165 170 170 176 174 
Ind1684 134 142 266 266 128 126 274 277 146 146 243 243 172 186 112 112 168 171 274 268 
Ind524 132 136 266 266 124 126 277 277 140 143 247 241 180 178 167 165 171 172 274 270 
Ind329 132 138 266 266 124 126 274 274 146 143 243 255 168 176 167 114 169 169 270 276 
Ind108 136 172 266 266 122 130 277 274 134 146 255 243 172 178 110 110 175 173 276 278 
Ind752 132 146 266 266 130 128 274 274 140 146 241 243 172 172 110 112 166 174 276 268 
Ind968 130 160 266 266 130 126 274 277 137 143 243 243 174 172 167 110 170 167 196 268 
Ind1811 134 132 268 266 126 128 274 274 140 140 247 241 186 170 112 112 170 179 276 174 
Ind1069 142 142 266 266 126 126 277 277 149 146 241 241 172 178 169 169 170 168 276 172 
Ind42 142 132 266 266 126 130 274 274 161 146 231 249 166 180 169 167 166 171 268 276 
Ind1034 138 134 266 266 124 128 277 277 134 140 243 255 176 176 169 165 172 168 276 280 
Ind312 134 138 266 266 124 124 274 274 146 134 243 269 172 176 165 114 168 171 178 268 
Ind1285 152 132 266 266 128 122 274 274 146 143 251 257 174 178 114 169 173 169 172 174 
Ind1573 134 136 266 266 126 126 274 274 140 146 247 239 174 168 167 112 185 169 276 168 
Ind1708 140 134 266 268 124 130 274 274 143 155 243 239 172 180 112 167 170 168 268 196 
Ind1917 128 136 266 266 116 124 277 274 155 149 241 243 170 176 169 112 173 174 276 270 
Ind748 142 132 266 266 130 124 274 274 158 134 247 247 166 172 167 112 175 170 292 276 
Ind958 132 138 266 266 130 132 277 277 134 146 247 255 178 168 112 116 169 170 176 168 
Ind398 138 142 266 266 126 126 274 277 140 146 231 229 172 184 112 114 181 172 268 278 
Ind130 132 132 266 266 126 124 274 277 146 140 241 243 178 170 165 163 168 177 174 168 
Ind60 128 134 266 266 124 130 277 274 146 143 241 243 182 180 171 114 168 175 170 176 
Ind836 134 134 266 266 128 126 277 277 143 146 267 241 178 174 175 112 169 168 270 276 
Ind664 144 134 266 266 124 130 274 274 146 134 255 243 170 168 173 165 173 177 272 276 
Ind837 134 138 266 266 130 126 274 274 125 146 243 247 170 176 167 169 170 168 178 172 
Ind1309 144 134 266 266 124 128 274 274 143 146 247 243 166 186 114 169 174 170 276 170 
Ind97 140 138 266 266 122 130 274 274 143 137 241 241 184 176 167 165 177 170 172 278 
Ind1935 134 134 266 266 126 126 277 277 137 143 243 243 180 180 112 110 170 172 176 170 
Ind1703 132 140 266 266 122 126 274 274 146 155 247 251 174 186 112 167 179 172 280 172 
Ind1515 138 136 266 268 128 130 277 0 146 134 241 247 174 174 112 112 168 173 268 170 
Ind1869 144 132 266 268 124 124 274 274 146 140 255 257 178 182 112 112 172 170 178 276 
Ind1294 134 134 266 266 130 126 277 274 143 140 243 241 178 172 112 112 171 168 170 174 
Ind1029 136 140 266 266 130 130 274 274 146 146 261 255 176 176 175 167 168 177 274 270 
Ind1416 132 138 266 266 128 124 274 274 140 143 255 245 180 176 167 167 168 171 278 276 
Ind672 132 140 266 266 126 124 274 274 134 143 241 241 184 188 173 114 168 172 174 280 
Ind1289 138 144 266 266 128 124 274 277 0 0 249 245 184 182 173 112 172 173 276 278 
Ind982 142 134 268 266 126 128 274 274 143 137 247 251 176 182 112 112 172 169 280 276 
Ind1495 132 132 266 266 126 128 274 277 140 146 247 247 186 178 171 169 173 171 276 276 
Ind1465 134 134 266 266 124 126 274 274 146 149 235 249 178 172 110 167 170 170 268 280 
Ind819 132 134 266 266 122 126 277 274 146 146 233 245 192 178 112 114 172 170 178 280 
Ind118 140 144 266 266 130 122 277 274 146 146 243 241 176 186 169 169 169 181 172 270 
Ind77 134 144 266 266 124 130 274 274 140 155 241 241 176 172 112 167 169 172 170 170 
Ind1776 134 144 268 268 126 130 277 274 149 146 243 243 184 180 114 114 170 170 172 172 
Ind1735 134 144 266 266 128 126 274 274 146 143 243 247 176 174 114 0 171 168 170 276 
Ind347 140 132 266 266 130 126 274 274 146 146 243 241 176 188 167 116 171 168 276 268 
Ind1787 134 140 266 266 122 128 274 274 134 140 255 255 176 168 114 171 169 175 268 170 
Ind1449 140 138 266 266 124 128 274 277 140 113 241 255 174 170 110 167 174 171 268 276 
Ind395 140 140 266 266 128 130 277 274 140 146 255 245 176 166 175 110 170 171 170 280 
Ind181 138 134 266 266 128 126 277 274 134 143 241 241 176 176 112 112 170 168 176 270 
Ind1502 134 132 268 266 126 124 274 277 167 146 243 239 186 172 110 167 170 189 190 280 
Ind751 140 138 266 266 124 130 274 274 146 140 257 255 184 170 169 114 169 176 268 176 
Ind1504 132 140 266 268 126 128 274 274 134 143 247 241 188 182 112 112 170 172 276 268 
Ind1929 134 136 268 266 122 130 277 274 140 137 243 247 170 154 112 112 177 177 170 276 
Ind566 134 144 266 266 126 124 274 274 143 119 243 235 174 176 167 171 167 169 276 268 
Ind212 136 134 266 266 126 122 274 274 128 134 235 247 168 170 108 179 174 175 176 268 
Ind992 132 138 266 266 126 130 274 274 146 146 243 259 180 170 112 108 168 167 268 168 
Ind1791 142 140 266 266 122 126 274 277 140 146 251 267 180 178 112 116 168 168 170 270 
Ind1331 138 138 266 266 128 128 277 274 140 146 247 241 184 168 167 167 170 170 276 172 
Ind1233 134 142 266 266 130 126 274 277 146 143 247 247 176 170 167 110 169 176 270 278 
Ind366 132 144 266 266 124 126 277 274 0 0 243 251 172 178 173 171 168 170 272 270 
Ind1654 132 132 266 268 130 126 277 274 146 140 243 269 180 180 169 114 170 170 178 170 
Ind693 144 132 266 266 124 126 274 277 146 143 243 255 182 180 112 112 171 179 278 280 
Ind245 134 172 266 266 116 124 274 274 143 146 241 269 180 174 169 114 176 168 278 186 
Ind1081 134 134 268 266 124 128 277 266 167 143 243 243 186 170 112 112 171 170 268 178 
Ind1534 138 134 266 266 126 124 274 277 149 137 259 241 180 180 169 116 174 170 276 276 
Ind1445 134 140 266 266 126 124 274 274 146 140 235 243 184 170 167 114 168 174 182 280 
Ind1291 134 130 266 266 128 130 274 274 146 140 243 249 168 180 179 163 168 172 272 172 
Ind1360 144 144 266 266 126 124 274 274 113 134 243 243 174 172 169 173 168 168 276 170 
Ind1528 138 132 266 266 124 126 277 277 146 140 269 241 176 172 169 114 173 169 176 272 
Ind523 132 136 266 266 124 126 277 277 146 143 243 241 188 178 110 165 171 172 276 270 
Ind925 134 134 266 266 124 128 274 274 137 146 243 247 178 188 114 112 168 172 270 276 
Ind907 144 138 266 266 126 130 274 274 146 146 269 235 168 172 167 114 172 177 172 176 
Ind468 132 134 266 266 126 122 274 274 137 146 231 241 172 178 169 165 175 170 174 268 
Ind1138 134 138 266 266 124 128 274 274 140 140 243 241 182 172 167 167 177 172 276 270 
Ind1004 134 138 266 266 128 124 274 277 140 143 241 253 168 178 112 108 174 172 280 182 
Ind835 138 144 266 266 128 124 274 274 140 146 249 241 174 186 112 167 164 171 170 176 
Ind575 144 140 266 268 128 128 274 274 146 155 241 243 172 182 169 110 175 170 270 176 
Ind368 150 134 266 266 128 126 277 274 146 143 273 247 180 170 114 171 170 171 276 268 
Ind1186 132 134 266 266 126 126 274 274 149 140 243 251 180 172 173 187 169 169 172 172 
Ind287 132 172 266 266 124 128 274 277 146 146 241 235 170 186 167 112 175 176 272 276 
Ind1767 138 134 266 266 126 128 274 274 146 146 241 241 168 170 0 0 168 189 176 176 
Ind1566 140 132 266 266 128 126 277 274 134 140 243 243 182 182 167 167 171 169 276 276 
Ind485 142 136 266 266 128 124 274 277 143 155 235 257 180 168 167 171 172 170 276 276 
Ind68 142 140 266 266 126 128 277 274 167 140 241 255 180 176 114 112 174 172 188 280 
Ind1856 140 136 266 266 126 130 274 274 134 143 241 241 170 170 169 167 168 179 178 276 
Ind1966 136 136 266 266 124 126 274 277 137 149 241 241 172 182 169 165 170 169 280 170 
Ind253 132 144 266 266 130 124 274 274 146 146 247 243 180 176 167 114 170 176 276 280 
Ind1293 144 134 266 266 126 128 274 274 146 146 235 255 172 176 167 112 172 168 170 170 
Ind27 138 132 266 266 136 126 274 274 146 140 255 241 186 178 167 112 170 170 178 172 
Ind548 134 144 266 266 132 116 277 274 176 134 241 241 174 190 112 114 187 173 280 172 
Ind54 134 136 266 266 126 128 277 274 128 0 235 269 180 178 112 114 171 193 176 270 
Ind1540 134 138 266 266 124 130 274 277 146 113 247 233 178 172 175 112 173 173 172 174 
Ind1930 134 136 268 266 128 130 274 274 140 137 243 247 180 154 169 112 187 177 276 276 
Ind1780 138 144 268 266 122 124 274 274 119 134 247 243 178 180 114 169 174 166 178 268 
Ind1546 132 128 266 266 124 124 274 274 140 155 241 243 176 178 112 169 171 195 270 270 
Ind544 132 134 266 266 124 126 274 274 137 149 253 243 178 176 112 169 173 170 276 192 
Ind1156 132 144 266 266 128 128 274 274 143 140 239 247 168 176 112 167 179 169 176 270 
Ind415 134 134 266 268 130 128 274 274 143 143 251 241 174 172 110 169 174 171 170 176 
Ind219 134 132 266 266 122 122 274 277 146 146 239 243 182 172 165 112 174 174 268 270 
Ind1037 140 144 268 268 126 124 274 274 146 143 231 235 166 182 167 110 170 167 276 182 
Ind1021 138 138 266 266 126 124 274 274 146 152 247 235 174 176 112 171 173 169 276 268 
Ind179 138 134 266 266 122 126 277 274 134 143 243 241 176 176 112 112 170 168 176 270 
Ind2000 144 132 266 268 128 132 274 274 146 146 273 243 0 0 173 112 169 168 276 278 
Ind1399 134 134 266 266 126 128 274 277 155 146 241 241 178 186 171 112 172 167 280 170 
Ind955 132 134 268 266 124 124 277 274 143 146 249 235 182 180 165 185 168 174 270 276 
Ind1466 134 132 268 266 130 124 274 277 146 143 243 243 180 174 167 112 170 174 276 276 
Ind1172 132 134 266 268 126 126 277 274 134 167 247 241 180 168 167 114 170 166 178 170 
Ind1010 138 132 266 266 128 126 277 274 146 143 255 243 176 180 169 169 177 172 276 176 
Ind814 138 142 266 266 132 126 274 274 158 146 241 243 178 174 173 112 172 176 172 170 
Ind47 140 166 266 266 130 124 274 274 146 155 241 257 180 170 112 112 169 173 178 168 
Ind784 136 142 266 266 130 124 277 277 140 146 241 255 178 178 177 169 177 170 172 282 
Ind810 136 138 266 266 128 124 274 274 143 143 255 241 174 172 112 169 169 175 268 270 
Ind721 138 132 266 266 124 122 277 274 152 146 265 243 168 188 167 112 169 172 174 278 
Ind1915 140 140 266 266 128 128 274 274 146 155 241 273 180 180 108 112 173 169 176 270 
Ind23 160 132 266 266 126 130 274 274 143 143 241 235 170 180 175 169 174 170 176 180 
Ind335 132 134 266 266 126 130 277 274 119 140 239 235 176 186 169 112 169 171 268 178 
Ind1543 134 140 266 266 132 122 277 274 152 146 237 249 170 172 112 167 166 171 174 276 
Ind1661 140 144 266 266 126 124 274 277 146 149 241 239 178 172 169 167 171 172 270 268 
Ind720 136 134 266 266 126 126 274 274 143 146 235 255 184 174 167 110 170 167 170 268 
Ind929 132 136 266 266 130 128 277 274 137 140 231 239 180 186 112 112 0 0 268 172 
Ind1873 134 134 266 266 124 126 274 274 146 143 249 261 172 186 169 163 167 170 170 280 
Ind923 132 134 266 266 124 128 274 274 137 146 243 247 170 188 114 112 168 172 270 276 
Ind788 134 134 266 266 128 126 274 274 119 152 243 241 172 174 112 169 187 170 268 168 
Ind140 140 134 266 266 128 126 274 274 140 146 241 273 176 180 167 112 172 170 170 178 
Ind1419 144 134 268 268 128 126 274 274 158 134 235 247 172 180 171 110 168 170 170 276 
Ind217 134 132 266 266 130 128 277 274 134 146 241 243 180 186 165 177 168 167 172 280 
Ind1807 134 142 266 268 126 128 274 277 143 146 243 247 192 174 114 169 171 171 176 170 
Ind1346 136 132 266 268 122 126 274 274 140 143 243 243 184 184 118 165 175 187 170 276 
Ind1638 140 134 268 266 126 122 274 274 146 155 289 241 182 168 112 163 175 168 268 284 
Ind1794 144 144 266 266 122 128 274 274 146 146 241 269 168 172 169 112 176 170 278 268 
Ind390 140 134 266 268 130 124 277 274 146 146 253 241 170 178 114 114 172 171 276 276 
Ind192 134 132 266 266 126 128 274 274 167 146 263 273 178 174 187 169 168 170 178 178 
Ind33 134 140 268 266 132 126 277 274 140 134 251 241 176 174 114 169 176 166 174 268 
Ind813 144 142 266 266 132 126 274 274 158 146 241 243 180 174 112 112 171 176 276 170 
Ind503 138 138 268 266 128 124 274 274 146 146 241 241 182 192 169 0 169 169 280 170 
Ind1218 142 138 266 268 124 124 277 274 119 134 249 241 168 172 114 112 170 168 276 268 
Ind1340 138 140 266 266 130 130 277 274 134 146 235 241 176 172 112 110 187 169 176 278 
Ind873 134 132 266 266 128 126 274 274 170 143 241 241 168 176 167 112 171 168 280 280 
Ind518 132 138 266 266 128 130 274 274 155 146 253 241 176 180 169 169 170 168 276 268 
Ind1263 140 146 266 266 126 130 274 274 140 134 235 241 178 186 167 116 177 172 170 172 
Ind467 138 132 266 266 124 126 274 274 140 140 243 241 182 176 167 169 175 174 270 268 
Ind247 128 134 266 266 126 124 277 274 134 146 255 257 172 186 108 169 172 172 276 170 
Ind885 138 144 266 266 130 126 274 274 140 137 273 243 172 184 167 112 171 187 172 270 
Ind1560 144 132 266 266 122 124 274 277 143 146 235 259 180 170 167 165 177 173 270 190 
Ind1631 138 128 266 266 124 126 274 277 143 146 243 247 178 192 171 169 175 169 176 178 
Ind1893 132 140 266 268 128 126 274 274 140 146 251 243 178 174 171 110 169 169 172 172 
Ind1525 144 138 266 268 122 128 274 277 143 143 243 231 168 184 167 167 171 168 170 182 
Ind1335 132 134 268 266 128 126 274 274 143 143 255 253 178 182 112 167 170 177 280 176 
Ind161 142 132 266 266 126 126 277 274 146 146 267 241 184 174 169 114 168 177 172 176 
Ind709 144 146 268 266 120 128 274 274 149 146 243 235 184 186 167 114 167 170 276 268 
Ind831 134 138 266 266 122 130 274 277 140 140 255 243 180 170 114 112 168 171 172 172 
Ind1851 140 134 268 266 124 126 274 274 134 146 243 243 176 174 112 112 169 169 268 280 
Ind1372 140 142 268 266 116 132 277 274 146 146 235 261 180 186 112 171 166 175 268 178 
Ind943 140 134 266 266 130 126 274 274 140 140 253 243 178 192 114 114 175 167 172 172 
Ind1493 132 140 266 266 128 128 274 274 146 146 247 251 168 174 112 171 187 171 276 174 
Ind1895 138 132 266 266 126 126 274 277 140 143 243 251 168 166 114 112 171 170 270 276 
Ind1671 146 132 266 266 126 126 274 274 137 152 259 239 170 174 112 110 166 168 270 280 
Ind1167 132 134 266 266 126 132 274 274 143 140 241 251 176 178 167 173 168 175 272 268 
Ind1938 136 144 266 266 132 130 274 274 167 137 243 239 168 170 114 112 168 175 174 192 
Ind117 140 144 266 266 130 122 274 274 134 146 243 241 172 186 169 169 168 181 172 270 
Ind1259 132 134 266 266 130 126 274 274 143 146 243 247 172 172 173 114 172 172 172 188 
Ind662 138 140 268 268 126 128 274 266 134 146 249 259 178 176 110 112 168 168 276 280 
Ind1228 140 144 268 268 124 124 274 274 146 146 239 255 174 174 112 169 169 189 270 170 
Ind1690 136 132 266 266 128 128 277 277 146 146 241 235 174 174 169 112 170 169 270 272 
Ind484 142 144 266 266 122 130 274 277 140 140 241 261 180 172 169 110 177 171 166 276 
Ind1810 140 136 266 266 130 128 274 274 146 146 235 241 176 154 114 167 172 169 280 268 
Ind1670 138 140 266 266 124 126 274 274 146 146 247 251 178 186 167 163 168 170 176 268 
Ind1942 138 144 266 266 122 128 274 277 134 155 247 241 184 182 112 167 169 170 172 276 
Ind1146 134 132 268 266 124 126 274 274 143 146 243 251 186 172 169 167 172 172 170 276 
Ind676 140 132 266 266 130 124 274 274 143 146 241 249 168 166 167 108 168 171 270 284 
Ind1311 132 144 268 268 128 132 274 274 149 140 243 251 174 176 112 167 171 175 170 268 
Ind138 138 138 266 266 124 126 277 274 140 119 261 251 176 166 112 108 168 179 276 272 
Ind209 140 132 266 266 126 126 274 274 146 146 241 235 184 190 112 169 170 187 278 170 
Ind394 134 144 266 266 124 124 274 277 146 134 243 247 184 178 167 110 170 177 270 170 
Ind1928 144 136 266 266 128 130 277 274 146 137 243 247 170 154 112 112 177 177 170 276 
Ind1533 132 132 266 266 124 126 277 277 140 140 229 243 166 172 112 167 170 167 182 172 
Ind690 142 144 266 266 122 126 277 274 146 146 243 239 172 170 167 167 177 167 276 170 
Ind516 152 132 266 266 126 126 274 277 146 146 241 243 178 176 112 112 170 168 178 176 
Ind597 130 132 268 266 126 128 274 274 149 134 241 241 180 174 163 167 170 170 170 268 
Ind1423 142 140 266 266 126 130 274 274 143 146 259 241 182 174 169 116 172 167 178 278 
Ind984 132 138 266 268 122 122 274 274 140 146 243 241 182 188 167 114 171 170 268 276 
Ind692 132 144 266 266 126 126 277 274 146 140 235 259 182 178 173 167 169 177 278 168 
Ind750 142 132 266 266 130 124 274 274 158 134 269 247 166 172 167 112 175 170 176 276 
Ind935 134 132 268 266 126 126 277 274 143 152 241 235 182 172 171 112 193 170 270 274 
Ind765 140 134 268 268 124 124 274 274 140 152 267 235 180 172 114 112 177 179 276 276 
Ind661 134 140 268 268 126 128 277 266 134 146 239 259 178 176 110 112 168 168 276 268 
Ind1313 132 134 266 266 122 128 274 274 140 146 245 235 178 182 112 112 169 169 276 276 
Ind276 132 134 266 266 124 128 277 274 143 164 257 235 180 180 167 167 169 168 270 276 
Ind1296 134 142 266 266 124 124 274 274 146 167 241 239 172 188 110 169 168 173 172 268 
Ind1243 134 134 266 266 130 126 274 277 146 134 241 255 178 170 173 177 175 172 170 270 
Ind14 132 140 266 266 130 126 274 277 146 134 241 239 182 168 169 112 177 173 268 270 
Ind1227 146 144 268 268 124 124 274 274 146 146 247 255 178 174 112 169 171 189 274 170 
Ind1314 132 132 266 266 126 122 274 277 149 143 247 251 178 176 169 112 176 179 270 284 
Ind603 134 134 266 266 130 126 274 274 137 167 241 243 172 178 112 110 177 170 268 172 
Ind1968 138 138 266 266 122 126 274 274 146 143 235 251 176 176 167 177 168 170 272 276 
Ind1847 144 144 268 266 128 128 274 277 152 146 255 247 172 178 169 110 173 177 172 274 
Ind1202 138 136 266 266 130 128 274 274 0 0 273 241 172 178 114 167 173 181 276 174 
Ind1579 132 140 266 266 122 126 274 274 146 143 255 241 172 178 167 116 185 170 172 300 
Ind1771 136 140 266 266 126 128 277 274 140 143 251 239 174 170 112 114 175 169 270 168 
Ind760 138 138 268 266 128 122 277 274 143 134 251 243 170 180 169 112 170 173 172 280 
Ind136 136 140 268 266 126 126 274 274 149 143 259 253 184 182 112 114 169 173 192 174 
Ind1211 138 138 266 268 132 126 277 274 119 140 235 241 182 176 167 112 177 174 276 268 
Ind1854 132 136 266 268 124 124 277 274 0 0 241 235 178 174 169 173 187 173 172 172 
Ind560 138 142 266 266 124 128 277 274 161 146 259 241 162 160 169 112 179 173 176 280 
Ind262 134 140 266 266 132 124 274 277 119 140 247 239 184 176 112 110 170 168 278 268 
Ind878 140 132 268 266 128 126 274 274 155 149 253 241 176 178 169 112 168 174 172 172 
Ind768 134 138 266 268 122 130 274 274 140 119 241 241 178 154 169 112 177 169 170 268 
Ind1763 134 128 266 266 128 124 274 274 140 146 239 247 170 178 114 169 177 170 276 276 
Ind1728 134 136 266 266 126 128 274 274 149 149 243 241 184 166 169 112 171 175 174 190 
Ind1562 134 144 266 268 122 130 277 274 146 146 243 243 176 174 112 110 166 168 280 180 
Ind139 142 134 266 266 116 126 274 274 140 146 241 273 176 180 114 112 170 170 170 178 
Ind1410 128 140 266 266 124 124 277 274 140 146 241 243 170 178 169 112 168 173 172 280 
Ind1793 134 140 266 266 124 126 274 277 146 146 251 267 180 178 173 116 169 168 276 270 
Ind994 144 134 266 266 122 130 277 277 155 146 243 255 180 176 169 112 169 170 176 276 
Ind547 132 138 266 268 128 122 274 274 140 134 241 241 176 172 114 165 168 171 176 270 
Ind928 128 132 268 266 122 126 274 274 155 167 243 243 184 178 177 110 171 172 178 168 
Ind706 138 150 266 266 124 124 274 277 146 134 241 243 170 186 114 171 169 179 190 172 
Ind1455 134 136 268 268 122 130 277 274 146 143 255 247 168 176 112 169 172 173 276 170 
Ind1252 134 130 266 266 130 126 274 274 146 146 241 239 154 176 167 110 172 173 274 170 
Ind1204 160 140 266 266 124 126 277 277 146 146 241 247 186 168 112 112 170 170 176 276 
Ind1813 134 134 266 266 122 130 274 274 140 143 255 241 180 172 167 114 172 172 172 276 
Ind624 144 134 266 266 124 124 274 274 143 140 229 247 184 186 167 175 170 174 174 276 
Ind411 138 130 266 266 122 126 274 277 146 140 241 255 162 176 114 171 168 167 172 178 
Ind1720 134 136 266 266 128 128 277 274 143 140 241 241 176 182 110 169 171 168 276 176 
Ind1334 134 142 266 266 126 126 277 274 146 146 267 243 172 170 112 114 169 169 170 278 
Ind1841 140 132 266 266 130 122 274 274 146 146 243 289 172 180 173 112 170 170 268 174 
Ind926 134 134 266 266 128 128 274 274 137 146 251 247 182 188 114 112 168 172 270 276 
Ind308 142 132 268 266 124 130 277 274 146 0 231 257 180 190 163 112 173 171 178 268 
Ind755 138 134 266 266 130 128 274 274 146 146 243 257 186 180 169 167 170 167 276 276 
Ind645 138 132 268 266 130 124 277 274 140 155 267 247 180 172 167 116 168 172 170 172 
Ind1269 144 128 266 266 124 122 277 274 146 149 241 241 168 178 167 173 168 170 176 174 
Ind31 144 134 266 266 124 122 277 274 146 137 243 241 168 182 110 167 170 168 276 176 
Ind153 132 140 268 268 124 124 274 277 149 134 235 255 180 172 169 169 174 170 172 276 
Ind1601 132 140 266 266 124 126 274 274 146 158 241 239 174 174 116 112 166 170 268 196 
Ind1772 128 144 266 266 128 128 274 274 140 134 267 241 172 174 112 114 170 175 268 178 
Ind1909 140 132 266 266 128 130 277 274 146 146 251 241 176 178 167 112 173 187 276 268 
Ind1864 132 134 266 266 122 130 274 274 164 146 259 273 172 168 112 177 167 187 172 276 
Ind1897 146 138 266 266 124 126 277 274 146 149 267 255 188 182 169 112 166 170 172 174 
Ind1509 140 144 266 266 126 126 274 274 167 143 269 235 170 182 171 112 177 169 276 276 
Ind471 138 138 266 266 126 128 277 274 167 146 267 269 176 192 169 112 169 187 176 198 
Ind1221 132 134 266 266 128 132 274 274 137 155 241 243 172 184 167 112 168 179 176 176 
Ind348 134 132 266 266 122 126 274 274 140 146 269 235 174 174 169 169 170 168 268 268 
Ind339 136 132 266 266 132 124 274 274 146 149 243 235 178 176 169 116 172 170 172 272 
Ind327 144 140 266 268 126 132 274 274 143 143 245 243 190 182 167 169 170 170 174 270 
Ind370 142 134 268 266 124 126 274 277 149 146 235 253 178 176 116 114 171 172 276 174 
Ind1958 134 140 266 266 126 126 277 274 182 146 247 243 176 154 112 112 170 170 170 280 
Ind1316 134 142 266 266 126 124 274 277 146 137 243 235 174 176 169 169 170 177 276 280 
Ind1145 138 134 266 266 126 128 274 274 146 149 243 247 174 178 177 167 170 172 268 170 
Ind525 144 132 266 266 124 124 277 274 140 149 247 257 172 174 169 165 173 195 174 276 
Ind1774 132 144 266 266 126 128 274 274 140 134 267 241 186 174 112 114 170 175 268 178 
Ind1725 132 128 266 266 124 126 274 277 143 134 269 259 172 176 108 112 169 168 174 280 
Ind1738 132 132 266 266 130 124 274 277 143 140 241 273 176 174 112 112 185 175 268 276 
Ind289 134 134 266 266 128 122 277 274 152 146 241 247 178 180 112 108 164 179 284 268 
Ind417 150 134 266 266 130 128 274 274 140 146 241 251 182 176 112 112 168 187 174 214 
Ind522 142 138 266 266 128 128 274 274 137 164 269 255 168 176 112 112 170 168 276 282 
Ind115 132 138 268 268 122 124 277 274 119 143 241 241 170 182 167 112 168 177 270 276 
Ind1075 134 138 266 268 124 122 277 274 152 119 255 247 182 182 169 175 168 170 276 274 
Ind641 140 132 266 266 126 124 274 274 146 146 269 247 184 176 112 108 172 171 280 292 
Ind1971 138 144 266 266 130 130 277 277 143 146 253 243 172 190 112 114 170 170 276 268 
Ind1859 134 138 266 268 130 130 274 274 149 140 247 245 188 172 118 112 177 167 276 172 
Ind1254 130 134 266 266 126 126 277 274 146 143 241 247 172 172 114 165 170 169 176 178 
Ind103 134 134 266 266 124 126 277 274 140 143 253 243 184 176 169 171 169 172 276 182 
Ind69 136 136 266 266 128 124 274 274 152 146 251 259 192 178 114 112 168 168 268 172 
Ind1141 132 134 266 266 126 126 274 274 146 146 243 255 188 178 169 169 173 170 176 190 
Ind979 144 134 266 266 128 124 274 277 134 146 251 241 172 182 112 169 173 170 174 170 
Ind1607 136 134 266 266 130 126 274 274 0 0 231 255 182 172 112 167 167 170 276 174 
Ind1015 140 134 266 266 130 124 274 277 146 149 243 247 178 174 171 114 170 170 268 176 
Ind1902 132 140 266 266 122 128 277 274 140 167 255 241 182 182 169 114 181 170 280 268 
Ind386 134 138 266 266 124 124 277 274 155 146 251 235 174 168 114 167 193 169 174 276 
Ind870 138 142 268 266 122 128 277 274 146 140 235 229 182 186 169 114 182 171 280 276 
Ind604 128 132 266 266 130 124 274 277 149 143 247 269 186 174 112 114 169 171 278 0 
Ind954 140 140 266 266 122 124 274 274 152 146 241 243 168 182 165 112 172 168 170 268 
Ind1292 142 134 266 266 126 128 274 274 137 146 231 255 172 176 112 112 172 168 170 170 
Ind1160 134 132 266 266 128 124 274 274 143 140 241 243 180 172 114 112 168 174 276 284 
Ind44 148 134 266 268 130 126 274 277 134 140 243 243 176 168 116 114 173 170 172 174 
Ind1669 140 132 266 266 126 124 277 274 146 134 241 241 174 178 112 175 170 172 278 176 
Ind1737 134 132 266 266 126 124 277 277 146 140 269 273 162 174 169 112 185 175 268 276 
Ind1682 146 132 266 268 124 130 274 274 146 146 235 267 180 186 112 112 170 170 268 174 
Ind1239 136 134 266 266 126 128 274 274 140 134 241 243 172 184 112 114 170 177 176 170 
Ind1176 142 132 266 266 128 124 277 274 146 143 235 243 170 174 110 167 0 0 172 176 
Ind1741 140 138 266 268 122 124 274 274 140 146 241 251 174 174 167 169 171 168 190 276 
Ind570 172 140 266 266 126 130 274 274 146 134 243 243 186 168 167 110 176 172 276 186 
Ind1575 128 132 268 268 130 126 277 274 146 140 241 243 170 184 163 116 166 185 214 276 
Ind1694 134 144 266 266 124 126 274 274 146 146 243 247 168 172 171 169 168 176 276 172 
Ind1332 134 132 266 268 124 128 274 274 146 149 247 247 172 162 110 112 170 168 276 276 
Ind1760 136 134 266 266 124 124 274 274 155 134 257 239 174 186 169 173 168 173 280 276 
Ind196 142 132 266 266 124 132 277 274 158 140 241 243 172 188 114 169 169 168 170 176 
Ind406 134 134 266 268 122 124 277 274 140 140 241 243 174 182 112 116 168 172 170 270 
Ind1408 138 140 266 268 124 130 277 274 155 146 235 251 174 180 112 167 173 171 172 280 
Ind422 136 138 266 266 124 128 274 274 155 155 269 243 176 182 112 112 170 169 270 176 
Ind249 132 134 266 266 128 130 274 274 134 146 243 235 184 170 169 112 169 170 214 280 
Ind1806 128 134 266 266 132 122 274 274 143 146 243 243 184 178 114 112 185 174 172 278 
Ind404 140 134 266 266 124 122 274 277 146 146 263 235 178 168 171 0 170 169 172 280 
Ind1295 134 132 266 266 122 126 274 274 143 137 243 241 178 172 110 112 170 173 268 178 
Ind1412 132 134 266 266 126 128 274 274 140 149 235 241 168 174 112 108 170 171 176 280 
Ind1458 138 134 266 266 130 128 274 274 176 179 241 235 172 182 114 169 169 176 280 174 
Ind13 142 134 266 266 124 128 274 274 146 146 243 241 188 176 112 169 175 174 276 268 
Ind270 138 138 266 266 128 122 277 274 143 140 241 241 182 172 171 112 166 172 172 170 
Ind1623 132 132 268 266 130 124 277 274 146 146 231 257 180 154 110 112 174 169 270 172 
Ind489 134 138 266 268 124 128 277 277 140 140 263 241 182 182 165 114 168 187 268 192 
Ind1035 134 142 266 266 126 128 277 274 149 140 247 235 186 172 112 112 170 171 280 280 
Ind1680 136 132 268 268 128 130 274 274 146 146 241 267 172 186 112 112 179 170 270 174 
Ind946 138 146 266 266 122 126 274 274 140 125 241 235 172 178 108 167 173 169 172 182 
Ind1322 142 138 266 266 124 122 277 277 143 146 235 253 174 174 114 167 168 179 174 270 
Ind499 128 134 266 266 124 124 274 274 146 119 243 241 164 182 112 169 170 171 188 268 
Ind1634 138 140 268 266 126 124 274 277 146 146 241 269 168 182 167 114 179 167 172 276 
Ind1907 134 136 266 268 128 126 277 274 140 140 235 243 172 172 114 167 173 177 268 176 
Ind1405 144 140 266 266 130 126 274 274 146 146 255 247 182 162 112 116 169 167 270 172 
Ind1153 134 134 266 266 124 126 274 274 146 176 235 255 196 172 173 173 170 173 174 270 
Ind1913 128 140 266 266 124 130 274 274 140 146 247 241 178 178 114 114 169 171 268 268 
Ind154 128 140 266 268 130 130 274 274 134 143 255 247 190 180 114 177 171 171 274 276 
Ind1235 132 132 266 266 128 126 274 274 143 134 241 235 176 176 169 114 167 170 270 268 
Ind1155 140 140 266 266 130 124 274 277 143 146 267 241 174 182 112 112 172 167 172 174 
Ind1712 144 134 266 266 126 126 277 277 152 167 243 249 178 168 177 171 171 168 276 276 
Ind880 134 140 266 266 124 126 274 274 134 140 241 241 168 178 171 169 167 173 168 276 
Ind169 134 134 268 266 124 128 274 274 167 134 239 245 190 178 112 167 169 181 276 276 
Ind1374 132 140 266 268 130 128 274 277 134 119 243 247 176 190 171 167 170 169 198 280 
Ind220 134 132 266 266 126 122 274 277 146 146 259 243 182 172 167 112 170 174 268 270 
Ind1932 134 128 266 266 126 126 274 277 164 134 241 243 178 180 112 112 171 185 274 270 
Ind1032 144 134 266 266 126 122 277 274 146 146 269 255 182 172 112 114 168 189 178 276 
Ind57 132 142 266 268 128 124 274 274 134 140 243 247 178 178 110 112 172 167 276 280 
Ind626 144 134 266 266 130 128 274 274 146 140 241 249 184 182 112 169 168 169 268 280 
Ind951 138 172 268 268 126 128 277 274 140 140 259 243 178 172 167 114 171 173 268 170 
Ind431 128 128 266 266 128 126 274 274 134 155 241 241 180 180 114 169 172 181 178 176 
Ind568 134 134 268 266 124 122 277 274 143 143 239 247 184 182 112 114 166 168 268 278 
Ind324 148 134 266 266 126 130 274 274 146 149 253 241 168 186 169 167 177 177 176 172 
Ind1574 132 140 266 266 124 126 274 277 149 137 243 255 186 154 112 112 174 169 172 270 
Ind413 146 134 266 266 122 130 274 274 119 134 243 243 174 178 171 110 170 175 172 270 
Ind618 132 134 268 266 128 126 274 274 176 146 247 247 172 188 181 114 169 169 274 282 
Ind188 140 134 266 266 130 128 274 274 146 113 261 241 174 186 169 167 169 169 268 178 
Ind1523 132 128 266 268 126 128 277 274 182 155 239 255 176 178 167 0 171 170 170 174 
Ind931 144 134 266 266 124 130 277 274 134 146 243 241 178 190 110 169 174 168 276 170 
Ind1261 138 134 268 266 130 126 277 277 146 149 253 255 168 172 112 169 190 169 278 276 
Ind1818 140 130 266 268 122 128 274 274 143 140 257 231 178 184 169 112 170 175 172 178 
Ind1192 132 134 268 266 126 128 274 274 167 146 251 239 176 176 0 0 169 169 268 270 
Ind1373 136 140 266 266 130 128 274 277 140 140 243 241 186 168 165 112 169 168 268 170 
Ind1544 144 134 266 266 126 128 274 277 146 134 243 241 174 168 169 112 170 173 276 276 
Ind466 140 140 268 266 128 128 274 274 143 170 239 241 174 184 169 112 170 187 176 276 
Ind911 132 140 266 266 124 132 277 274 143 176 249 251 170 176 112 167 168 173 270 172 
Ind936 134 134 266 266 126 124 274 274 164 146 239 241 180 178 114 167 168 168 276 190 
Ind1240 134 134 268 266 132 122 274 274 122 152 239 245 174 188 112 110 179 172 276 172 
Ind1555 134 132 268 266 126 124 274 274 119 140 243 249 172 176 167 114 169 173 170 170 
Ind972 132 136 266 266 126 124 274 274 140 143 249 241 184 176 167 169 168 170 278 276 
Ind26 134 130 266 266 124 132 277 274 140 146 247 241 182 170 112 173 168 187 268 270 
Ind583 144 134 268 266 124 122 277 277 146 134 243 243 170 178 110 108 169 168 178 268 
Ind815 136 128 266 266 126 122 274 274 143 146 251 247 184 178 167 167 170 175 174 268 
Ind248 138 144 266 266 122 124 277 274 155 161 243 269 174 154 167 169 169 175 282 276 
Ind1381 138 134 266 266 122 124 274 277 146 143 247 255 184 182 167 114 171 168 276 172 
Ind1420 132 132 266 266 128 124 274 274 143 134 241 255 174 178 110 167 166 187 174 172 
Ind175 136 150 266 266 122 128 274 274 137 134 267 241 172 176 110 167 172 169 278 282 
Ind913 130 138 266 266 124 124 277 274 149 113 241 249 170 180 114 167 171 168 172 268 
Ind206 132 132 266 266 130 126 274 277 140 146 241 243 186 172 112 167 171 170 170 276 
Ind234 134 128 266 266 124 122 274 277 146 143 243 247 168 182 108 169 169 164 172 268 
Ind1237 134 136 266 268 124 128 274 274 146 140 255 245 182 180 169 169 173 172 174 170 
Ind710 136 134 266 266 124 126 274 274 146 146 241 243 190 174 169 167 171 168 278 170 
Ind852 134 138 266 266 124 126 274 277 146 146 255 243 174 170 112 110 168 171 182 174 
Ind938 138 132 266 266 126 124 274 274 140 146 255 251 176 178 116 167 173 173 268 280 
Ind436 128 138 268 266 124 130 277 274 146 143 235 253 174 182 169 169 168 169 170 276 
Ind310 136 138 268 266 126 122 274 274 134 140 247 253 176 178 112 112 168 170 268 176 
Ind1744 132 142 266 266 124 124 274 274 149 146 241 241 176 180 114 114 174 172 268 276 
Ind438 144 138 268 266 126 122 274 274 146 143 249 241 180 172 112 112 171 173 274 172 
Ind1577 140 134 266 266 126 128 274 274 146 143 243 241 174 172 169 110 177 173 268 176 
Ind94 146 134 268 268 124 122 274 274 149 146 243 273 178 184 114 177 170 170 176 280 
Ind1875 134 140 266 266 126 126 274 274 140 146 247 231 174 182 167 169 168 169 176 282 
Ind1006 140 134 268 266 128 130 274 274 140 152 251 255 180 172 114 169 171 174 276 274 
Ind678 134 134 266 266 126 122 274 274 146 146 249 247 186 182 110 110 193 170 170 170 
Ind5 132 132 266 266 124 124 274 277 134 140 241 251 174 182 110 167 187 173 170 268 
Ind1554 134 132 268 266 126 124 274 274 146 140 245 249 172 176 167 114 170 173 268 170 
Ind1329 142 138 266 266 128 128 277 274 143 146 241 241 184 168 112 167 176 170 276 172 
Ind735 142 142 268 268 132 126 274 274 140 155 259 253 166 172 173 169 175 170 170 186 
Ind798 140 134 266 268 126 124 274 277 167 146 249 235 180 174 112 169 169 171 276 278 
Ind1949 138 140 266 266 122 128 274 274 149 146 247 247 188 174 110 112 170 171 268 268 
Ind1327 134 138 266 266 122 126 274 277 146 146 251 229 176 178 167 112 177 169 172 170 
Ind272 132 140 266 268 132 128 274 274 143 143 243 241 154 184 112 108 185 174 270 268 
Ind1613 144 132 266 266 124 126 274 274 146 143 255 235 178 172 169 112 187 170 172 190 
Ind1199 134 140 266 266 126 126 277 274 137 143 245 243 176 182 110 112 169 175 178 268 
Ind1478 132 160 266 266 132 126 277 274 134 146 235 241 178 188 169 110 171 173 176 274 
Ind189 128 134 268 266 126 124 274 277 146 146 241 241 170 178 167 112 175 171 268 176 
Ind556 136 132 268 266 124 124 274 274 140 146 257 241 168 180 112 169 179 172 176 170 
Ind773 132 128 268 266 124 132 277 274 146 140 241 261 184 170 114 165 168 172 178 170 
Ind653 134 142 268 266 126 126 274 274 146 146 249 255 172 168 112 169 171 175 174 268 
Ind1477 132 134 266 266 132 130 277 274 146 143 243 247 168 180 169 114 168 173 170 268 
Ind1127 132 132 268 266 130 128 274 274 146 146 267 241 166 154 110 173 169 171 170 178 
Ind960 132 144 266 266 128 130 274 277 146 146 241 241 172 168 112 169 177 170 272 276 
Ind1457 132 136 266 266 124 124 277 274 149 149 255 241 178 188 112 169 176 175 276 172 
Ind1213 132 138 266 266 126 130 274 274 134 155 243 251 172 178 169 112 175 168 276 284 
Ind824 140 130 266 266 126 128 277 277 155 134 239 241 172 186 112 114 170 170 276 280 
Ind1590 138 134 268 266 126 124 277 274 143 140 247 271 186 176 169 187 175 185 276 270 
Ind635 162 130 266 268 124 130 274 274 143 146 235 241 176 178 112 108 176 172 276 292 
Ind1304 140 138 266 268 128 132 274 277 134 140 241 267 176 176 167 112 193 187 276 268 
Ind1552 140 132 266 266 128 128 277 277 140 170 239 241 182 168 112 177 179 167 174 170 
Ind1637 140 144 268 266 130 126 274 274 146 146 241 241 180 166 169 167 170 173 280 276 
Ind1288 132 144 266 266 126 122 274 274 143 146 243 249 176 168 114 167 177 171 178 268 
Ind1315 134 140 266 266 124 124 274 277 140 134 243 235 178 170 169 167 173 166 182 170 
Ind1442 134 146 266 266 132 124 274 277 119 137 247 243 176 174 167 112 170 170 178 280 
Ind927 136 132 266 266 128 126 274 274 155 167 243 243 170 178 114 110 171 172 178 168 
Ind817 144 134 266 266 126 126 277 274 143 146 235 245 196 178 112 114 170 170 178 280 
Ind182 134 134 268 266 130 124 274 274 146 140 245 235 176 180 177 112 171 179 270 270 
Ind1181 142 134 266 266 126 122 274 274 146 146 241 235 188 168 112 112 167 187 172 172 
Ind1916 134 134 266 266 122 124 274 274 134 146 241 235 168 176 167 114 169 175 172 280 
Ind1912 132 128 266 266 126 120 274 277 143 125 235 241 176 184 163 114 170 169 270 270 
Ind199 132 132 266 266 122 124 274 274 146 146 241 247 172 180 169 169 170 175 170 274 
Ind1591 138 134 266 266 128 124 277 274 143 140 247 271 186 176 169 187 175 185 272 270 
Ind730 138 138 266 266 124 124 277 274 146 146 247 241 190 176 167 116 170 170 174 172 
Ind1616 132 136 266 266 128 130 274 274 176 140 243 251 174 176 114 167 170 171 268 170 
Ind729 144 134 266 266 130 128 274 274 125 125 241 251 176 164 114 114 168 169 276 280 
Ind595 144 138 268 266 124 124 274 274 146 137 235 235 178 182 112 112 170 172 172 272 
Ind1709 134 144 266 268 126 132 274 277 146 155 247 241 178 178 110 169 170 170 268 172 
Ind1049 134 140 266 266 130 128 277 274 146 146 261 251 162 180 114 167 171 168 174 276 
Ind922 136 134 266 266 126 130 277 274 134 134 241 251 172 178 112 167 170 171 170 280 
Ind1925 142 138 266 266 130 126 274 274 143 140 241 243 176 180 116 112 172 171 190 172 
Ind35 140 144 266 266 124 132 277 274 146 146 243 267 168 180 169 112 171 168 270 268 
Ind1255 130 134 268 266 126 126 274 274 146 143 255 247 172 172 167 165 170 169 176 178 
Ind711 142 134 266 268 128 128 274 0 146 146 241 255 154 184 112 114 172 170 280 268 
Ind1038 132 132 266 268 128 128 274 274 146 146 241 269 176 172 112 169 169 172 274 176 
Ind1594 134 134 266 266 126 124 277 274 143 149 241 247 170 176 169 112 168 170 174 170 
Ind459 132 132 266 266 128 124 274 274 149 146 253 247 180 170 167 169 177 167 172 276 
Ind632 138 130 268 266 126 124 277 274 149 146 257 243 180 178 112 110 166 170 268 176 
Ind515 132 140 266 268 126 124 274 274 146 143 241 243 176 182 112 114 170 173 276 268 
Ind1918 132 128 266 266 124 128 277 274 146 146 245 251 174 172 114 169 174 170 172 276 
Ind1908 150 140 266 266 126 128 274 274 119 140 241 247 172 188 169 171 169 170 170 0 
Ind601 136 144 266 266 130 130 277 274 146 119 247 255 176 172 114 112 173 169 176 276 
Ind1222 134 134 266 266 126 132 274 274 146 155 241 243 178 184 167 112 168 179 182 176 
Ind695 136 138 266 266 126 126 274 274 146 158 261 241 184 168 116 169 169 168 270 174 
Ind237 134 138 266 266 126 124 274 274 143 140 239 247 180 172 169 167 177 185 270 176 
Ind1090 134 132 266 268 128 124 277 274 134 146 243 241 182 172 169 167 172 175 276 176 
Ind1649 142 138 266 266 126 126 274 274 143 146 253 235 174 184 112 167 173 168 280 178 
Ind1665 140 138 266 266 126 126 277 274 119 146 241 235 168 180 167 114 167 167 278 270 
Ind1691 128 144 266 266 122 128 277 274 143 140 249 243 182 166 169 114 168 177 172 170 
Ind256 138 144 266 266 128 128 274 274 134 143 247 259 184 182 169 112 169 187 276 276 
Ind290 134 132 266 266 128 128 274 274 149 143 259 241 176 184 112 165 170 169 182 172 
Ind1850 132 142 266 266 124 124 277 274 140 146 241 255 172 182 171 167 170 173 174 172 
Ind1551 132 144 266 266 126 130 274 274 146 152 241 241 168 172 112 165 172 168 178 176 
Ind504 134 144 268 266 126 124 274 277 140 170 243 273 182 172 116 169 170 169 280 268 
Ind387 160 144 266 266 128 122 274 277 167 134 245 241 190 176 167 112 171 179 268 276 
Ind7 142 132 266 268 124 124 274 274 143 143 255 241 166 154 114 167 168 170 170 172 
Ind211 132 134 266 266 122 124 274 274 146 140 241 241 172 182 169 169 166 172 178 176 
Ind162 160 132 268 266 122 122 274 274 146 149 245 241 172 174 112 114 170 169 276 170 
Ind434 140 144 266 268 124 122 274 274 146 143 235 251 176 180 167 112 172 177 172 178 
Ind1545 132 140 266 266 124 126 274 274 146 0 241 243 168 182 112 167 172 169 278 170 
Ind1499 132 134 266 266 126 122 274 274 140 125 243 243 168 172 165 171 168 169 180 278 
Ind65 136 140 266 266 130 130 274 274 155 149 251 243 188 176 167 169 168 175 274 172 
Ind947 138 146 266 268 122 126 277 274 140 125 241 235 172 178 0 0 171 169 276 182 
Ind141 142 134 266 266 116 126 277 274 152 146 241 273 176 180 167 112 172 170 170 178 
Ind696 136 136 266 266 126 126 274 274 143 146 243 261 182 182 167 169 170 177 278 280 
Ind1361 130 138 266 268 130 130 274 274 146 119 243 243 178 176 112 165 170 179 170 170 
Ind1522 134 134 268 266 126 130 274 277 146 128 241 241 178 184 112 108 170 169 170 280 
Ind1688 140 134 266 266 124 124 274 274 146 146 241 241 186 180 108 167 167 172 268 182 
Ind1347 132 144 266 266 126 126 277 277 155 119 235 241 176 174 114 116 169 179 174 280 
Ind833 134 138 266 266 124 126 274 277 143 155 273 261 180 176 167 169 172 170 282 172 
Ind1229 146 132 266 268 130 128 274 274 140 140 241 253 172 186 169 169 170 169 172 270 
Ind1836 132 138 266 266 124 124 274 274 143 143 243 239 186 178 112 169 168 170 174 270 
Ind1092 138 140 266 268 128 130 274 274 146 146 241 247 172 174 112 112 168 168 276 280 
Ind758 134 138 266 266 128 122 274 274 143 143 257 235 190 178 110 167 169 170 176 178 
Ind378 132 140 268 268 130 128 277 274 146 140 259 245 186 154 112 110 168 177 170 174 
Ind186 132 144 266 268 124 130 274 274 146 137 243 251 168 174 177 112 172 171 176 284 
Ind1298 138 134 266 266 126 128 277 274 143 149 245 247 172 180 112 114 166 177 272 174 
Ind612 138 146 266 266 126 130 274 274 134 140 247 243 180 178 114 169 171 170 276 176 
Ind1666 136 172 266 266 122 122 274 274 143 146 245 243 170 170 169 169 177 168 268 280 
Ind1320 136 138 268 266 122 126 274 277 146 146 243 249 168 192 114 167 173 172 174 178 
Ind770 140 134 268 266 124 130 277 274 146 167 235 241 184 178 112 169 168 177 274 270 
Ind942 140 134 266 266 124 126 274 274 134 140 253 243 174 192 114 114 170 167 172 172 
Ind1753 134 136 266 266 132 124 274 274 146 146 261 251 172 178 177 116 170 173 276 272 
Ind1123 136 130 266 268 124 116 274 277 143 146 251 241 174 170 112 169 169 173 174 276 
Ind1365 132 138 266 266 132 124 274 274 125 146 247 243 186 176 108 167 168 175 276 276 
Ind442 140 140 266 266 126 126 274 274 146 149 251 243 178 176 171 169 177 179 176 276 
Ind584 142 136 266 266 122 126 277 274 140 140 243 249 182 176 112 167 171 169 176 268 
Ind1421 134 146 266 266 122 130 274 274 146 143 241 245 174 172 169 106 166 170 268 268 
Ind1697 134 132 266 266 126 130 274 274 146 143 235 243 180 182 175 112 167 185 268 276 
Ind1849 132 142 266 266 124 124 277 274 146 146 241 255 172 182 0 0 173 173 268 172 
Ind1426 144 144 266 266 130 130 277 274 146 152 245 241 180 172 112 169 169 168 280 174 
Ind1450 144 130 266 266 128 130 277 274 134 146 241 245 174 168 108 169 168 173 290 170 
Ind1612 132 132 266 266 128 130 274 274 143 146 251 257 170 180 169 169 168 169 268 282 
Ind1657 130 128 268 268 130 130 274 274 143 146 241 271 162 168 112 112 169 166 268 174 
Ind592 134 132 266 266 124 130 274 274 146 134 243 249 174 174 112 112 167 168 190 268 
Ind990 144 132 268 266 130 124 274 274 137 146 247 235 174 178 169 114 169 185 276 276 
Ind631 128 132 268 268 122 130 274 277 146 137 241 255 190 176 169 169 170 168 268 280 
Ind545 132 134 266 266 124 126 277 274 158 149 253 243 186 176 112 169 169 170 276 192 
Ind616 140 134 266 266 128 126 274 274 176 146 247 247 172 188 181 114 169 169 274 282 
Ind802 146 140 266 266 130 124 277 274 146 143 241 255 174 180 114 112 172 187 170 284 
Ind1646 138 138 266 266 128 130 274 274 143 146 243 247 168 182 167 114 176 169 268 170 
Ind677 140 134 266 266 128 126 274 274 143 146 251 241 184 178 169 116 170 174 280 174 
Ind1124 136 134 266 266 130 132 274 274 140 146 245 247 176 184 171 167 166 168 276 274 
Ind1778 144 144 268 266 122 124 274 274 140 134 251 243 178 180 114 169 174 166 172 268 
Ind1048 140 140 266 268 124 128 277 277 140 146 243 239 180 184 169 169 172 170 270 176 
Ind1422 138 132 266 266 126 128 274 274 146 143 241 243 172 182 169 110 177 169 172 280 
Ind1286 130 132 266 266 128 122 274 274 146 143 251 257 174 178 114 169 181 169 276 174 
Ind91 132 140 266 266 124 126 277 274 134 146 235 241 176 172 112 167 168 177 276 170 
Ind1789 138 136 266 268 124 126 274 274 146 146 241 243 184 172 169 112 171 193 280 280 
Ind1414 132 140 266 266 130 130 274 274 152 134 245 243 178 176 114 169 170 171 170 174 
Ind51 134 144 266 266 126 116 277 274 140 146 231 231 186 170 167 112 173 170 276 268 
Ind1939 130 138 268 266 124 130 274 277 134 146 243 235 184 182 112 171 170 171 276 278 
Ind1801 134 132 266 266 122 124 274 277 146 146 241 243 180 174 112 167 170 172 170 170 
Ind698 140 144 266 268 124 122 277 274 134 146 241 241 172 168 112 169 170 170 172 168 
Ind1558 142 132 266 266 126 126 274 277 134 146 241 241 182 174 116 169 175 171 172 176 
Ind1933 134 134 266 266 126 126 274 277 146 143 243 243 180 180 112 110 170 172 176 170 
Ind393 130 150 266 266 130 126 274 274 167 149 241 251 172 186 114 112 171 170 280 168 
Ind288 132 134 266 268 126 128 274 274 149 149 243 243 172 182 112 169 187 179 170 170 
Ind313 134 138 268 266 124 124 274 274 146 134 243 269 172 176 114 114 168 171 176 268 
Ind1230 144 134 266 268 124 124 274 274 143 134 241 235 172 170 167 112 169 170 174 280 
Ind105 136 134 266 266 128 130 274 274 140 134 243 269 172 172 110 169 170 169 276 280 
Ind479 140 136 266 266 130 130 274 274 155 140 255 241 182 182 165 114 171 172 172 268 
Ind134 132 138 268 266 126 126 274 274 140 146 245 247 174 180 169 112 174 171 276 170 
Ind1226 134 136 266 266 126 126 277 274 143 143 255 243 178 168 112 171 170 168 170 172 
Ind1451 134 130 266 266 128 128 277 274 146 152 235 243 186 178 167 169 173 172 268 172 
Ind1973 144 138 266 266 130 124 274 274 146 134 235 235 186 172 112 167 171 167 276 168 
Ind846 150 136 266 266 126 128 274 274 146 146 241 235 168 178 112 167 169 170 172 180 
Ind4 134 132 266 266 130 124 274 277 140 140 241 251 172 182 165 167 168 173 170 170 
Ind1143 142 132 266 266 126 126 274 274 140 152 257 255 174 164 114 112 169 169 176 276 
Ind1084 144 132 266 266 126 124 274 274 146 146 239 247 178 182 114 114 172 169 174 276 
Ind1212 136 132 266 266 124 128 274 274 149 134 245 247 178 190 112 167 170 170 268 276 
Ind1383 132 134 266 268 126 128 274 274 146 125 251 231 174 186 169 110 177 170 268 176 
Ind551 138 144 266 266 122 126 277 274 161 146 235 243 188 180 167 167 168 170 278 276 
Ind155 144 144 268 266 128 124 277 277 149 164 231 243 176 182 167 169 177 168 174 196 
Ind465 140 140 266 266 128 128 274 274 146 170 239 241 174 184 110 112 170 187 0 0 
Ind498 130 134 266 266 124 124 274 274 146 119 243 241 176 182 167 169 176 171 188 268 
Ind345 130 140 268 266 126 126 274 274 125 146 241 243 176 172 114 167 170 169 172 268 
Ind85 140 128 266 266 128 126 274 274 146 155 241 251 182 178 112 167 170 171 274 172 
Ind244 142 138 266 266 126 128 277 274 146 140 241 235 186 168 169 0 173 167 280 170 
Ind614 140 132 266 266 128 126 277 274 119 155 257 235 184 182 112 171 171 171 268 180 
Ind898 132 134 266 266 126 126 274 277 146 143 243 245 180 180 110 169 179 167 276 268 
Ind207 132 142 266 268 130 116 274 277 146 140 251 253 178 178 169 114 168 170 178 178 
Ind707 134 150 266 266 124 124 274 277 146 134 241 243 178 186 114 171 177 179 278 172 
Ind1945 144 140 266 268 128 126 274 274 146 140 251 255 186 178 110 110 168 169 276 270 
Ind1731 134 130 266 266 126 122 274 274 143 140 247 255 168 168 112 169 170 169 276 278 
Ind1103 134 160 266 266 128 130 277 274 146 113 243 243 180 178 169 116 168 170 268 174 
Ind881 134 132 266 266 130 130 274 274 146 146 267 269 180 178 112 173 170 170 176 276 
Ind1889 134 134 266 266 126 126 277 274 146 149 243 229 172 172 116 112 167 170 276 172 
Ind712 138 140 266 266 130 130 277 274 146 146 243 239 168 184 167 167 168 168 268 178 
Ind1467 140 140 268 266 124 122 274 274 134 143 241 235 174 168 112 116 175 168 176 172 
Ind759 134 140 268 266 126 124 277 277 137 134 241 241 168 180 167 167 177 176 270 276 
Ind839 132 142 266 266 124 128 277 274 134 146 235 267 186 192 114 169 172 169 276 268 
Ind1655 144 132 266 266 124 130 274 274 143 149 237 229 176 168 165 169 189 168 176 176 
Ind1271 140 144 266 266 122 126 277 277 134 143 247 251 176 180 171 173 168 172 284 268 
Ind1586 138 128 266 266 122 122 277 274 146 134 241 269 192 178 112 110 170 179 172 172 
Ind963 134 134 266 266 126 126 274 274 143 146 247 247 180 170 112 112 171 170 168 268 
Ind930 132 132 266 268 128 126 274 274 134 143 243 241 174 166 112 167 170 171 172 280 
Ind1519 140 132 266 266 128 126 274 274 143 149 241 241 176 176 112 110 168 171 186 172 
Ind1173 132 134 266 266 124 126 274 274 146 140 251 241 180 154 169 106 173 168 276 268 
Ind514 136 138 266 266 130 128 274 274 146 146 263 255 176 188 165 167 170 170 176 276 
Ind1635 132 132 266 266 122 124 274 277 143 146 241 235 172 170 112 173 170 170 178 278 
Ind1164 134 134 266 266 122 132 274 274 146 0 243 249 176 178 112 173 170 177 170 278 
Ind1734 142 138 266 266 128 126 274 274 146 134 247 269 172 182 169 173 181 172 282 172 
Ind1831 132 134 266 266 128 128 274 274 140 146 243 249 180 176 112 112 169 171 276 170 
Ind1996 142 142 268 266 130 122 274 277 146 143 255 245 178 178 169 112 173 170 276 268 
Ind147 138 134 266 266 128 116 277 274 146 149 259 247 184 172 169 167 171 174 280 174 
Ind1759 138 134 266 268 126 130 277 274 167 143 241 243 182 190 169 112 170 167 268 268 
Ind734 142 140 0 0 124 126 277 274 146 134 241 243 178 164 116 112 179 172 276 276 
Ind593 134 132 266 268 130 128 277 274 140 146 243 241 170 180 114 167 170 171 172 176 
Ind235 138 134 268 266 122 124 277 274 146 140 255 249 186 172 169 165 176 187 268 276 
Ind1217 132 130 268 266 124 128 277 277 143 152 273 253 176 174 167 112 166 168 272 172 
Ind1171 132 134 266 268 130 126 277 274 134 167 241 241 178 168 167 114 177 166 268 170 
Ind80 144 134 268 266 126 124 274 274 125 146 241 241 176 180 116 167 169 170 276 176 
Ind671 138 134 266 266 124 122 274 274 134 146 235 243 172 178 167 112 179 166 278 172 
Ind602 132 144 266 266 130 130 274 274 146 119 247 255 176 172 169 112 173 169 176 280 
Ind1800 144 140 266 266 130 124 274 277 140 146 243 243 176 168 110 116 168 179 280 178 
Ind834 138 144 266 266 124 126 274 274 146 140 243 247 174 176 167 167 171 168 268 170 
Ind832 146 140 266 266 130 128 274 274 149 155 239 241 180 188 112 112 168 170 174 176 
Ind325 132 132 266 266 122 130 274 274 140 146 235 243 186 176 175 112 174 172 270 270 
Ind1652 142 136 266 266 126 124 274 274 140 146 241 235 180 188 112 167 170 168 174 276 
Ind887 132 132 266 266 124 124 274 274 149 176 241 241 176 180 169 167 187 177 178 276 
Ind688 140 136 266 266 126 122 274 274 146 140 243 241 172 184 112 114 175 175 276 176 
Ind761 134 134 266 266 126 122 274 274 140 0 247 247 172 186 167 167 171 168 170 278 
Ind1976 134 134 266 266 130 130 277 274 146 152 243 251 176 172 112 112 175 174 268 270 
Ind1086 160 140 266 266 124 126 274 274 146 140 251 253 176 172 112 167 168 168 172 176 
Ind1843 142 138 266 268 128 124 274 274 146 140 241 243 188 170 114 114 170 172 278 174 
Ind1667 134 134 266 266 124 126 274 277 143 146 243 255 176 184 114 112 168 168 176 268 
Ind304 128 146 266 266 130 124 274 274 146 146 243 243 176 176 112 171 176 187 276 270 
Ind1507 138 140 266 266 128 124 274 277 143 146 243 251 174 176 169 167 169 175 172 168 
Ind1826 134 140 266 266 130 124 274 274 146 146 241 235 184 178 112 112 176 187 170 276 
Ind1210 144 140 268 268 126 128 274 277 140 140 243 243 178 174 114 114 173 179 170 276 
Ind1135 152 134 266 266 126 130 277 274 149 140 243 241 178 168 112 112 168 193 176 276 
Ind1981 128 134 268 268 126 126 277 274 140 146 241 243 154 172 165 114 174 176 176 172 
Ind513 132 132 266 268 126 124 277 274 143 143 241 261 176 176 167 167 168 176 174 172 
Ind1247 140 130 266 266 122 128 274 274 146 146 261 249 184 176 167 171 169 166 170 174 
Ind1319 136 134 266 268 128 128 274 274 146 134 241 255 188 180 167 112 169 166 276 280 
Ind553 134 134 266 268 130 130 274 277 134 134 241 243 178 180 112 169 158 173 268 170 
Ind1481 134 132 266 268 124 126 274 274 146 146 255 261 168 170 171 167 169 175 278 268 
Ind96 138 142 268 266 126 132 274 274 146 146 235 243 174 184 110 167 167 169 176 168 
Ind1206 134 142 266 266 126 122 274 277 146 146 235 241 172 172 169 112 179 172 268 268 
Ind775 140 134 266 266 128 126 274 277 137 146 269 235 176 184 110 112 172 179 170 170 
Ind450 134 136 268 266 128 124 274 274 134 161 235 247 176 174 171 169 168 172 280 170 
Ind950 132 172 268 268 126 128 277 274 140 140 255 243 170 172 112 114 170 173 268 170 
Ind1501 144 128 268 266 126 124 277 274 143 140 251 241 182 174 173 167 171 170 268 270 
Ind1814 152 134 266 266 122 130 274 274 140 143 255 241 176 172 167 114 177 172 172 276 
Ind1624 138 128 268 266 124 126 274 274 143 149 251 251 170 174 112 165 170 171 172 172 
Ind1033 134 144 0 0 124 128 274 274 152 140 235 253 180 180 167 114 169 170 268 276 
Ind399 138 134 268 266 130 130 277 277 143 149 247 259 174 174 167 114 168 170 276 172 
Ind673 132 132 266 266 124 122 274 274 146 146 241 247 178 190 112 112 172 187 276 276 
Ind830 132 142 268 266 126 124 274 274 146 146 251 255 182 176 173 171 168 168 172 270 
Ind851 136 136 266 266 128 132 274 274 146 140 241 249 178 172 112 112 170 170 0 0 
Ind360 132 140 266 266 126 124 274 274 143 143 235 241 178 168 173 167 171 168 168 280 
Ind818 144 134 266 266 126 126 277 274 146 146 233 245 192 178 167 114 172 170 178 280 
Ind679 134 132 266 266 122 126 277 274 146 143 235 243 182 184 167 116 168 177 276 172 
Ind1095 132 138 266 268 126 126 274 274 140 134 259 255 188 186 112 167 170 166 268 276 
Ind894 142 140 266 266 128 124 274 274 146 143 241 247 174 186 112 169 169 170 170 276 
Ind665 134 138 268 266 124 128 277 274 167 119 255 267 182 172 114 112 173 169 174 276 
Ind1588 134 134 266 266 128 124 274 274 140 146 241 243 174 182 112 112 179 172 176 172 
Ind724 140 130 266 266 126 128 274 274 155 143 241 231 168 172 116 112 169 171 198 276 
Ind251 134 134 266 266 126 130 277 274 143 143 245 261 182 176 112 169 174 179 268 170 
Ind1264 146 128 266 266 132 124 274 274 146 146 241 241 182 172 169 169 168 177 278 270 
Ind353 132 144 266 266 128 128 274 274 146 146 247 263 182 170 167 165 168 169 174 268 
Ind100 132 138 266 266 126 126 274 274 134 146 241 255 178 176 169 167 170 171 270 278 
Ind793 144 140 266 266 128 126 274 277 146 146 243 255 172 174 112 167 175 164 276 268 
Ind1816 132 134 266 266 126 126 274 277 143 140 259 243 180 172 171 167 177 169 280 276 
Ind380 134 140 266 266 128 122 274 274 137 146 243 267 178 182 169 167 170 169 274 270 
Ind1716 138 140 266 266 126 126 274 274 140 140 251 243 188 178 171 116 172 169 268 268 
Ind1253 138 128 266 266 126 124 277 274 146 140 235 243 184 178 112 112 168 170 172 174 
Ind1028 160 140 268 266 128 124 274 274 146 140 241 243 176 170 114 167 171 172 274 276 
Ind1967 140 134 266 266 124 116 277 277 155 140 241 255 182 178 169 169 181 173 270 276 
Ind656 138 134 266 266 126 124 274 274 146 137 261 243 182 196 169 112 169 181 268 178 
Ind574 140 132 268 268 132 124 277 274 143 140 269 289 178 178 169 112 173 171 280 268 
Ind1330 142 138 266 266 128 128 277 274 143 146 241 241 182 168 112 167 170 170 276 172 
Ind490 134 144 266 266 130 124 274 277 134 146 243 267 178 178 112 112 193 172 178 172 
Ind1112 132 144 266 266 128 130 274 277 146 146 255 247 154 182 169 165 170 168 268 172 
Ind861 138 132 266 266 130 126 274 274 146 146 243 243 172 186 114 114 179 187 276 268 
Ind1102 134 160 266 266 124 130 277 274 146 113 241 243 180 178 114 116 168 170 280 174 
Ind70 132 134 266 268 124 126 274 274 140 143 255 247 168 186 169 114 168 170 174 178 
Ind1700 134 132 266 266 124 122 277 277 146 134 251 243 180 182 169 167 181 179 190 172 
Ind1392 134 134 266 266 126 130 277 274 134 146 239 243 166 178 169 169 174 171 268 168 
Ind1539 134 134 266 266 130 126 274 274 146 143 251 261 176 180 0 0 172 170 270 172 
Ind1046 144 136 268 266 130 128 274 274 143 134 235 251 168 172 169 173 177 171 168 276 
Ind1672 132 132 266 266 126 126 274 274 143 143 249 257 178 168 167 120 171 170 176 274 
Ind1071 144 130 266 266 126 124 274 274 146 158 255 273 182 172 0 0 171 168 280 174 
Ind1183 144 134 266 266 124 126 277 274 179 146 251 243 186 184 169 171 171 187 276 280 
Ind1387 130 132 266 266 124 126 274 274 113 140 241 255 178 182 163 114 170 168 268 176 
Ind1215 138 140 266 268 122 128 277 277 134 146 249 243 170 180 171 169 169 170 172 270 
Ind1743 132 142 268 266 124 124 274 274 146 146 261 241 176 180 114 114 171 172 174 276 
Ind16 144 132 266 266 128 122 274 274 143 140 231 241 180 180 116 169 175 174 270 274 
Ind229 138 134 266 266 124 124 274 277 143 176 247 243 176 186 114 167 170 177 170 268 
Ind1872 172 134 266 266 122 128 277 277 146 146 241 241 176 178 169 112 177 170 176 178 
Ind921 136 134 266 266 126 130 277 274 149 134 251 251 172 178 112 167 173 171 276 280 
Ind1532 132 134 266 266 128 128 277 274 146 155 247 253 178 178 167 110 193 174 276 270 
Ind777 132 140 266 266 128 124 274 274 134 140 241 247 176 174 112 169 171 187 170 276 
Ind517 134 134 268 268 128 126 277 274 134 146 247 255 172 174 112 112 173 158 268 268 
Ind779 168 144 266 268 124 124 274 277 146 146 257 247 178 184 167 167 167 176 280 280 
Ind1673 132 132 266 266 124 126 274 274 143 143 249 257 178 168 114 120 171 170 276 274 
Ind1721 140 132 266 266 126 128 274 277 143 146 243 269 166 154 169 112 187 167 172 172 
Ind1963 138 136 266 266 122 126 274 274 119 134 255 251 178 172 112 112 171 170 170 268 
Ind1125 138 134 266 266 120 130 274 274 143 167 231 235 186 168 114 167 171 173 172 172 
Ind493 134 144 268 266 128 130 274 277 143 140 251 255 184 178 112 112 170 168 172 276 
Ind323 140 144 266 266 128 126 274 277 140 140 241 229 172 180 173 112 170 171 276 270 
Ind649 140 134 266 266 126 126 274 274 143 143 267 241 188 176 165 112 175 168 170 276 
Ind1382 134 132 266 266 124 124 277 274 149 143 241 241 182 172 167 112 169 172 276 188 
Ind1592 134 132 266 266 124 124 274 277 143 146 241 241 182 174 171 112 172 181 268 176 
Ind180 138 134 266 266 128 126 277 274 134 143 243 241 176 176 112 112 170 168 176 270 
Ind416 134 134 266 266 130 128 274 274 140 146 231 251 188 176 112 112 168 187 172 214 
Ind1828 146 136 266 266 130 128 277 274 146 143 243 235 178 178 114 167 170 175 174 170 
Ind1216 142 140 266 266 130 122 274 274 146 146 243 251 178 168 112 110 170 170 170 280 
Ind1020 128 138 266 266 124 124 274 274 143 140 251 253 168 172 112 112 172 176 176 172 
Ind1711 140 132 266 266 124 128 277 274 146 140 235 235 186 184 167 169 168 167 268 268 
Ind1180 136 134 266 266 124 130 277 274 158 146 259 243 178 176 167 118 177 171 176 268 
Ind1326 134 132 266 266 122 128 274 274 143 146 255 257 184 188 112 167 169 166 268 176 
Ind1130 138 138 266 266 122 124 277 274 140 143 255 255 180 182 171 171 177 170 178 276 
Ind1943 132 144 266 266 122 128 277 277 140 155 247 241 176 182 171 167 169 170 172 276 
Ind172 142 132 266 266 130 130 274 277 143 146 247 251 182 172 167 112 172 168 276 280 
Ind1036 134 142 268 266 132 130 277 274 134 140 243 235 172 172 112 112 169 171 276 280 
Ind1100 128 134 266 266 122 130 274 274 146 143 235 247 178 168 112 110 168 173 176 278 
Ind716 132 134 266 266 124 126 274 274 146 146 243 241 180 170 112 110 177 181 268 278 
Ind1279 138 140 266 266 130 128 274 277 146 146 235 231 186 178 112 169 170 179 268 278 
Ind1159 144 134 266 266 126 128 274 274 137 146 243 243 176 182 169 112 171 171 172 172 
Ind1862 132 144 266 266 132 130 277 274 140 149 257 247 178 172 112 112 169 172 172 176 
Ind1356 144 134 266 266 126 128 274 277 137 143 243 235 170 172 112 114 168 176 276 172 
Ind62 136 134 268 266 132 126 274 277 134 146 235 247 174 178 167 112 172 167 176 172 
Ind1283 134 134 266 266 128 128 277 274 143 140 243 269 182 174 171 169 168 173 172 272 
Ind1443 134 138 266 266 124 126 274 274 119 146 243 241 184 172 167 167 187 172 276 278 
Ind1121 132 140 266 266 128 130 274 277 146 146 273 247 174 172 112 112 179 173 172 276 
Ind226 134 140 266 268 126 130 277 274 140 146 243 243 174 180 167 173 169 167 176 178 
Ind322 132 132 268 266 124 128 277 274 143 146 241 247 174 176 169 112 170 169 174 172 
Ind282 134 140 266 268 124 126 274 274 152 143 241 253 170 168 173 114 170 173 176 170 
Ind1656 132 142 266 266 128 124 274 274 134 146 241 253 174 188 167 112 173 168 268 276 
Ind1954 132 132 266 266 122 130 274 277 140 155 241 241 178 180 114 169 171 172 172 268 
Ind1208 132 134 266 266 128 126 274 277 155 137 235 243 184 178 114 167 179 179 176 182 
Ind1348 144 132 266 266 124 122 274 274 149 125 267 235 178 178 112 112 173 172 172 180 
Ind1376 134 134 268 266 124 136 274 274 140 149 267 235 170 170 112 112 172 171 278 266 
Ind1815 136 140 266 266 126 136 274 277 146 161 235 243 190 172 167 171 172 169 182 276 
Ind1871 172 134 266 266 122 128 277 277 146 146 241 241 186 178 173 112 187 170 176 178 
Ind1299 138 134 266 268 130 126 274 274 146 176 259 249 154 182 167 114 168 170 268 178 
Ind464 144 128 266 268 126 124 274 274 134 134 241 243 168 176 173 167 168 179 280 270 
Ind461 128 138 266 266 130 124 274 277 170 146 241 269 178 182 112 167 170 169 176 268 
Ind1866 134 142 266 266 124 122 274 277 182 146 259 259 180 182 171 167 169 170 268 276 
Ind25 134 130 266 266 124 132 277 274 140 146 245 241 168 170 112 173 187 187 268 270 
Ind956 144 132 266 266 128 126 277 274 146 146 241 245 168 182 173 169 170 176 270 276 
Ind701 138 132 266 268 126 124 274 274 143 140 253 247 176 176 171 167 169 179 170 280 
Ind1166 130 134 266 266 126 124 277 274 146 134 247 241 176 190 112 169 168 169 188 172 
Ind74 134 138 266 266 128 128 277 274 146 140 243 241 192 178 112 114 172 172 174 176 
Ind502 136 132 266 266 124 126 274 274 140 158 247 235 180 168 171 167 170 170 268 276 
Ind681 140 138 266 266 122 126 274 277 155 146 251 241 182 176 114 112 171 173 272 280 
Ind610 128 134 268 266 124 124 274 274 140 113 251 255 168 172 171 112 172 173 268 280 
Ind340 144 168 266 268 128 124 274 274 143 140 241 251 180 170 167 165 170 170 176 170 
Ind446 136 134 266 266 124 122 274 274 143 155 241 243 176 176 167 112 168 170 170 168 
Ind655 134 138 266 266 124 130 274 274 137 137 241 261 182 174 112 112 169 168 174 170 
Ind783 132 140 266 266 122 122 274 274 134 146 255 257 182 168 112 112 187 175 276 172 
Ind1287 134 138 266 266 126 126 277 274 143 146 247 241 172 180 169 169 169 170 276 170 
Ind142 140 132 266 266 130 124 274 274 137 155 247 249 178 162 114 167 171 170 172 172 
Ind896 134 140 266 266 124 124 274 277 143 143 255 243 176 172 112 169 172 168 276 176 
Ind1991 134 134 266 266 116 126 277 274 143 158 235 241 186 174 112 167 171 168 276 172 
Ind1701 134 132 266 266 124 122 277 277 134 134 243 243 180 182 169 167 168 179 190 290 
Ind268 136 144 266 266 128 126 277 277 146 155 239 241 178 178 114 112 187 168 276 276 
Ind231 128 144 266 268 124 124 274 274 113 143 241 235 172 168 167 116 187 164 268 280 
Ind1080 140 134 266 266 124 124 277 274 146 170 241 231 172 180 116 112 187 169 276 282 
Ind713 138 140 266 266 126 130 277 277 149 140 247 241 172 168 108 167 169 174 174 268 
Ind482 144 144 268 266 126 126 266 274 158 146 243 251 178 180 169 173 173 181 276 276 
Ind902 140 138 268 266 124 122 277 274 137 146 243 247 172 174 169 169 169 168 276 268 
Ind1370 130 132 266 266 126 130 274 274 146 137 241 241 172 178 167 167 169 168 276 270 
Ind407 134 134 266 266 124 130 274 274 149 134 243 255 180 178 112 169 172 168 172 280 
Ind264 134 134 266 268 126 130 274 274 146 134 243 243 178 194 110 112 173 172 170 276 
Ind439 138 134 266 266 128 126 274 274 143 146 241 241 168 180 167 108 181 172 172 172 
Ind542 128 132 266 268 126 124 274 274 146 167 235 239 172 174 169 112 174 173 268 280 
Ind1660 136 144 268 266 124 124 274 274 146 134 255 241 168 170 112 116 168 168 176 170 
Ind952 132 134 268 266 124 128 274 274 140 137 235 261 178 184 112 169 172 171 280 268 
Ind1567 138 138 266 266 124 126 277 274 146 143 251 269 178 188 167 167 175 181 276 268 
Ind250 132 134 266 266 126 130 274 274 134 146 243 235 184 170 169 112 169 170 214 280 
Ind1469 134 132 266 266 122 126 274 274 155 143 269 251 168 180 171 112 170 168 172 268 
Ind1363 138 138 266 266 132 124 277 274 125 146 243 243 180 176 110 167 168 175 276 276 
Ind1722 140 132 268 266 126 128 274 277 143 146 243 269 184 154 112 112 187 167 282 172 
Ind372 136 142 266 266 126 128 274 274 140 140 235 241 172 154 110 165 171 187 172 278 
Ind903 144 138 266 266 124 126 277 274 146 140 257 243 178 184 110 171 173 187 170 268 
Ind897 134 140 266 266 128 124 274 277 149 143 241 243 176 172 114 169 172 168 276 176 
Ind871 132 132 266 266 128 126 274 274 170 143 243 241 178 176 114 112 167 168 280 280 
Ind1600 138 128 268 268 124 124 274 274 140 146 241 241 172 160 173 114 179 172 174 170 
Ind150 134 138 266 266 128 126 274 277 146 146 247 241 184 168 167 114 179 185 176 274 
Ind359 140 140 266 266 126 126 274 274 143 146 243 267 166 180 171 167 170 169 276 180 
Ind303 134 142 266 266 126 128 277 277 146 158 269 245 182 178 112 167 171 170 172 178 
Ind1154 134 142 266 266 130 122 274 277 143 143 247 235 186 172 114 112 173 185 270 274 
Ind167 140 132 266 268 126 124 274 274 149 140 251 255 184 186 114 175 167 174 268 174 
Ind114 134 142 266 266 128 124 274 274 143 146 243 241 172 186 110 114 169 169 280 268 
Ind857 132 140 266 266 130 124 277 274 140 146 247 243 180 184 169 112 174 169 276 280 
Ind975 134 146 266 266 124 130 274 277 143 146 243 255 172 178 169 173 181 170 174 268 
Ind1687 144 132 266 266 126 124 274 274 146 146 241 241 168 174 169 169 170 175 168 170 
Ind194 134 132 266 266 124 128 274 274 167 146 263 273 178 174 187 169 168 170 190 178 
Ind1840 134 138 266 0 128 130 274 274 143 149 239 245 180 180 169 169 176 170 268 270 
Ind400 144 140 266 266 124 124 277 274 134 140 243 269 172 180 169 112 173 170 170 174 
Ind168 142 128 266 266 126 124 274 274 146 146 241 241 166 168 165 114 170 170 178 176 
Ind986 132 132 266 266 130 126 277 274 134 146 247 241 176 182 167 169 175 175 276 178 
Ind1474 134 142 266 266 126 130 274 274 146 119 251 253 188 0 169 110 169 175 276 170 
Ind1281 134 132 266 266 128 126 274 274 134 146 243 255 192 182 169 112 172 169 268 168 
Ind1459 142 132 268 266 128 124 274 277 167 149 235 251 190 168 114 112 167 175 268 174 
Ind193 134 132 266 266 126 128 274 274 167 146 241 273 178 174 187 169 168 170 190 178 
Ind799 140 140 266 266 126 126 274 274 149 146 243 267 180 172 112 112 168 174 178 270 
Ind844 138 146 268 268 132 126 274 277 182 146 241 239 172 176 112 169 179 168 280 172 
Ind421 140 132 266 266 130 128 274 277 143 146 247 247 182 182 112 112 176 170 276 172 
Ind561 138 142 266 266 126 128 274 274 143 146 247 241 178 160 112 112 179 173 190 280 

0 0 !Probabilities that the father and mother of an offspring included in candidates
0 0 !Numbers of candidate males and females



0 0 !Number of known paternities

0 0 !Number of known maternities

0 !Number of known paternal sibships with unknown fathers

0  !Number of known maternal sibships with unknown mothers

0  !Number of offspring with known excluded paternity

0  !Number of offspring with known excluded maternity

0  !Number of offspring with known excluded paternal sibships

0  !Number of offspring with known excluded maternal sibships

