"Ind1970",134,146,128,122,277,274,134,146,247,239,178,176,177,171,172,178,276,276,147,147
"Ind812",142,140,124,128,277,277,140,161,255,243,174,168,167,167,166,168,280,278,147,147
"Ind1655",132,136,126,126,274,274,140,146,243,249,174,176,169,167,168,172,278,280,147,147
"Ind800",140,132,128,126,277,274,146,146,241,241,174,166,167,195,170,174,280,278,145,147
"Ind1984",140,140,126,126,277,277,146,146,235,0,188,176,169,169,168,172,276,276,147,147
"Ind1074",140,138,126,126,274,277,146,140,255,245,168,176,177,177,196,170,270,302,147,147
"Ind1732",132,132,122,130,274,274,146,146,241,255,180,176,167,169,168,176,278,276,147,147
"Ind1701",144,134,124,126,274,277,146,146,245,251,188,168,169,169,190,176,276,280,147,147
"Ind1479",142,132,124,126,277,274,140,137,261,235,180,178,169,165,158,172,278,268,145,147
"Ind868",134,134,126,130,274,277,146,146,241,257,178,178,169,171,170,0,268,268,147,145
"Ind1029",144,144,126,124,277,274,146,146,241,247,174,174,175,167,170,168,280,268,147,145
"Ind1687",134,144,126,122,274,274,146,140,257,241,178,176,167,169,172,178,280,276,147,145
"Ind934",128,134,128,128,277,274,143,140,235,255,180,178,169,167,172,170,268,276,145,145
"Ind1703",134,134,124,126,274,277,146,146,241,251,188,168,169,169,170,176,276,280,147,147
"Ind346",144,150,128,126,274,274,140,146,243,241,180,196,171,169,170,172,280,276,147,147
"Ind58",134,134,126,128,274,274,146,143,253,241,184,178,169,167,172,172,288,280,147,147
"Ind336",134,134,130,124,274,274,146,143,241,241,178,178,179,169,172,172,278,270,145,147
"Ind1261",144,130,132,124,274,277,134,146,241,249,178,180,169,167,168,170,276,268,147,147
"Ind1236",136,134,122,124,274,274,140,140,239,251,180,176,177,169,170,190,280,270,147,147
"Ind492",144,140,128,122,274,274,143,146,247,239,178,180,167,169,168,176,280,268,145,145
"Ind1244",138,132,126,124,274,274,149,146,235,259,172,172,169,169,166,168,276,282,147,147
"Ind433",144,134,126,126,274,274,140,146,235,241,174,180,169,173,176,172,276,268,147,149
"Ind1597",134,132,124,126,274,274,134,140,241,241,174,188,171,185,168,168,292,280,145,147
"Ind1882",134,132,130,130,277,274,146,146,243,243,176,182,169,177,188,170,296,280,149,147
"Ind1614",132,138,126,126,274,277,143,137,247,243,176,182,169,167,174,170,276,278,147,145
"Ind21",134,134,124,124,274,274,119,146,241,231,176,182,169,171,170,168,298,282,147,147
"Ind274",132,132,122,130,277,274,146,164,235,239,154,172,167,179,172,170,268,280,0,0
"Ind1925",140,144,122,130,274,277,146,146,247,235,174,172,181,169,176,170,276,276,145,147
"Ind1808",132,134,128,130,274,274,146,134,241,243,180,184,169,177,170,174,300,280,147,147
"Ind694",138,136,126,130,277,274,152,134,243,243,174,184,169,171,168,168,276,282,145,147
"Ind19",132,134,124,122,274,274,146,146,253,247,190,184,187,173,170,172,282,276,147,147
"Ind364",138,138,130,126,277,274,146,146,241,245,166,182,171,169,174,172,276,284,147,147
"Ind1027",134,144,126,130,274,274,134,143,255,243,184,178,171,169,178,168,268,278,147,145
"Ind146",134,134,126,126,274,274,146,140,243,249,172,170,169,175,174,182,268,276,149,147
"Ind840",136,128,124,124,277,274,143,143,247,275,176,194,169,171,168,168,280,270,147,149
"Ind645",140,134,122,128,277,274,143,134,245,249,170,182,171,169,170,172,284,276,145,145
"Ind1923",132,140,116,126,274,274,143,140,235,241,182,174,169,171,166,176,274,268,145,145
"Ind1990",144,132,132,124,277,277,134,143,231,243,168,170,177,169,172,168,268,270,147,151
"Ind267",134,172,124,122,277,277,140,146,243,241,182,178,167,189,168,172,278,276,147,145
"Ind1517",132,138,128,122,274,274,146,137,255,243,174,174,173,167,172,172,278,276,147,147
"Ind1671",134,140,128,126,274,274,155,146,241,241,176,186,177,171,170,174,280,276,147,145
"Ind283",140,172,128,124,274,274,125,152,289,251,172,184,175,169,176,176,276,276,147,147
"Ind299",172,160,128,130,274,274,143,143,255,241,180,176,185,175,170,170,280,268,145,147
"Ind80",134,166,130,124,274,274,140,146,257,243,178,188,169,175,172,170,294,280,147,147
"Ind1540",136,140,124,126,274,274,140,140,241,235,174,184,167,169,168,170,278,268,147,145
"Ind255",138,138,124,124,274,274,119,143,247,0,188,182,171,175,170,174,276,270,147,147
"Ind804",138,138,136,124,274,274,143,146,257,247,176,182,185,179,170,172,268,0,147,147
"Ind222",134,140,122,122,277,274,155,146,243,267,172,178,167,169,170,188,280,274,147,145
"Ind5",134,132,124,128,274,277,125,167,235,241,174,184,167,169,172,168,276,280,145,147
"Ind1801",132,134,128,124,274,274,149,155,247,239,188,172,167,165,170,170,302,280,145,147
"Ind1723",140,140,126,124,277,277,125,146,235,249,176,176,185,169,182,172,276,270,147,147
"Ind1847",140,132,122,130,274,274,146,146,247,241,184,172,169,169,172,174,276,276,147,145
"Ind528",132,140,130,126,274,274,140,146,265,247,174,166,167,169,174,172,268,280,145,147
"Ind1366",134,132,128,122,277,274,143,146,243,241,174,188,165,167,170,168,276,278,147,145
"Ind703",132,134,128,126,274,274,149,191,241,249,176,170,169,167,174,170,280,280,147,145
"Ind1150",134,138,126,124,274,274,146,146,243,261,172,176,169,189,174,172,276,294,147,145
"Ind1111",140,140,126,126,274,274,146,146,247,243,170,184,171,169,172,170,280,280,147,147
"Ind284",136,134,126,130,277,277,143,146,269,251,172,176,169,167,170,170,278,276,147,147
"Ind341",132,142,130,122,274,277,149,146,243,243,176,188,169,169,190,172,268,284,145,149
"Ind389",146,144,126,128,274,274,134,134,259,243,182,160,181,167,172,172,282,280,147,145
"Ind1528",128,134,124,124,277,274,146,146,235,241,180,182,167,167,176,176,278,282,147,149
"Ind348",134,134,124,124,274,274,152,143,267,243,182,178,177,171,174,170,280,270,147,147
"Ind101",132,134,124,130,277,274,143,146,243,241,176,168,167,167,174,174,296,276,147,147
"Ind748",132,128,126,124,274,274,149,146,243,253,178,172,171,165,168,170,270,294,145,145
"Ind1435",144,134,126,128,277,277,146,113,243,243,176,172,171,171,172,168,276,282,147,145
"Ind511",134,132,122,130,274,274,143,143,235,241,176,176,169,167,170,180,276,272,147,147
"Ind476",132,172,124,128,274,274,140,146,235,243,184,182,169,171,168,172,276,276,145,147
"Ind893",134,134,130,124,274,274,146,146,247,241,178,174,169,169,172,168,270,268,147,145
"Ind1965",134,132,126,128,274,274,149,146,251,241,176,168,179,177,196,190,268,294,145,147
"Ind878",146,144,130,130,274,277,137,140,251,249,168,186,167,177,174,176,278,276,147,145
"Ind583",138,166,122,124,274,274,146,158,253,241,176,170,169,187,170,170,272,268,145,147
"Ind942",138,134,126,132,274,274,146,146,251,247,178,154,171,165,172,182,280,276,147,147
"Ind1734",134,134,116,128,277,274,164,140,241,241,172,172,169,169,170,172,268,272,147,147
"Ind259",136,142,130,126,277,277,146,143,235,241,172,170,175,171,170,170,280,284,147,145
"Ind1151",134,144,126,122,274,274,134,146,267,239,172,186,177,173,174,170,276,268,147,147
"Ind1546",138,138,126,130,274,274,140,146,247,241,178,154,171,167,172,168,280,276,147,147
"Ind1599",146,132,126,130,274,277,146,197,0,0,172,174,193,183,176,174,280,276,145,149
"Ind1668",142,140,130,130,274,277,140,140,249,269,172,176,181,185,168,170,290,278,145,145
"Ind1001",134,134,126,126,277,277,134,143,255,243,174,176,169,171,174,170,270,280,147,147
"Ind815",136,134,124,128,274,274,143,119,259,251,176,174,167,177,172,182,276,276,145,145
"Ind1647",138,134,130,128,274,277,155,146,243,269,174,184,169,173,174,168,280,280,147,147
"Ind1464",132,132,126,128,274,277,137,143,231,241,162,172,167,171,176,174,296,268,145,149
"Ind998",144,140,126,126,274,274,155,149,241,235,174,170,0,0,176,168,294,280,147,147
"Ind1437",132,140,128,132,274,274,137,146,241,241,172,178,165,167,190,170,276,282,147,147
"Ind1608",132,138,128,122,274,274,146,146,257,241,172,168,173,165,172,174,296,280,145,145
"Ind820",140,134,124,132,274,274,146,140,255,247,172,188,173,167,174,170,278,280,145,145
"Ind1786",138,138,128,126,277,274,146,146,249,241,180,170,167,169,176,170,298,268,149,145
"Ind877",134,142,122,130,274,274,146,143,243,259,180,174,169,167,174,176,302,280,147,145
"Ind966",134,132,124,122,274,274,140,155,247,241,188,180,167,179,174,168,280,282,145,147
"Ind1427",134,138,116,124,274,277,143,149,241,249,168,188,169,175,182,170,274,280,145,147
"Ind1740",134,138,124,122,277,274,134,143,247,251,178,184,171,173,170,172,278,282,147,147
"Ind1950",136,136,122,130,277,277,140,146,247,247,180,168,167,163,172,168,278,278,145,0
"Ind1622",140,140,124,126,277,277,146,134,243,257,180,176,167,173,168,174,276,280,147,147
"Ind910",134,134,124,124,277,277,140,143,247,243,182,162,187,177,170,174,270,276,147,147
"Ind1579",138,132,122,124,274,274,140,146,241,255,180,178,169,167,170,174,270,268,147,147
"Ind422",140,132,132,122,274,274,143,146,243,263,174,176,169,169,170,168,276,280,145,145
"Ind1426",134,146,124,122,274,274,146,143,255,235,166,178,171,171,168,170,280,276,145,147
"Ind1358",132,132,126,130,274,274,146,134,253,243,176,176,167,171,168,174,280,276,145,145
"Ind903",136,140,124,124,274,274,146,134,243,241,176,172,169,177,170,172,280,268,147,145
"Ind1420",140,134,126,122,274,277,146,140,255,235,174,170,169,171,170,170,284,290,145,145
"Ind1993",142,134,124,122,274,274,134,140,235,247,188,180,171,169,176,170,280,268,147,145
"Ind558",144,132,130,130,274,274,140,134,255,241,174,176,171,171,170,172,276,276,147,147
"Ind1297",132,136,126,126,274,274,146,143,239,257,188,176,177,169,182,168,276,280,147,147
"Ind271",138,132,126,124,274,277,140,155,241,247,178,172,169,175,170,172,276,270,147,145
"Ind1719",140,128,124,130,274,274,143,146,235,241,174,170,169,167,168,170,276,276,145,147
"Ind450",134,134,126,126,274,274,155,134,241,273,172,180,169,173,170,168,276,276,147,145
"Ind1889",144,142,126,122,274,277,137,143,247,261,178,178,175,167,176,172,276,276,147,147
"Ind981",136,136,128,128,274,274,143,137,265,235,176,168,167,173,170,172,282,294,145,147
"Ind974",144,132,124,130,277,274,149,146,243,251,168,170,169,171,170,172,272,276,145,145
"Ind1219",132,138,128,130,274,274,140,140,243,245,172,182,171,187,176,176,280,276,145,147
"Ind489",138,134,124,128,274,274,146,140,247,241,172,180,169,173,170,176,280,280,147,147
"Ind628",134,132,130,124,274,277,146,134,241,243,180,184,175,173,170,170,284,278,147,145
"Ind127",132,138,128,124,274,274,143,134,247,243,172,172,171,171,166,168,276,268,147,147
"Ind1969",132,134,130,128,277,274,134,146,251,241,168,174,167,169,172,170,268,280,147,145
"Ind1787",144,138,122,124,274,274,140,137,249,243,172,178,167,169,170,170,276,276,147,145
"Ind1996",172,138,124,124,274,274,140,140,247,253,176,174,167,169,174,176,268,282,147,145
"Ind317",134,132,128,126,274,277,140,134,243,257,154,164,177,165,170,168,280,278,145,147
"Ind1128",134,132,132,132,274,274,146,140,231,243,172,178,169,173,170,172,280,268,147,145
"Ind1465",142,140,124,126,277,274,140,143,251,249,182,170,169,169,176,170,302,302,145,147
"Ind1986",134,134,124,122,274,274,149,137,273,267,178,188,177,169,170,176,268,276,147,147
"Ind1405",136,132,128,124,274,274,140,140,255,247,174,178,179,169,196,172,268,280,147,147
"Ind577",138,136,124,126,277,277,119,143,243,251,174,172,169,175,174,180,282,276,145,147
"Ind1423",132,144,124,130,274,274,143,134,239,229,170,180,167,167,172,172,280,282,147,147
"Ind1850",144,138,122,126,274,274,146,146,251,241,182,182,167,193,170,176,268,276,147,145
"Ind310",134,134,124,128,274,274,143,143,243,247,178,180,187,173,170,168,268,284,149,147
"Ind836",142,138,122,124,274,274,140,113,251,241,176,166,173,167,176,176,268,282,147,147
"Ind1408",136,130,124,126,277,277,146,167,239,243,182,194,171,171,172,168,270,280,147,145
"Ind1582",140,132,124,130,274,274,146,146,253,239,168,176,173,169,168,170,280,272,147,145
"Ind507",140,140,130,126,274,277,146,134,235,241,172,172,171,169,172,170,278,276,145,145
"Ind1434",140,140,124,130,274,277,146,152,0,0,178,176,167,167,176,170,270,274,145,147
"Ind309",140,138,128,130,274,274,140,146,243,233,182,188,167,167,172,172,284,280,145,145
"Ind1587",132,148,126,130,274,274,140,140,279,235,176,170,169,167,168,168,296,280,145,147
"Ind376",144,134,130,128,274,274,146,143,251,251,172,190,165,167,166,172,292,270,147,147
"Ind562",152,132,124,130,277,274,143,143,243,243,176,176,169,169,168,174,280,280,147,145
"Ind1946",144,132,124,124,274,274,146,134,249,243,174,172,169,169,170,172,270,282,147,147
"Ind212",132,134,128,126,277,277,146,119,241,247,180,188,173,169,172,172,274,270,145,149
"Ind999",144,134,122,126,277,274,155,167,235,239,170,188,171,167,190,170,276,268,147,145
"Ind1877",134,140,126,132,277,274,146,143,255,259,178,180,165,167,170,172,282,276,147,145
"Ind289",134,140,124,126,274,274,155,146,267,255,172,178,169,169,170,170,280,278,147,147
"Ind900",144,142,124,130,274,274,137,146,261,251,184,176,173,169,168,192,278,284,147,147
"Ind498",134,134,126,126,274,274,119,146,241,251,186,170,175,167,168,170,276,280,147,147
"Ind1052",132,144,122,124,277,274,119,146,235,243,172,176,175,167,168,166,284,280,147,147
"Ind1659",134,134,122,124,277,274,152,146,241,241,174,166,169,167,172,170,268,282,145,147
"Ind366",134,132,128,122,274,277,146,146,247,255,178,170,177,169,172,176,278,280,147,147
"Ind663",134,134,124,130,274,274,143,125,253,247,176,180,173,167,170,172,280,280,147,147
"Ind993",132,144,126,124,277,274,137,146,255,269,180,176,169,171,172,172,276,276,145,145
"Ind1712",142,134,130,124,274,274,140,149,241,241,178,178,169,187,170,0,280,294,145,147
"Ind279",142,136,122,130,274,274,140,146,247,249,154,178,173,173,170,172,278,280,147,147
"Ind1985",134,136,122,128,274,274,143,134,247,241,184,180,169,173,170,172,276,278,145,147
"Ind1223",134,146,130,128,274,274,182,146,235,255,166,174,167,163,170,172,276,276,147,147
"Ind439",132,134,124,130,274,274,152,146,247,251,168,154,169,171,168,172,280,268,147,147
"Ind1090",144,144,124,130,274,274,146,146,239,241,186,194,179,177,170,170,276,280,147,147
"Ind1842",144,138,122,122,274,277,143,146,243,269,168,180,169,0,170,174,294,278,147,147
"Ind769",132,140,126,126,274,274,143,146,257,241,174,180,171,171,170,176,280,274,147,147
"Ind1047",138,144,126,126,274,274,134,146,235,243,164,190,177,169,170,170,280,280,147,147
"Ind857",134,132,130,122,277,277,146,134,241,241,168,170,169,169,172,170,280,278,145,145
"Ind381",134,134,124,126,274,274,125,134,241,249,178,186,169,169,168,170,284,274,145,147
"Ind1790",134,134,116,126,274,274,140,140,241,253,174,188,169,173,170,170,280,268,145,145
"Ind292",132,144,126,124,274,277,140,143,241,251,166,184,167,169,172,170,276,278,145,149
"Ind149",134,132,128,124,274,277,146,134,241,241,174,182,169,173,172,168,280,276,147,145
"Ind1914",144,152,128,126,274,274,143,134,229,247,192,178,169,173,176,170,278,276,145,147
"Ind622",138,140,126,124,274,274,146,146,243,243,190,176,167,173,168,172,280,280,149,145
"Ind1845",132,134,126,128,274,274,164,134,241,243,174,174,171,171,174,170,280,280,145,147
"Ind1708",134,134,126,122,277,274,146,146,243,241,180,174,167,185,172,174,276,270,147,147
"Ind1958",144,134,132,124,274,274,146,143,261,243,186,180,171,169,168,168,276,276,145,147
"Ind1833",130,152,126,124,277,274,146,146,269,235,176,184,173,175,170,170,276,278,145,151
"Ind459",148,146,130,128,277,274,143,143,243,241,172,182,169,169,176,174,268,268,149,147
"Ind177",134,144,124,126,277,274,146,146,249,235,188,170,171,169,182,170,284,278,147,147
"Ind61",132,130,124,128,274,274,146,143,241,243,174,182,171,167,170,192,272,278,147,147
"Ind347",140,132,132,126,277,277,143,146,241,235,178,180,171,169,172,168,276,268,145,145
"Ind1327",138,128,122,122,274,274,149,140,235,247,168,170,173,169,168,170,270,302,145,149
"Ind121",144,134,124,122,274,274,170,146,269,235,180,168,169,173,170,170,282,276,147,145
"Ind384",132,134,126,126,274,277,146,140,243,249,174,178,171,171,170,172,276,276,147,145
"Ind670",138,128,124,126,274,277,146,134,243,241,178,170,171,173,170,168,276,280,147,145
"Ind831",140,134,128,130,277,274,143,155,251,241,180,172,169,175,170,168,268,276,147,147
"Ind623",134,132,124,126,274,274,140,146,255,241,178,172,169,173,168,170,280,268,147,147
"Ind1928",134,134,122,130,274,274,146,140,247,251,178,186,167,167,172,172,278,276,147,147
"Ind1669",134,140,126,124,274,274,140,143,249,235,184,176,187,171,170,174,276,278,147,147
"Ind35",140,138,124,124,274,277,146,149,241,241,174,190,169,169,172,170,286,280,145,147
"Ind151",168,136,124,130,274,277,143,146,243,261,182,186,169,167,170,170,268,268,147,147
"Ind354",142,136,124,122,274,274,140,164,243,255,172,176,171,171,168,172,276,276,147,147
"Ind817",138,136,128,126,277,277,146,146,235,255,170,180,169,171,172,176,280,280,145,147
"Ind1631",136,132,126,124,274,274,140,146,243,255,164,178,171,169,170,172,276,298,147,147
"Ind538",134,140,128,128,274,274,143,140,243,241,174,174,171,167,168,172,280,276,147,147
"Ind1532",160,136,126,124,274,274,146,146,241,247,172,180,171,167,168,176,294,276,145,147
"Ind1425",140,146,126,122,274,274,146,143,255,235,166,178,187,171,168,170,280,276,0,0
"Ind1473",130,138,130,130,274,277,146,146,241,239,172,180,169,173,170,168,280,294,145,147
"Ind644",134,140,124,126,274,274,152,140,247,241,172,166,167,169,174,174,276,300,145,147
"Ind1497",134,134,128,124,277,277,158,140,241,251,168,172,169,169,176,168,298,276,149,145
"Ind1060",132,142,130,128,274,274,134,146,243,235,180,162,167,167,172,170,268,280,147,145
"Ind1589",132,132,130,124,274,277,146,143,243,235,178,188,175,167,170,168,278,302,147,147
"Ind303",138,134,122,126,274,274,140,146,235,243,182,168,173,173,172,178,276,280,147,145
"Ind1653",134,140,128,130,274,274,146,146,255,241,176,182,173,167,172,172,272,280,147,145
"Ind1508",132,140,130,126,274,274,146,155,239,247,178,172,173,169,170,168,276,276,147,147
"Ind757",138,138,124,128,274,274,146,146,241,247,178,176,171,177,186,176,280,276,147,145
"Ind315",138,134,128,124,274,277,119,119,243,241,178,182,175,181,170,168,270,274,145,147
"Ind1515",128,134,122,126,274,277,158,176,231,249,166,178,171,171,170,170,282,276,147,147
"Ind689",138,134,126,130,274,274,146,140,245,269,190,168,173,169,172,176,302,278,147,145
"Ind324",132,134,128,126,274,274,140,143,241,245,180,176,179,169,176,168,268,268,145,147
"Ind1298",138,132,126,128,274,274,146,140,247,239,168,176,167,169,170,178,280,276,145,147
"Ind300",134,136,124,124,277,274,146,146,231,255,172,170,169,181,176,172,278,268,147,147
"Ind169",134,138,124,126,274,274,134,140,249,247,172,176,175,169,170,172,276,276,147,145
"Ind54",144,142,130,124,274,274,146,140,241,249,172,174,169,169,172,166,276,278,147,147
"Ind112",134,132,128,130,274,274,149,140,239,259,168,168,169,169,172,190,280,270,147,147
"Ind22",134,138,124,122,277,274,146,146,241,245,172,172,175,169,170,170,270,268,147,147
"Ind1402",134,144,126,126,274,277,143,146,243,241,172,176,167,169,170,176,276,268,145,145
"Ind1204",138,134,122,122,274,274,134,143,243,241,174,154,173,171,182,172,280,276,147,145
"Ind1931",134,138,126,126,274,274,146,155,243,241,184,174,169,169,176,172,294,278,147,147
"Ind627",132,142,128,128,274,274,146,146,255,259,182,176,167,167,178,176,280,276,149,145
"Ind1536",132,136,122,124,274,277,146,140,241,253,180,176,169,167,172,170,276,0,147,147
"Ind1182",132,136,128,130,274,274,143,134,245,241,178,168,165,169,170,168,280,276,147,147
"Ind1432",166,132,122,132,274,277,146,143,243,245,172,174,171,167,170,174,278,280,147,147
"Ind143",142,134,130,130,274,277,146,146,243,237,170,174,179,165,178,172,276,280,145,145
"Ind1058",134,132,130,124,274,277,143,143,241,241,178,180,167,177,170,170,276,280,145,147
"Ind178",132,132,124,124,274,274,134,143,235,255,186,176,167,197,168,168,268,280,147,147
"Ind650",132,140,124,128,277,274,146,140,235,241,180,170,171,169,168,168,276,274,147,147
"Ind739",134,144,124,124,277,274,134,137,243,243,176,172,0,0,170,168,274,270,147,147
"Ind1600",134,138,130,126,274,274,113,146,247,241,182,176,167,167,174,174,280,280,145,147
"Ind1728",144,142,124,128,274,274,143,158,259,255,184,180,169,167,176,168,276,280,145,147
"Ind1356",142,132,122,124,274,274,143,146,255,243,172,186,171,167,172,174,276,280,145,147
"Ind220",132,138,128,126,274,277,146,137,249,243,174,174,167,169,166,176,276,276,149,149
"Ind711",140,140,124,132,277,274,143,143,243,241,182,190,167,167,170,172,278,272,147,147
"Ind1634",134,140,128,122,274,274,140,140,247,247,184,172,163,171,174,170,280,284,147,147
"Ind1613",138,134,124,124,274,274,140,146,241,241,184,178,167,185,172,170,272,276,145,145
"Ind1233",136,138,124,128,274,274,146,146,255,229,176,178,169,171,172,170,284,276,145,147
"Ind1904",144,132,126,124,277,274,146,134,261,241,184,168,169,171,166,176,280,274,147,147
"Ind1721",132,132,124,126,277,274,146,146,267,243,172,172,167,187,176,168,270,280,149,147
"Ind1737",132,140,132,128,274,277,146,146,253,251,184,180,187,169,172,172,268,276,145,147
"Ind468",132,136,126,130,277,274,149,146,241,239,186,176,169,171,170,168,278,300,147,147
"Ind1403",132,138,126,126,274,277,146,146,259,243,168,168,169,171,168,170,280,282,145,147
"Ind302",134,142,124,124,274,277,149,146,243,259,178,172,167,173,174,170,276,284,145,147
"Ind919",136,144,126,130,274,274,143,146,243,235,180,172,167,165,180,172,270,282,147,145
"Ind1870",132,134,128,128,274,277,119,146,269,257,174,184,167,169,172,170,268,280,149,145
"Ind218",144,138,130,132,277,274,146,146,255,241,172,178,179,175,170,170,276,280,145,147
"Ind360",132,132,126,128,274,274,140,134,239,247,174,174,169,167,168,168,268,0,149,147
"Ind1475",138,132,128,124,274,274,146,155,241,235,172,154,173,167,170,168,276,270,145,147
"Ind295",138,132,130,122,277,277,146,146,235,243,176,176,169,169,166,172,268,272,145,147
"Ind2000",130,134,126,126,274,274,146,140,251,247,168,172,173,179,174,172,280,280,145,147
"Ind1773",136,144,124,130,274,274,146,146,243,241,182,178,165,169,176,172,280,280,145,145
"Ind1011",144,142,130,126,274,274,146,143,247,235,182,192,171,167,172,170,274,278,147,147
"Ind995",144,134,128,128,277,274,113,137,235,243,176,176,187,169,178,172,280,280,147,147
"Ind545",134,128,128,126,274,274,140,143,243,241,178,176,169,171,168,170,276,278,147,145
"Ind1474",140,132,122,126,274,274,146,146,251,247,172,180,169,167,172,176,272,268,145,147
"Ind679",132,144,126,124,277,274,152,146,243,243,180,182,177,167,170,172,280,270,145,147
"Ind1279",132,134,122,124,274,277,140,134,251,243,178,178,167,169,168,178,276,276,0,0
"Ind724",128,132,130,126,274,274,143,134,255,253,174,176,169,177,182,172,276,268,147,145
"Ind313",144,132,122,128,274,277,122,158,251,243,166,180,171,173,168,170,276,280,147,147
"Ind1206",132,132,126,124,274,274,140,155,241,241,170,174,169,169,168,172,280,276,145,149
"Ind972",132,138,128,124,274,274,140,146,243,267,180,196,169,171,172,172,276,276,151,145
"Ind1848",132,138,128,126,274,274,134,146,241,265,174,178,167,169,172,170,268,280,147,147
"Ind1657",136,134,122,126,277,274,140,134,257,243,184,182,171,171,174,176,268,270,145,145
"Ind456",132,134,124,132,274,274,146,143,247,257,182,180,169,171,170,172,276,280,145,147
"Ind1570",142,132,124,120,274,274,146,143,247,243,174,176,167,167,168,172,280,280,147,147
"Ind723",134,130,126,122,274,274,140,140,243,245,176,172,171,169,174,166,284,282,149,149
"Ind1103",136,138,128,124,274,274,143,146,241,243,180,178,167,169,0,0,280,270,147,147
"Ind1751",134,144,124,124,277,274,146,146,241,239,180,182,167,171,172,174,290,280,145,145
"Ind749",132,132,124,126,274,274,146,134,241,243,174,178,193,169,178,172,276,276,145,147
"Ind233",132,134,126,130,274,274,146,140,263,241,180,182,169,167,168,174,278,276,147,147
"Ind1576",134,144,128,124,274,274,146,146,235,235,180,170,177,173,170,176,280,280,145,145
"Ind201",134,142,128,124,274,274,140,140,249,257,176,180,167,169,170,168,276,278,145,147
"Ind1980",138,132,130,126,274,274,143,155,263,257,172,170,173,173,172,168,276,278,145,147
"Ind828",144,136,126,122,274,274,152,143,235,255,180,172,171,179,176,176,280,278,147,147
"Ind1453",134,134,124,130,274,274,146,140,241,235,182,176,169,173,170,168,276,296,147,145
"Ind506",132,132,132,128,274,274,140,134,239,255,172,178,171,169,172,170,280,302,147,147
"Ind842",140,138,128,124,274,277,146,140,255,259,176,176,169,167,194,176,280,274,147,147
"Ind869",140,136,126,126,274,274,146,140,243,245,182,170,167,169,168,168,296,280,147,147
"Ind18",134,138,124,124,274,277,143,146,255,241,166,172,169,163,176,168,268,282,145,147
"Ind530",140,140,130,130,274,274,140,137,241,241,168,170,193,169,174,180,276,276,147,145
"Ind135",132,138,128,130,274,274,149,146,255,241,174,182,169,169,170,170,278,292,147,145
"Ind30",134,140,124,126,274,277,140,146,247,259,176,184,165,173,170,170,280,280,147,147
"Ind192",142,138,124,126,274,274,143,134,243,243,176,164,169,169,168,168,280,274,147,147
"Ind556",132,136,124,126,274,274,134,140,243,245,176,176,169,171,168,170,280,278,147,145
"Ind808",130,140,128,124,274,274,146,146,245,249,182,180,169,177,174,168,280,270,147,147
"Ind871",138,138,126,124,274,274,143,134,255,239,170,178,167,169,172,170,280,270,145,147
"Ind386",138,132,126,126,274,277,146,149,251,241,176,184,177,187,176,172,276,276,147,147
"Ind781",144,130,122,130,274,274,146,146,241,235,182,178,175,167,172,170,278,268,147,147
"Ind199",134,134,124,126,274,274,143,140,241,235,172,170,169,169,174,174,276,280,147,147
"Ind676",134,144,124,124,274,274,134,140,235,251,174,172,175,177,172,172,282,292,147,147
"Ind430",140,132,122,130,277,274,146,146,241,241,176,172,169,169,172,172,270,268,147,147
"Ind1939",140,140,124,126,274,277,134,146,243,231,176,170,167,169,172,168,282,278,147,149
"Ind434",144,134,130,126,277,274,146,146,239,241,162,180,169,173,170,172,276,268,147,149
"Ind681",140,146,126,116,274,274,143,140,269,235,178,178,167,173,170,168,300,278,145,147
"Ind1776",142,134,126,124,277,274,146,146,243,247,184,174,169,195,170,174,270,268,145,147
"Ind677",134,144,124,124,274,274,134,140,241,251,174,172,169,177,172,172,282,292,147,147
"Ind327",132,140,132,126,274,274,143,140,231,247,188,186,169,171,172,170,280,276,147,145
"Ind2",138,134,124,124,277,277,146,119,251,247,172,174,169,179,168,170,270,268,147,147
"Ind206",138,134,130,130,274,274,146,134,243,235,178,164,181,169,196,172,270,280,147,145
"Ind1803",136,138,124,126,277,274,149,146,243,255,176,170,169,173,172,168,276,280,145,147
"Ind1714",136,134,130,124,274,277,143,149,249,241,180,176,171,169,172,178,280,276,145,147
"Ind1306",132,134,128,122,274,277,149,140,243,247,176,172,167,169,176,170,276,280,147,145
"Ind606",132,134,128,122,274,277,146,143,241,247,164,174,185,167,172,176,276,276,145,147
"Ind1468",140,132,124,126,274,274,143,134,259,259,176,174,177,167,170,178,268,270,145,145
"Ind1400",132,134,130,122,277,274,146,143,243,243,166,192,173,169,168,176,280,296,147,147
"Ind675",134,132,130,130,274,277,143,155,251,255,170,170,169,169,174,172,276,280,145,147
"Ind648",132,132,128,124,277,277,146,146,269,253,180,174,167,169,168,168,276,280,147,145
"Ind463",134,132,126,122,277,274,146,119,243,243,178,182,169,167,168,166,276,276,147,147
"Ind147",132,130,128,124,274,274,146,167,243,231,172,172,169,171,168,170,268,280,145,147
"Ind1519",140,132,122,126,274,274,149,146,241,251,168,168,169,171,172,176,270,278,147,147
"Ind1195",134,138,130,126,277,274,140,146,243,243,180,176,167,177,170,170,272,276,147,145
"Ind1424",134,132,130,122,277,274,146,140,241,257,172,182,171,169,172,174,280,268,147,147
"Ind1804",140,138,124,122,277,274,143,146,245,243,176,168,177,169,174,168,276,276,147,147
"Ind1625",140,132,126,128,277,274,146,140,253,241,182,186,169,167,170,174,276,268,147,147
"Ind160",140,132,124,122,277,274,146,146,243,241,172,172,175,169,174,170,276,280,147,147
"Ind76",140,134,126,124,274,277,146,146,243,241,172,188,169,169,170,176,268,280,147,145
"Ind198",134,142,128,130,274,277,140,143,269,239,180,174,191,173,168,170,276,276,145,147
"Ind948",138,144,124,128,274,274,134,140,243,251,178,186,173,171,170,170,280,280,147,147
"Ind304",134,138,132,124,274,274,140,146,263,241,180,174,167,167,172,168,276,276,145,145
"Ind1452",134,134,124,130,274,274,146,140,249,235,182,176,169,173,170,168,276,296,147,145
"Ind1106",160,132,124,124,277,274,146,140,241,241,178,176,167,171,172,174,276,276,145,147
"Ind923",138,140,126,124,274,274,146,143,243,279,176,180,169,177,178,172,280,276,147,145
"Ind1704",144,132,124,126,274,274,140,140,241,237,180,174,169,167,176,170,276,276,147,147
"Ind1679",144,140,128,128,274,274,140,113,241,247,184,178,169,171,176,180,270,270,147,147
"Ind1300",132,134,122,128,277,274,146,146,261,249,174,182,169,167,176,168,276,280,145,145
"Ind1301",132,128,128,130,274,277,146,143,251,235,180,180,171,169,170,172,268,302,147,147
"Ind907",134,132,128,124,277,274,146,134,255,243,174,180,179,165,168,172,268,276,147,147
"Ind393",130,132,132,124,274,274,146,146,239,247,180,170,167,169,174,176,278,276,145,147
"Ind599",128,134,126,130,277,277,146,134,241,241,176,166,169,169,168,168,280,280,147,147
"Ind379",144,132,128,128,274,277,140,140,253,245,170,182,165,167,172,180,276,298,149,145
"Ind1200",172,132,122,122,274,277,134,143,241,241,174,176,169,169,176,174,276,280,147,145
"Ind1685",132,134,130,124,274,274,149,143,241,251,182,184,179,171,168,168,276,268,147,147
"Ind179",134,134,124,132,274,274,149,134,249,247,176,174,169,173,168,170,278,282,147,147
"Ind75",138,134,122,126,274,274,146,155,243,253,176,184,171,175,168,172,276,280,147,145
"Ind1938",140,144,126,126,274,274,146,146,235,247,172,174,171,169,0,0,280,276,145,145
"Ind1627",140,138,126,122,277,277,146,182,237,267,184,176,177,171,172,168,294,278,147,145
"Ind265",152,144,124,130,274,277,167,146,273,243,170,178,169,167,174,172,278,276,145,147
"Ind1155",132,134,132,126,277,274,143,140,247,249,176,168,177,165,170,170,268,280,145,147
"Ind1893",134,134,124,128,274,274,143,140,247,243,180,168,169,169,180,170,268,270,147,145
"Ind429",144,144,124,124,274,274,143,146,235,237,176,178,169,169,172,172,270,268,145,147
"Ind480",164,132,128,130,274,274,146,146,235,259,174,178,175,173,170,168,276,268,145,147
"Ind671",134,134,126,126,277,274,146,134,243,241,170,176,185,169,170,174,276,298,145,145
"Ind420",132,132,132,130,274,274,140,134,269,241,172,178,169,169,170,170,296,276,147,145
"Ind77",128,138,126,130,277,274,143,146,269,255,176,180,169,169,170,170,276,280,147,145
"Ind128",128,138,126,124,274,274,134,134,251,243,172,172,169,171,166,168,280,268,147,147
"Ind1406",144,132,126,132,274,277,146,146,267,255,180,172,169,167,170,178,282,280,147,147
"Ind1890",160,144,124,128,274,274,134,155,245,241,176,178,169,177,168,170,278,280,147,147
"Ind1838",138,132,126,130,277,274,119,140,247,249,180,182,171,167,170,170,280,276,149,147
"Ind579",132,136,130,126,274,274,140,143,241,255,178,184,169,167,172,170,270,270,145,147
"Ind590",132,134,124,126,274,274,155,146,233,257,184,178,167,169,170,176,280,276,145,145
"Ind139",132,134,128,128,274,274,149,143,247,241,170,180,165,169,168,0,276,280,145,147
"Ind1971",134,138,126,124,274,274,146,170,247,269,178,172,167,171,172,170,280,280,147,149
"Ind1178",132,140,130,126,274,277,140,146,235,271,172,180,169,187,172,170,268,282,149,145
"Ind809",132,134,122,126,277,274,146,149,247,245,176,182,169,167,170,168,276,276,145,147
"Ind652",146,132,130,124,274,274,146,137,235,231,174,188,173,167,168,172,276,270,145,145
"Ind231",140,132,124,126,274,274,146,146,257,241,174,174,167,169,176,168,276,276,147,147
"Ind779",134,132,126,124,277,274,143,140,235,241,168,174,169,169,168,172,278,278,147,145
"Ind1343",134,140,126,126,274,274,146,137,241,231,180,174,175,167,170,172,280,280,147,147
"Ind1639",132,144,124,130,274,274,191,161,243,241,182,178,171,169,170,172,268,276,147,147
"Ind168",134,138,126,126,274,274,149,140,249,247,168,176,171,169,180,172,276,276,147,145
"Ind392",132,132,132,122,277,274,143,140,251,235,184,182,173,171,170,170,284,278,147,147
"Ind1677",138,134,128,126,274,274,140,155,255,235,172,172,169,171,174,174,280,280,147,147
"Ind1756",134,136,128,124,274,274,146,146,0,0,180,182,169,0,172,172,272,276,0,0
"Ind1194",144,144,126,130,274,274,146,119,241,243,186,172,169,167,170,170,276,276,145,147
"Ind374",144,134,124,126,274,274,155,140,255,241,178,184,171,199,170,176,280,276,147,147
"Ind1621",134,142,124,124,274,274,146,146,243,243,164,172,175,169,176,168,280,302,147,147
"Ind853",140,142,128,124,274,274,113,146,245,243,180,176,173,173,174,168,276,272,147,147
"Ind922",132,138,128,126,277,274,143,146,277,243,180,176,167,169,170,170,276,276,147,147
"Ind1670",138,138,128,122,274,277,146,140,241,243,182,172,175,173,170,170,276,280,147,147
"Ind1527",134,134,124,126,274,277,140,146,249,239,178,176,167,169,176,174,278,298,147,147
"Ind549",136,134,126,126,277,277,140,146,267,243,178,174,167,187,172,170,284,284,147,147
"Ind1177",136,136,124,130,274,274,140,146,235,241,178,172,177,171,178,0,278,280,147,147
"Ind111",134,132,128,130,277,274,143,140,239,259,168,168,169,169,170,190,280,270,147,147
"Ind1467",132,132,126,126,274,277,140,143,243,235,172,176,173,167,172,170,274,284,149,147
"Ind1143",134,132,130,126,274,274,146,146,245,243,178,184,173,185,190,168,276,280,147,149
"Ind1069",134,134,132,126,277,274,137,143,243,251,176,178,177,179,172,190,272,270,149,147
"Ind1903",138,140,130,128,274,277,146,143,243,235,170,186,171,167,170,178,282,298,147,145
"Ind646",134,140,124,124,274,274,146,137,249,267,192,180,169,173,172,172,296,294,147,147
"Ind1319",142,138,124,128,274,274,134,143,247,251,176,178,169,173,166,168,282,280,145,147
"Ind1226",134,138,124,122,274,274,140,152,249,243,178,182,173,169,174,168,272,276,147,147
"Ind1651",132,138,132,122,274,274,149,146,255,241,176,172,167,171,168,174,276,276,147,147
"Ind1780",132,140,122,130,277,277,146,143,241,241,180,178,171,177,170,190,268,268,145,145
"Ind1717",142,132,122,122,274,277,140,143,251,249,172,182,167,169,176,174,268,276,147,145
"Ind1869",134,138,126,124,277,274,146,125,249,233,172,176,175,169,186,174,278,270,147,147
"Ind385",140,132,132,124,274,274,140,146,241,241,182,176,173,167,174,166,268,268,147,147
"Ind1429",134,144,122,124,277,274,143,134,243,241,182,180,167,191,174,174,282,280,145,147
"Ind710",138,134,128,126,277,274,155,146,241,247,168,178,167,169,192,172,268,276,147,147
"Ind1973",138,146,130,126,274,277,146,146,241,241,176,184,173,165,174,170,278,276,149,145
"Ind50",140,140,128,122,277,277,137,143,241,235,178,190,171,175,174,170,276,274,147,145
"Ind1360",144,140,124,126,274,277,137,134,251,243,164,170,173,167,172,166,270,276,147,147
"Ind1494",140,134,130,130,274,274,146,143,255,241,184,176,167,167,176,170,272,276,147,145
"Ind1680",138,134,130,124,274,274,119,149,247,241,182,170,177,169,172,170,280,268,147,145
"Ind1637",144,132,128,122,274,277,143,143,249,289,178,170,169,167,170,174,270,270,147,147
"Ind36",142,142,126,130,274,274,146,140,243,243,176,170,179,171,172,170,268,276,147,147
"Ind1707",132,138,124,128,274,274,146,143,241,239,182,182,169,167,170,170,276,302,147,147
"Ind13",144,132,124,124,274,274,191,146,243,255,182,172,167,167,172,170,280,280,147,147
"Ind1042",132,134,128,126,274,274,146,149,243,241,184,178,169,177,170,172,268,286,147,147
"Ind1376",136,134,124,126,277,274,125,155,245,253,178,182,177,169,170,174,274,280,147,147
"Ind1266",134,132,128,126,274,277,143,146,247,269,180,174,169,177,0,0,280,276,147,145
"Ind1909",138,132,128,128,274,274,134,146,235,251,164,170,171,167,168,176,276,268,147,147
"Ind262",132,130,122,130,274,274,140,152,247,253,176,172,189,169,166,0,280,270,147,147
"Ind1051",134,134,122,128,277,274,146,146,241,241,172,176,169,181,176,172,268,268,145,147
"Ind1353",132,136,126,124,274,277,134,140,251,241,186,162,169,169,174,168,276,280,147,147
"Ind1299",132,134,122,128,277,274,146,146,259,249,174,182,167,167,168,174,276,280,147,145
"Ind665",134,132,128,124,274,274,140,146,241,235,174,182,173,167,174,168,268,276,147,145
"Ind1880",132,132,124,126,277,277,146,143,255,239,192,174,173,171,176,170,268,268,145,145
"Ind884",132,132,128,122,274,277,143,152,257,241,172,178,171,169,196,180,270,268,147,147
"Ind1481",138,132,124,126,274,274,146,146,241,241,184,168,171,171,168,172,278,270,145,147
"Ind1887",142,148,130,130,274,277,158,146,263,241,160,178,169,167,180,172,280,268,147,147
"Ind390",146,144,126,128,274,274,134,134,259,243,176,160,181,167,172,172,282,280,145,145
"Ind1502",134,132,122,124,274,274,146,146,243,251,176,176,171,167,174,168,268,268,147,147
"Ind1558",136,132,126,124,277,274,143,140,241,255,170,170,173,169,168,168,280,278,147,147
